0.0 354 0.272
0.272 80 0.273
0.272 819 0.137
0.409 52 0
0.545 419 0.136
0.681 135 0
0.681 773 0.273
0.818 774 0.136
0.954 577 0.136
0.954 410 0.136
1.227 436 0.273
1.227 324 0.273
1.227 20 0.273
1.5 276 0
1.636 515 0.136
1.636 227 0.136
1.909 197 0.272
1.909 102 0.272
2.181 528 0.137
2.318 751 0
2.454 286 0
2.454 655 0.273
2.59 413 0
2.727 503 0
2.863 814 0.137
2.863 301 0
3.0 661 0
3.0 312 0
3.136 184 0
3.272 59 0
3.272 894 0
3.409 460 0
3.545 251 0
3.545 530 0
3.681 711 0
3.818 446 0.272
3.818 880 0.136
3.818 872 0.136
4.09 85 0.273
4.09 872 0.273
4.09 410 0.137
4.363 219 0
4.363 356 0.273
4.636 890 0.273
4.636 619 0.136
4.772 595 0
4.909 436 0.136
5.045 823 0
5.045 427 0.273
5.181 373 0.137
5.318 650 0.136
5.318 594 0.136
5.59 241 0.273
5.59 403 0.273
5.59 483 0.273
5.863 53 0
6.0 63 0.136
6.0 744 0.136
6.136 798 0
6.272 375 0
6.272 233 0.273
6.272 784 0.273
6.545 893 0.136
6.545 738 0.136
6.681 72 0
6.818 564 0
6.818 665 0
6.818 738 0.272
6.954 380 0
7.09 261 0
7.227 78 0
7.227 44 0.136
7.363 66 0
7.363 317 0
7.5 108 0
7.636 861 0
7.636 429 0
7.772 198 0
7.909 2 0
7.909 219 0
8.045 320 0
8.181 555 0.137
8.181 101 0.546
8.181 182 0.137
8.454 28 0.273
8.454 253 0.136
8.454 70 0.136
8.727 777 0.136
8.727 21 0.273
9.0 792 0
9.136 726 0
9.272 334 0.137
9.272 65 0.273
9.545 340 0
9.681 767 0
9.818 619 0.136
9.818 135 0.272
10.227 311 0
10.363 567 0.137
10.363 869 0.137
10.636 518 0
10.704 67 0
10.772 184 0
10.84 870 0
10.909 680 0.272
10.909 392 0.136
11.045 879 0
11.181 702 0
11.318 485 0
11.454 876 0.136
11.454 368 0.273
11.59 559 0
11.727 264 0
11.863 1 0
12.0 773 0.272
12.0 430 0.136
12.136 19 0
12.272 890 0
12.409 200 0
12.545 803 0
12.545 744 0.273
12.545 349 0.136
12.818 88 0
12.818 49 0
12.818 113 0
13.09 195 0.137
13.09 189 0.273
13.363 830 0
13.5 35 0
13.636 820 0
13.636 369 0.273
13.636 566 0.136
13.772 138 0
13.909 861 0
14.045 875 0
14.181 681 0.137
14.181 749 0.273
14.318 368 0
14.727 149 0
14.727 639 0.273
14.727 160 0.136
15.0 296 0
15.0 402 0
15.272 567 0
15.272 91 0.137
15.272 302 0.273
15.409 419 0
15.545 247 0
15.681 557 0
15.818 48 0
15.818 78 0.136
15.818 278 0.272
15.954 390 0
16.09 831 0.137
16.227 18 0.273
16.227 87 0.273
16.363 555 0
16.5 572 0.136
16.636 471 0
16.636 695 0.136
16.772 55 0.137
16.909 832 0
16.909 626 0.272
16.909 565 0.272
17.181 559 0.273
17.181 290 0.273
17.454 413 0.136
17.454 65 0.273
17.727 116 0.273
17.727 251 0.136
18.0 43 0
18.0 771 0.272
18.0 592 0
18.136 730 0
18.272 310 0
18.409 45 0
18.409 855 0
18.545 318 0.273
18.681 219 0
18.681 482 0
19.09 119 0.273
19.09 56 0
19.09 201 0
19.363 445 0
19.363 133 0
19.636 779 0
19.636 793 0
19.636 278 0.273
19.772 170 0
19.909 648 0
20.045 653 0
20.181 380 0
20.181 118 0.273
20.181 760 0
20.318 354 0
20.454 844 0
20.59 541 0
20.727 812 0.273
20.727 431 0
20.727 822 0
20.863 820 0
21.0 180 0
21.136 169 0
21.272 794 0
21.272 623 0.273
21.272 266 0
21.545 810 0
21.545 534 0
21.613 686 0
21.681 771 0
21.75 455 0
21.818 643 0
21.818 685 0.272
22.09 892 0
22.227 564 0.273
22.363 744 0
22.363 587 0
22.5 272 0
22.636 212 0
22.636 420 0.273
22.772 858 0
22.772 417 0
23.045 753 0
23.045 735 0
23.181 626 0.273
23.454 890 0
23.454 699 0
23.454 793 0
23.59 687 0
23.659 584 0
23.727 451 0
23.727 53 0
23.863 865 0
24.0 130 0.272
24.0 15 0
24.0 233 0
24.136 843 0
24.272 290 0
24.409 537 0
24.409 199 0.272
24.545 865 0
24.681 561 0
24.818 390 0
24.818 614 0.136
24.954 816 0
24.954 525 0.136
25.09 164 0.273
25.09 542 0
25.363 805 0.273
25.363 653 0
25.636 239 0
25.636 560 0
25.636 113 0
25.909 298 0
26.181 142 0.546
26.318 690 0.272
26.454 587 0.546
26.59 502 0.273
26.727 713 0.545
26.863 382 0.137
27.0 621 0.272
27.136 425 0.273
27.272 686 0.546
27.409 305 0.545
27.545 120 0.136
27.681 722 0.273
27.818 20 0.272
27.954 247 0.409
28.09 96 0.273
28.227 470 0.136
28.363 463 0.409
28.5 119 0.409
28.636 628 0.409
28.772 707 0.818
28.909 12 0.136
29.045 124 0.273
29.181 285 0.137
29.318 880 0.136
29.454 366 0.409
29.59 667 0.41
29.727 789 0.682
29.863 118 0.273
30.0 599 0.272
30.136 205 0.273
30.272 884 0.273
30.409 437 0.136
30.545 366 0.273
30.681 812 0.273
30.818 518 0.409
30.954 438 0.273
31.09 349 0.273
31.227 231 0.409
31.363 68 0.273
31.5 228 0.409
31.636 801 0.273
31.772 741 0.137
31.909 704 0.545
32.045 449 0.273
32.181 311 0.273
32.318 31 0.136
32.454 886 0.273
32.59 118 0.137
32.727 429 0.341
32.863 134 0.205
32.931 375 0.137
33.0 296 0.545
33.136 70 0.273
33.272 238 0.273
33.409 89 0.272
33.545 782 0.273
33.681 142 0.273
33.818 69 0.409
33.954 734 0.273
34.09 338 0.273
34.227 160 0.409
34.363 764 0.273
34.5 888 0.272
34.636 849 0.273
34.772 475 0.137
34.909 545 0
34.909 187 0.545
35.045 628 0.273
35.181 281 0.137
35.318 703 0.272
35.454 423 0
35.454 426 0.409
35.59 670 0.137
35.727 827 0.273
35.863 497 0.137
36.0 658 0
36.0 395 0.545
36.136 322 0.273
36.272 531 0.137
36.409 23 0.272
36.545 349 0
36.545 601 0.273
36.681 542 0.409
36.818 811 0.136
36.954 667 0.136
37.09 246 0
37.09 272 0.41
37.227 669 0.273
37.363 429 0.137
37.5 876 0.545
37.636 239 0
37.636 468 0.136
37.772 423 0.273
37.909 403 0.136
38.045 882 0.136
38.181 753 0
38.181 848 0.409
38.318 665 0.409
38.454 729 0.136
38.59 494 0.273
38.727 786 0
38.727 804 0.273
38.863 372 0.273
39.0 560 0
39.0 854 0.136
39.136 701 0.136
39.272 277 0
39.272 896 0.273
39.409 621 0.272
39.545 605 0.136
39.681 899 0.273
39.818 861 0
39.818 395 0.272
39.954 312 0.273
40.09 111 0.273
40.227 519 0.409
40.363 3 0
40.363 665 0.546
40.5 651 0.136
40.636 79 0.136
40.772 85 0.273
40.909 376 0
40.909 176 0.272
41.045 850 0.136
41.181 552 0.137
41.318 635 0.136
41.454 124 0
41.454 732 0.546
41.59 566 0.137
41.659 0 0.204
41.727 21 0.136
41.863 335 0.273
42.0 406 0
42.0 533 0.272
42.136 347 0.273
42.272 564 0.273
42.409 601 0.272
42.545 877 0
42.545 249 0.409
42.681 379 0.273
42.818 55 0.272
42.954 235 0.273
43.09 547 0
43.09 208 0.137
43.227 619 0.273
43.363 492 0
43.363 441 0.273
43.5 412 0.136
43.636 810 0.273
43.909 770 0.136
44.045 694 0.136
44.181 900 0
44.181 456 0
44.181 494 0.273
44.454 294 0.136
44.59 658 0.137
44.727 46 0
44.727 7 0
44.727 495 0.136
45.0 687 0.272
45.272 334 0
45.272 193 0
45.272 51 0
45.545 61 0.136
45.681 523 0.137
45.818 818 0
45.818 323 0
45.818 527 0.272
46.09 816 0.137
46.227 318 0.273
46.363 895 0
46.363 128 0
46.5 573 0.136
46.772 230 0.273
46.909 84 0
46.909 799 0
47.045 610 0.136
47.181 111 0.137
47.318 857 0.272
47.454 778 0
47.454 681 0
47.59 650 0.137
47.727 423 0
47.727 525 0.136
47.863 379 0.137
48.0 256 0
48.0 795 0
48.0 330 0.272
48.272 242 0.137
48.409 110 0.272
48.545 685 0
48.545 419 0
48.681 335 0.137
48.954 573 0.273
49.09 156 0
49.09 250 0
49.227 408 0.273
49.5 32 0.272
49.636 89 0
49.636 825 0
49.772 815 0.137
50.045 278 0.136
50.181 895 0
50.181 66 0
50.181 301 0.273
50.454 133 0.136
50.59 285 0.273
50.727 608 0
50.727 807 0
50.863 115 0.137
51.0 670 0.136
51.136 765 0.136
51.272 498 0
51.272 121 0.273
51.409 650 0.409
51.545 351 0.136
51.681 218 0.409
51.818 816 0
51.818 245 0.136
51.954 656 0.273
52.09 449 0.273
52.09 259 0.137
52.227 773 0.136
52.363 380 0
52.363 247 0.273
52.636 226 0.136
52.772 136 0.137
52.909 568 0.136
52.909 676 0
52.909 687 0
53.181 645 0.137
53.318 191 0.136
53.454 483 0.136
53.454 747 0
53.454 255 0
53.727 636 0.273
54.0 809 0
54.0 737 0
54.0 507 0
54.272 360 0.137
54.409 818 0.136
54.545 524 0.273
54.545 48 0
54.545 678 0
54.818 639 0.136
54.954 589 0.273
55.09 237 0
55.09 582 0
55.227 779 0.136
55.5 388 0.272
55.636 81 0
55.636 187 0
55.772 557 0.137
55.909 180 0.136
56.045 537 0.273
56.181 668 0
56.181 628 0
56.318 177 0.136
56.454 854 0.136
56.454 373 0
56.59 606 0.137
56.727 661 0.273
56.727 390 0
56.727 563 0
57.0 872 0.136
57.136 201 0.273
57.272 664 0
57.272 556 0
57.409 279 0.272
57.681 861 0.273
57.818 675 0
57.818 742 0
57.954 409 0.273
58.227 862 0.273
58.363 652 0
58.363 216 0
58.5 747 0.272
58.772 316 0.137
58.909 706 0.272
59.181 450 0.137
59.318 804 0.272
59.59 304 0.137
59.727 412 0.545
59.863 85 0.137
60.0 156 0.272
60.136 498 0.273
60.272 553 0.409
60.409 475 0.409
60.545 560 0.545
60.681 546 0.273
60.818 272 0.272
60.954 447 0.136
61.09 95 0.273
61.363 161 0.137
61.363 249 0.273
61.5 717 0
61.636 425 0.136
61.772 399 0.273
61.772 343 0
61.909 61 0.136
62.045 311 0.136
62.045 733 0.136
62.318 893 0.272
62.318 192 0.272
62.318 802 0.272
62.59 742 0
62.727 174 0.136
62.727 114 0.136
63.0 511 0.272
63.0 408 0.272
63.272 861 0
63.272 620 0.137
63.409 398 0
63.545 269 0.273
63.545 819 0
63.681 239 0
63.818 251 0
63.818 261 0
63.954 568 0
63.954 160 0.136
64.09 25 0
64.227 589 0
64.363 417 0
64.363 481 0
64.5 10 0
64.636 531 0
64.636 489 0
64.772 265 0
64.909 681 0.136
64.909 842 0.136
64.909 761 0.272
65.181 455 0.137
65.181 821 0.273
65.181 665 0.273
65.454 750 0.273
65.454 700 0
65.727 411 0.136
65.727 486 0.136
65.863 817 0
66.0 72 0
66.0 859 0.136
66.136 287 0.273
66.136 506 0
66.272 140 0.137
66.409 886 0.136
66.409 233 0.136
66.681 767 0.273
66.681 25 0.273
66.681 769 0.273
66.954 260 0
67.09 340 0.137
67.09 890 0.137
67.227 459 0
67.363 8 0.273
67.363 564 0.273
67.363 214 0
67.636 287 0.136
67.636 114 0.136
67.772 172 0
67.909 438 0.272
67.909 212 0
68.045 45 0
68.181 542 0
68.318 189 0.136
68.318 272 0
68.454 279 0
68.454 144 0
68.59 95 0
68.727 102 0
68.727 33 0
68.863 393 0
69.0 236 0
69.0 467 0
69.136 83 0
69.272 675 0.137
69.272 265 0.546
69.272 523 0.137
69.545 753 0.136
69.545 153 0.136
69.545 435 0.273
69.818 126 0
69.818 418 0.272
70.09 519 0.137
70.09 894 0.273
70.227 821 0
70.363 332 0.273
70.5 519 0.272
70.5 551 0
70.636 836 0.136
70.772 608 0.137
70.772 37 0.137
71.045 555 0.273
71.045 386 0.273
71.045 894 0.273
71.318 791 0
71.454 740 0.136
71.454 385 0.136
71.727 667 0.273
71.727 239 0.273
72.0 558 0.136
72.136 267 0
72.272 739 0.273
72.272 8 0
72.409 603 0
72.545 395 0
72.681 339 0
72.818 458 0
72.818 613 0
72.954 569 0
73.09 407 0
73.09 217 0
73.227 876 0
73.363 856 0
73.363 131 0
73.5 464 0
73.636 404 0.136
73.636 438 0.136
73.636 309 0.273
73.909 549 0.136
73.909 662 0.272
73.909 15 0.272
74.181 184 0.273
74.181 612 0
74.454 740 0.136
74.454 413 0.273
74.727 11 0.136
74.863 414 0.273
75.0 796 0.136
75.136 209 0.136
75.136 586 0.136
75.409 748 0.272
75.409 751 0.272
75.409 401 0.272
75.818 690 0.136
75.818 394 0.136
76.09 62 0.273
76.09 833 0.273
76.363 762 0.137
76.363 35 0.137
76.5 834 0
76.636 421 0.273
76.636 413 0
76.636 81 0
76.772 16 0
76.909 304 0
76.977 542 0
77.045 63 0
77.181 843 0
77.181 175 0
77.318 632 0
77.454 48 0
77.454 54 0
77.59 463 0
77.727 219 0
77.863 365 0
78.0 692 0
78.0 77 0.136
78.0 842 0.136
78.136 786 0
78.272 523 0
78.272 653 0.137
78.272 560 0.137
78.409 420 0
78.545 284 0.273
78.545 63 0.273
78.545 545 1.636
79.09 384 0.273
79.09 101 0.273
79.09 553 0.273
79.636 763 0.273
79.636 662 0.273
79.636 223 0.273
80.181 395 0.273
80.181 102 0.137
80.181 825 0.273
80.454 510 0
80.522 220 0
80.59 723 0
80.659 573 0
80.727 728 0.273
80.727 832 0
80.863 322 0.273
81.0 25 0.136
81.136 891 0.136
81.136 169 0
81.272 395 0.273
81.409 6 0
81.545 76 0.136
81.545 704 0
81.681 220 0.273
81.681 596 0
81.818 701 0
81.954 333 0.409
82.09 625 0
82.227 439 0
82.363 620 0
82.363 343 0.137
82.5 808 0.136
82.636 102 0
82.636 767 0.136
82.636 546 0
82.772 451 0.137
82.909 194 0.272
82.909 620 0
82.909 411 0
83.181 612 0.137
83.318 555 0.136
83.454 514 0.136
83.454 34 0.136
83.454 293 0.273
83.59 502 0
83.727 610 0.136
83.863 557 0.273
84.0 12 0.136
84.0 179 0.136
84.136 814 0.273
84.409 496 0.545
84.545 110 0.136
84.545 386 0.136
84.681 479 0.137
84.818 890 0.136
84.954 214 0.136
85.09 727 0
85.09 569 0.137
85.227 530 0.273
85.363 209 0.137
85.5 376 0.272
85.636 549 0.136
85.636 212 0
85.772 710 0.137
85.909 382 0.272
85.909 333 0.136
86.045 316 0.136
86.045 226 0.273
86.181 297 0.273
86.318 44 0.136
86.318 116 0
86.454 833 0.136
86.59 238 0
86.59 456 0.273
86.727 570 0
86.727 254 0.136
86.863 551 0.137
87.0 836 0.136
87.0 611 0
87.0 829 0
87.136 188 0.136
87.272 458 0.137
87.272 235 0.137
87.272 468 0.273
87.545 189 0.273
87.545 567 0
87.681 846 0
87.818 65 0.136
87.818 106 0.272
88.09 612 0
88.227 654 0
88.295 755 0
88.363 311 0.137
88.363 468 0.273
88.5 409 0.272
88.772 854 0.273
88.909 81 0.136
88.909 365 0.545
88.909 248 0.545
89.181 439 0.137
89.318 133 0.136
89.454 514 0.136
89.59 260 0.137
89.727 834 0
89.727 294 0.136
89.863 697 0
90.0 200 0.136
90.0 484 0.272
90.136 615 0
90.272 504 0.137
90.409 379 0.272
90.409 128 0
90.545 566 0.273
90.545 355 0.136
90.681 78 0.137
90.818 405 0
90.954 676 0.273
91.09 406 0.273
91.09 859 0.137
91.227 359 0.136
91.363 31 0
91.431 739 0
91.5 437 0
91.568 464 0
91.636 157 0
91.636 375 0.136
91.772 620 0
91.909 18 0
92.0 426 0
92.09 686 0
92.181 414 0
92.25 649 0
92.318 756 0
92.386 231 0
92.454 53 0
92.454 119 0.136
92.522 477 0
92.59 575 0
92.659 568 0
92.727 570 0
92.727 474 0.136
92.795 93 0
92.863 489 0
92.931 612 0
93.0 724 0
93.068 586 0
93.136 424 0
93.204 601 0
93.272 894 0
93.272 205 0.273
93.409 886 0
93.477 798 0
93.545 631 0
93.681 452 0
93.818 791 0
93.818 463 0.136
93.954 602 0.136
93.954 101 0
94.09 614 0
94.09 658 0.137
94.227 338 0.136
94.363 461 0
94.363 689 0.137
94.363 639 0.273
94.5 174 0
94.636 878 0.136
94.772 402 0.273
94.772 73 0.273
94.909 827 0
95.045 836 0.136
95.181 791 0
95.181 771 0.137
95.318 293 0.136
95.454 52 0
95.454 560 0.273
95.59 157 0
95.727 721 0.273
95.863 197 0
96.0 557 0.272
96.0 540 0.136
96.272 82 0.137
96.272 552 0.273
96.409 614 0
96.545 123 0.273
96.545 212 0
96.681 831 0.137
96.818 766 0
96.954 211 0.136
96.954 179 0.136
97.227 624 0.273
97.227 460 0.273
97.227 128 0.273
97.5 81 0
97.636 424 0.136
97.636 572 0.136
97.772 614 0
97.909 248 0.272
97.909 151 0.272
97.909 412 0.272
98.181 306 0.137
98.318 318 0.136
98.454 464 0.136
98.454 496 0
98.59 629 0
98.59 114 0.137
98.727 355 0.136
98.863 202 0
98.863 735 0.137
99.0 704 0.136
99.136 851 0
99.136 120 0.136
99.272 625 0.137
99.409 118 0
99.409 365 0.136
99.545 747 0.136
99.681 21 0
99.681 652 0.137
99.818 817 0.272
99.954 515 0
100.09 739 0.273
100.09 159 0.273
100.227 114 0
100.363 871 0.137
100.636 183 0.273
100.636 436 0.136
100.772 265 0
100.909 434 0
100.909 303 0.272
101.045 834 0.136
101.181 153 0
101.318 86 0
101.318 303 0.136
101.318 470 0.136
101.59 839 0
101.59 39 0.273
101.59 320 0.273
101.59 487 0.273
101.863 421 0
102.0 665 0.136
102.0 183 0.136
102.136 850 0
102.272 614 0
102.272 226 0.273
102.272 851 0.137
102.409 581 0
102.545 882 0
102.545 871 0.136
102.681 500 0.137
102.818 899 0
102.818 289 0.136
102.954 191 0
102.954 627 0.136
103.09 65 0.137
103.159 652 0.204
103.227 265 0
103.227 177 0.136
103.363 802 0.137
103.5 340 0
103.5 615 0
103.636 377 0
103.772 62 0
103.84 852 0
103.909 583 0
104.045 756 0
104.181 1 0
104.181 810 3.819
