1.538 718 0
1.674 497 0
1.81 594 0
1.947 30 0
2.083 492 0
2.219 576 0
2.356 322 0
2.492 884 0
2.628 478 0
2.765 310 0
2.901 859 0
3.038 370 0
3.174 635 0
3.31 207 0
3.447 445 0
3.583 608 0
3.719 218 0
3.856 824 0
3.992 343 0
4.128 621 0
4.265 441 0
4.401 157 0
4.538 354 0
4.674 393 0
4.81 398 0
4.947 90 0
5.083 733 0
5.219 454 0
5.356 475 0
5.492 587 0
5.628 387 0
5.765 122 0
5.901 415 0
6.038 733 0
6.174 146 0
6.31 447 0
6.447 624 0.068
6.583 217 0.068
6.719 94 0.069
6.856 676 0.068
6.992 882 0
7.128 119 0
7.265 341 0
7.401 569 0
7.538 558 0.102
7.674 249 0.102
7.81 271 0.103
7.947 759 0.102
8.083 771 0
8.219 603 0
8.356 539 0
8.492 637 0
8.628 231 0.103
8.765 540 0.102
8.901 95 0.102
9.038 319 0.102
9.174 373 0
9.31 301 0
9.447 816 0
9.583 293 0
9.719 643 0.137
9.856 126 0.136
9.992 713 0.136
10.128 496 0.137
10.265 46 0.068
10.265 77 0.136
10.401 67 0.137
10.538 650 0.136
10.674 30 0.136
10.81 743 0.205
10.947 836 0.204
11.083 48 0.205
11.219 262 0.137
11.356 817 0.136
11.492 642 0.136
11.628 575 0.137
11.765 375 0.136
11.901 72 0.205
12.038 792 0.204
12.174 801 0.204
12.31 725 0.137
12.447 142 0.204
12.583 389 0.205
12.719 662 0.205
12.856 308 0.204
12.992 548 0.205
13.128 691 0.205
13.265 860 0.204
13.401 141 0.137
13.538 645 0.204
13.674 250 0.204
13.81 503 0.205
13.947 686 0.136
14.083 332 0.409
14.219 501 0.409
14.356 97 0.272
14.492 30 0.136
14.628 190 0.205
14.765 445 0.204
14.901 269 0.205
15.038 759 0.204
15.174 543 0.409
15.31 379 0.409
15.447 824 0.272
15.583 21 0.136
15.719 85 0.205
15.856 297 0.204
15.992 640 0.205
16.128 407 0.205
16.265 98 0.409
16.401 593 0.546
16.538 339 0.545
16.674 462 0.136
16.81 823 0.409
16.947 849 0.545
17.083 91 0.273
17.219 654 0.409
17.356 797 0.477
17.492 669 0.614
17.628 843 0.341
17.765 690 0.477
17.901 608 0.477
18.038 68 0.75
18.174 183 0.477
18.31 787 0.205
18.447 310 0.477
18.583 805 0.341
18.719 833 0.205
18.856 646 0.068
18.992 183 0
19.026 214 0
19.06 184 0
19.128 759 0
19.265 402 0
19.401 548 0
19.538 237 0
19.538 265 0
19.583 87 0
19.674 12 0
19.81 434 0
19.81 696 0
19.947 366 0
20.083 881 0
20.219 29 0
20.356 278 0
20.356 114 0
20.492 171 0
20.628 583 0
20.628 98 0
20.674 341 0
20.765 647 0
20.901 662 0
21.038 194 0
21.038 300 0
21.106 815 0
21.174 128 0
21.174 344 0
21.31 547 0
21.447 881 0
21.583 841 0
21.719 83 0
21.719 828 0
21.765 559 0
21.856 98 0
21.992 179 0
22.128 456 0
22.265 623 0
22.401 38 0
22.538 542 0
22.538 820 0
22.674 865 0
22.81 694 0
22.81 219 0
22.856 385 0
22.947 124 0
23.015 502 0
23.083 810 0
23.083 550 0
23.219 407 0
23.219 686 0
23.288 556 0
23.356 508 0
23.39 170 0
23.424 219 0
23.492 27 0
23.628 213 0
23.765 478 0
23.901 556 0
23.901 575 0
23.947 719 0
24.038 183 0
24.174 31 0
24.174 737 0
24.31 493 0
24.447 300 0
24.583 292 0
24.719 208 0
24.719 763 0
24.856 24 0
24.992 81 0
24.992 395 0
25.038 572 0
25.128 705 0
25.265 410 0
25.265 266 0
25.401 153 0
25.401 452 0
25.469 328 0
25.538 729 0
25.538 176 0
25.674 859 0
25.81 844 0
25.947 100 0
25.947 213 0
26.083 520 0
26.083 803 0
26.128 768 0
26.219 296 0
26.356 843 0
26.356 256 0
26.492 690 0
26.628 496 0
26.628 91 0
26.765 858 0
26.901 260 0
26.901 158 0
27.038 725 0
27.174 253 0
27.174 716 0
27.219 469 0
27.31 428 0
27.447 284 0
27.583 2 0
27.719 466 0
27.753 166 0
27.788 787 0
27.856 7 0
27.992 173 0
28.128 658 0
28.265 645 0
28.265 761 0
28.31 555 0
28.401 152 0
28.538 209 0
28.538 467 0
28.674 413 0
28.81 412 0
28.947 323 0
29.083 853 0
29.083 175 0
29.219 237 0
29.356 77 0
29.356 743 0
29.401 257 0
29.492 139 0
29.628 78 0
29.765 110 0
29.765 251 0
29.833 607 0
29.901 247 0
29.901 468 0
30.038 378 0
30.174 307 0
30.31 660 0
30.447 620 0
30.447 627 0
30.492 507 0
30.583 816 0
30.719 374 0
30.856 793 0
30.992 2 0
31.128 346 0
31.265 456 0
31.265 74 0
31.401 447 0
31.538 362 0
31.538 205 0
31.583 383 0
31.674 538 0
31.742 161 0
31.81 32 0
31.81 877 0
31.947 860 0
31.947 519 0
32.015 543 0
32.083 204 0
32.117 181 0
32.151 250 0
32.219 118 0
32.356 493 0
32.492 56 0
32.628 125 0
32.628 731 0
32.674 318 0
32.765 761 0
32.901 57 0
32.901 84 0
33.038 823 0
33.174 451 0
33.31 775 0
33.447 281 0
33.447 675 0
33.583 373 0
33.719 696 0
33.719 464 0
33.765 803 0
33.856 499 0
33.992 397 0
33.992 380 0
34.128 66 0
34.128 523 0
34.197 586 0
34.265 458 0
34.265 603 0
34.401 476 0
34.538 483 0
34.674 501 0
34.674 97 0
34.81 616 0
34.81 343 0
34.856 24 0
34.947 381 0
35.083 75 0
35.083 878 0
35.219 522 0
35.356 509 0
35.356 572 0
35.401 818 0
35.492 53 0
35.628 507 0
35.628 778 0
35.765 377 0
35.765 543 0
35.81 341 0
35.901 392 0
36.038 624 0
36.038 446 0
36.174 383 0
36.174 820 0
36.219 834 0
36.242 140 0
36.31 895 0
36.378 895 0
36.447 34 0.068
36.447 65 0.136
36.447 491 0.068
36.719 630 0.137
36.719 55 0.273
36.856 141 0.068
36.924 387 0.068
36.992 253 0.273
36.992 289 0.136
37.265 385 0.068
37.265 508 0.136
37.401 444 0.068
37.401 183 0.137
37.538 821 0.068
37.538 778 0.545
37.538 723 0.136
37.674 716 0.068
37.674 760 0.136
37.81 405 0.137
37.81 280 0.068
37.947 27 0.068
37.947 893 0.068
38.083 159 0.068
38.083 689 0.068
38.083 564 0.136
38.356 562 0.068
38.356 862 0.136
38.492 161 0.068
38.492 429 0.136
38.628 641 0.137
38.628 801 0.069
38.628 668 0.069
38.901 233 0.137
38.901 30 0.273
39.038 646 0.068
39.106 67 0.068
39.174 827 0.273
39.174 170 0.136
39.447 391 0.068
39.447 663 0.068
39.515 835 0.068
39.515 832 0.068
39.583 604 0.068
39.583 507 0.068
39.651 818 0.068
39.719 695 0.069
39.719 87 0.137
39.719 783 0.069
39.856 889 0.068
39.856 496 0.136
39.992 592 0.068
39.992 146 0.068
40.06 112 0.068
40.06 451 0.068
40.128 623 0.069
40.128 239 0.069
40.197 88 0.068
40.265 351 0.068
40.265 651 0.068
40.265 310 0.136
40.538 346 0.136
40.538 597 0.068
40.538 367 0.068
40.674 233 0.136
40.81 410 0.137
40.81 237 0.068
40.81 125 0.068
41.083 782 0.136
41.083 113 0.273
41.219 293 0.069
41.288 464 0.068
41.356 699 0.272
41.356 377 0.136
41.628 71 0.069
41.628 630 0.137
41.765 292 0.068
41.765 581 0.136
41.901 53 0.546
41.901 60 0.068
41.901 842 0.137
42.038 362 0.136
42.038 530 0.068
42.174 488 0.136
42.174 716 0.068
42.31 884 0.068
42.31 812 0.068
42.447 561 0.136
42.447 492 0.068
42.447 389 0.068
42.719 236 0.069
42.719 434 0.069
42.788 396 0.068
42.788 43 0.068
42.856 826 0.068
42.856 36 0.068
42.924 407 0.068
42.992 361 0.136
42.992 646 0.068
42.992 19 0.068
43.265 472 0.068
43.265 245 0.136
43.401 459 0.068
43.469 364 0.069
43.538 560 0.136
43.538 12 0.068
43.674 664 0.068
43.674 128 0.068
43.742 572 0.068
43.742 579 0.068
43.81 198 0.068
43.81 422 0.137
43.947 311 0.136
43.947 580 0.068
44.083 225 0.068
44.083 159 0.545
44.083 233 0.136
44.219 398 0.069
44.219 217 0.137
44.356 161 0.068
44.356 484 0.136
44.492 535 0.068
44.492 773 0.068
44.628 95 0.137
44.628 599 0.069
44.628 798 0.069
44.901 361 0.068
44.901 550 0.068
44.969 96 0.069
44.969 162 0.069
45.038 69 0.068
45.038 361 0.068
45.106 752 0.068
45.174 665 0.136
45.174 573 0.136
45.174 234 0.136
45.31 114 0.068
45.447 413 0.136
45.447 105 0.136
45.447 223 0.204
45.583 469 0.068
45.651 884 0.068
45.719 174 0.273
45.719 583 0.137
45.719 427 0.137
45.992 408 0.068
45.992 717 0.136
45.992 63 0.068
46.128 746 0.069
46.128 723 0.137
46.265 533 0.068
46.265 373 0.545
46.265 84 0.136
46.401 159 0.068
46.401 111 0.068
46.538 210 0.136
46.538 544 0.068
46.538 133 0.068
46.674 457 0.068
46.674 140 0.068
46.81 561 0.137
46.81 607 0.137
46.81 383 0.137
46.947 782 0.068
47.083 848 0.068
47.083 324 0.068
47.083 20 0.068
47.219 286 0.069
47.219 116 0.069
47.219 18 0.069
47.356 784 0.136
47.356 89 0.136
47.356 623 0.136
47.492 99 0.068
47.628 195 0.137
47.628 596 0.137
47.628 291 0.205
47.765 330 0.068
47.833 785 0.068
47.901 118 0.273
47.901 783 0.137
47.901 344 0.137
48.038 640 0.068
48.174 383 0.068
48.174 865 0.068
48.242 40 0.068
48.242 638 0.068
48.31 886 0.068
48.31 207 0.068
48.378 154 0.069
48.447 499 0.068
48.447 375 0.136
48.447 825 0.068
48.583 578 0.068
48.583 420 0.136
48.719 205 0.069
48.719 637 0.069
48.788 878 0.068
48.788 707 0.068
48.856 432 0.068
48.856 702 0.068
48.924 548 0.068
48.992 257 0.136
48.992 848 0.136
48.992 123 0.136
49.128 296 0.069
49.265 287 0.136
49.265 109 0.136
49.265 272 0.136
49.401 473 0.137
49.538 167 0.136
49.538 553 0.136
49.538 489 0.136
49.674 474 0.068
49.81 403 0.137
49.81 96 0.137
49.81 413 0.205
49.947 790 0.068
50.015 283 0.068
50.083 841 0.273
50.083 479 0.136
50.083 415 0.136
50.219 270 0.069
50.356 201 0.068
50.356 819 0.136
50.356 31 0.068
50.492 733 0.068
50.492 658 0.136
50.628 647 0.546
50.628 142 0.069
50.628 869 0.137
50.765 173 0.068
50.765 795 0.068
50.901 588 0.137
50.901 890 0.068
50.901 401 0.068
51.038 770 0.068
51.038 78 0.068
51.174 721 0.136
51.174 847 0.068
51.174 439 0.068
51.31 806 0.068
51.447 288 0.068
51.447 196 0.068
51.515 493 0.068
51.515 692 0.068
51.583 67 0.068
51.583 7 0.068
51.651 879 0.068
51.719 603 0.137
51.719 696 0.137
51.719 36 0.137
51.856 32 0.068
51.992 275 0.068
51.992 193 0.068
51.992 437 0.205
52.128 547 0.069
52.197 634 0.068
52.265 185 0.136
52.265 633 0.068
52.265 885 0.068
52.401 167 0.068
52.401 560 0.068
52.469 298 0.069
52.469 156 0.069
52.538 252 0.068
52.538 327 0.136
52.674 720 0.136
52.674 605 0.068
52.81 520 0.068
52.81 764 0.137
52.81 549 0.068
52.947 420 0.068
52.947 77 0.136
53.083 302 0.068
53.083 506 0.136
53.083 776 0.068
53.219 188 0.069
53.219 267 0.069
53.356 534 0.068
53.356 123 0.068
53.356 113 0.136
53.492 107 0.136
53.492 565 0.068
53.492 642 0.068
53.628 756 0.069
53.628 342 0.069
53.697 465 0.068
53.697 782 0.068
53.765 632 0.068
53.765 52 0.068
53.833 323 0.068
53.901 257 0.137
53.901 606 0.068
53.901 66 0.068
54.038 158 0
54.174 708 0.068
54.174 755 0.068
54.242 396 0.068
54.31 712 0.068
54.31 613 0.068
54.31 816 0.137
54.447 564 0
54.583 44 0.068
54.583 55 0.068
54.651 368 0.068
54.719 97 0.137
54.719 251 0.069
54.719 213 0.069
54.856 511 0
54.992 845 0.136
54.992 454 0.068
54.992 381 0.068
55.128 317 0
55.163 577 0
55.265 331 0
55.299 133 0
55.401 693 0
55.435 843 0.103
55.538 638 0.068
55.538 502 0.068
55.538 836 0.136
55.606 487 0.068
55.674 857 0.068
55.742 524 0.068
55.81 100 0.068
55.878 461 0.069
55.947 849 0.068
56.015 446 0.068
56.083 243 0.068
56.083 411 0.068
56.083 422 0.136
56.219 605 0
56.356 177 0.068
56.356 29 0.068
56.424 120 0.068
56.492 748 0.136
56.492 301 0.068
56.492 554 0.068
56.628 659 0
56.765 563 0.068
56.765 159 0.068
56.833 376 0.068
56.901 400 0.068
56.901 841 0.068
56.901 727 0.137
57.038 584 0
57.174 594 0.136
57.174 250 0.068
57.174 869 0.068
57.31 482 0
57.447 246 0
57.447 705 0
57.515 683 0
57.583 378 0
57.583 175 0
57.651 15 0
57.719 457 0.137
57.719 879 0.069
57.719 552 0.069
57.788 30 0.068
57.856 551 0.068
57.924 616 0.068
57.992 31 0.068
57.992 601 0.068
58.06 858 0.068
58.128 454 0.069
58.197 187 0.068
58.265 695 0.136
58.265 206 0.068
58.265 89 0.068
58.401 239 0
58.538 382 0.068
58.538 37 0.068
58.606 807 0.068
58.674 437 0.068
58.674 108 0.068
58.674 675 0.136
58.81 31 0
58.947 760 0.068
58.947 634 0.068
59.015 691 0.068
59.083 302 0.068
59.083 440 0.136
59.083 619 0.068
59.219 300 0
59.356 564 0.136
59.356 515 0.068
59.356 79 0.068
59.492 75 0
59.526 317 0
59.628 881 0
59.663 833 0
59.765 777 0
59.799 102 0.102
59.901 900 0.137
59.901 800 0.068
59.901 241 0.068
59.969 620 0.069
60.038 144 0.068
60.106 122 0.068
60.174 62 0.068
60.242 229 0.068
60.31 107 0.068
60.378 704 0.069
60.447 140 0.136
60.447 723 0.068
60.447 187 0.068
60.583 559 0
60.719 229 0.069
60.719 216 0.069
60.788 3 0.068
60.856 545 0.068
60.856 723 0.136
60.856 650 0.068
60.992 496 0
61.128 628 0.069
61.128 411 0.069
61.197 271 0.068
61.265 671 0.136
61.265 544 0.068
61.265 658 0.068
61.401 537 0
61.538 439 0.068
61.538 362 0.068
61.538 642 0.068
61.674 801 0.068
61.674 752 0.068
61.674 324 0.068
61.81 283 0.068
61.81 62 0.068
61.81 677 0.068
61.947 100 0.068
61.947 682 0.068
61.947 46 0.068
62.083 646 0.136
62.083 160 0.068
62.083 624 0.068
62.219 285 0
62.356 392 0.136
62.356 72 0.136
62.39 525 0.068
62.39 285 0.068
62.628 330 0.273
62.628 758 0.137
62.628 70 0.205
62.628 895 0.069
62.765 147 0.068
62.901 458 0.137
62.901 449 0.205
62.901 104 0.068
63.038 53 0.068
63.174 555 0.068
63.174 589 0.204
63.174 676 0.136
63.31 371 0.068
63.447 183 0.136
63.447 625 0.204
63.447 243 0.068
63.583 268 0.068
63.719 335 0.137
63.719 1 0.205
63.719 552 0.069
63.856 180 0.068
63.992 78 0.136
63.992 358 0.205
63.992 523 0.068
64.128 591 0.069
64.265 702 0.068
64.265 437 0.204
64.265 447 0.136
64.401 73 0.068
64.538 456 0.068
64.538 586 0.136
64.538 622 0.204
64.538 459 0.068
64.674 250 0.068
64.674 546 0.068
64.81 765 0.205
64.81 425 0.068
64.81 672 0.273
64.81 274 0.137
64.947 657 0.068
65.083 553 0.068
65.083 488 0.205
65.083 739 0.136
65.219 441 0.069
65.356 316 0.136
65.356 459 0.204
65.356 442 0.068
65.492 812 0.068
65.628 237 0.069
65.628 712 0.205
65.628 87 0.137
65.765 639 0.068
65.901 225 0.068
65.901 178 0.205
65.901 396 0.137
66.038 137 0.136
66.038 703 0.068
66.174 158 0.068
66.174 785 0.204
66.174 100 0.136
66.31 102 0.068
66.447 389 0.136
66.447 297 0.204
66.447 556 0.068
66.583 598 0.068
66.719 705 0.091
66.719 479 0.069
66.742 41 0.114
66.765 199 0.159
66.992 477 0.273
66.992 867 0.136
66.992 654 0.205
66.992 642 0.068
67.128 83 0.069
67.265 80 0.136
67.265 170 0.204
67.265 730 0.068
67.401 299 0.068
67.538 891 0.068
67.538 389 0.204
67.538 314 0.136
67.674 689 0.136
67.81 171 0.068
67.81 813 0.137
67.878 672 0.137
67.947 496 0.068
67.947 138 0.068
68.015 644 0.068
68.083 439 0.136
68.083 487 0.205
68.083 309 0.068
68.219 190 0.069
68.356 884 0.204
68.356 200 0.204
68.356 489 0.068
68.492 349 0.136
68.492 610 0.068
68.628 123 0.069
68.628 146 0.205
68.628 131 0.137
68.765 626 0.068
68.901 830 0.137
68.901 673 0.137
68.901 329 0.068
69.038 693 0.068
69.038 858 0.068
69.174 436 0.204
69.174 682 0.068
69.174 729 0.273
69.174 867 0.136
69.31 607 0.068
69.447 524 0.204
69.447 699 0.204
69.447 699 0.068
69.515 75 0.068
69.583 371 0.068
69.651 628 0.068
69.719 218 0.137
69.719 432 0.205
69.719 831 0.069
69.856 82 0.068
69.992 578 0.136
69.992 658 0.068
69.992 392 0.068
70.06 512 0.068
70.128 176 0.137
70.197 183 0.068
70.265 36 0.045
70.265 52 0.091
70.401 641 0.137
70.469 635 0.046
70.538 760 0.136
70.606 439 0.045
70.674 126 0.136
70.742 525 0
70.81 319 0.273
70.81 300 0
70.947 335 0.091
71.015 702 0
71.083 554 0.068
71.083 71 0.136
71.219 402 0.069
71.219 148 0.137
71.356 198 0.091
71.356 605 0.204
71.386 665 0.152
71.492 554 0.068
71.526 603 0.137
71.628 735 0.091
71.628 633 0.205
71.628 232 0.069
71.765 402 0.091
71.799 499 0
71.884 370 0.051
71.901 617 0.205
71.901 420 0.068
72.038 692 0.051
72.038 880 0.068
72.144 309 0.181
72.174 469 0.06
72.174 21 0.204
72.31 206 0.06
72.31 416 0.091
72.447 644 0.054
72.447 709 0.204
72.501 627 0.109
72.556 479 0.163
72.583 284 0.068
72.719 229 0
72.719 826 0.205
72.758 345 0.078
72.797 627 0.156
72.836 6 0.078
72.992 141 0.136
72.992 661 0.205
73.038 391 0.045
73.083 225 0.091
73.128 577 0.137
73.265 353 0
73.265 364 0
73.265 493 0.136
73.401 120 0.046
73.401 868 0.046
73.538 481 0.068
73.538 777 0
73.538 648 0.204
73.572 593 0.068
73.674 632 0.091
73.742 311 0.091
73.81 48 0
73.81 265 0.046
73.81 562 0.205
73.924 566 0.114
73.969 137 0.114
74.083 120 0.068
74.083 237 0.205
74.128 188 0.114
74.174 836 0.136
74.219 268 0.137
74.356 248 0.068
74.356 612 0.091
74.356 645 0.204
74.424 89 0.091
74.492 641 0.136
74.628 18 0.046
74.628 187 0.091
74.697 308 0.091
74.765 777 0.045
74.765 852 0.136
74.901 270 0.205
74.901 764 0.091
74.901 573 0.068
74.969 662 0.091
75.038 382 0.136
75.174 389 0.117
75.174 811 0.204
75.232 73 0.098
75.291 611 0.156
75.349 372 0.059
75.447 784 0.227
75.447 603 0.227
75.447 828 0.227
75.719 593 0.091
75.719 497 0.205
75.749 205 0.152
75.856 360 0.068
75.89 316 0.136
75.992 626 0.091
75.992 351 0.205
75.992 621 0.068
76.128 439 0.091
76.163 448 0
76.248 646 0.051
76.265 746 0.204
76.265 459 0.068
76.401 25 0.051
76.401 866 0.068
76.507 504 0.121
76.538 649 0
76.538 529 0.09
76.606 834 0.068
76.674 325 0.091
76.674 235 0
76.742 885 0
76.81 874 0.054
76.81 437 0.205
76.864 290 0.109
76.919 542 0.164
76.947 300 0.068
77.083 550 0.068
77.083 874 0
77.122 767 0.117
77.16 161 0.156
77.219 583 0.137
77.219 897 0.069
77.356 41 0.136
77.356 759 0.204
77.401 256 0.046
77.447 586 0.091
77.492 169 0.136
77.628 448 0
77.628 135 0
77.628 180 0.137
77.765 745 0.045
77.765 596 0.045
77.901 95 0.068
77.901 523 0
77.901 560 0.205
77.935 872 0.068
78.038 730 0.068
78.06 255 0.137
78.174 637 0.045
78.174 11 0.045
78.242 565 0
78.31 561 0.114
78.333 509 0.068
78.378 8 0
78.447 145 0.091
78.447 68 0.113
78.515 810 0
78.583 761 0.114
78.606 492 0.068
78.719 84 0.091
78.719 198 0.091
78.788 519 0
78.788 430 0
78.856 533 0
78.856 117 0
78.924 816 0
78.924 369 0
78.992 322 0.068
78.992 370 0
78.992 200 0
79.06 526 0.091
79.128 465 0.137
79.197 495 0.045
79.265 876 0.045
79.333 692 0
79.401 281 0.091
79.469 353 0
79.515 206 0
79.56 385 0
79.598 446 0
79.628 708 0
79.659 545 0
79.689 774 0
79.719 10 0
79.81 648 0.205
79.81 586 0.205
79.844 542 0.137
79.844 778 0.137
80.083 100 0
80.083 714 0
80.122 744 0
80.161 683 0
80.2 665 0
80.239 469 0
80.278 196 0
80.317 605 0
80.356 438 0
80.424 381 0
80.492 516 0
80.492 329 0
80.583 547 0
80.628 856 0
80.628 494 0
80.674 718 0
80.719 167 0
80.765 300 0
80.833 147 0
80.901 139 0
80.901 144 0
80.947 247 0
80.992 38 0
81.038 613 0
81.106 455 0
81.174 427 0
81.197 529 0
81.31 769 0
81.31 270 0
81.333 797 0
81.447 218 0
81.447 782 0
81.492 546 0
81.538 822 0
81.583 690 0
81.651 205 0
81.719 121 0
81.719 249 0
81.774 268 0
81.828 577 0
81.883 87 0
81.992 150 0
81.992 360 0
82.06 851 0
82.128 701 0
82.128 716 0
82.197 415 0
82.265 83 0
82.265 869 0
82.356 758 0
82.401 872 0
82.401 425 0
82.492 489 0
82.538 850 0
82.583 311 0
82.674 173 0
82.674 699 0
82.765 646 0
82.81 455 0
82.81 260 0
82.856 52 0
82.901 391 0
82.947 102 0
83.015 883 0
83.083 451 0
83.083 845 0
83.128 606 0
83.174 580 0
83.219 493 0
83.288 765 0
83.356 189 0
83.378 122 0
83.492 192 0
83.492 484 0
83.515 315 0
83.628 569 0
83.628 470 0
83.651 665 0
83.765 773 0
83.765 75 0
83.788 287 0
83.901 709 0
83.901 308 0
83.979 73 0
84.038 668 0
84.038 687 0
84.116 593 0
84.174 281 0
84.174 712 0
84.242 443 0
84.242 762 0
84.31 698 0
84.31 752 0
84.378 154 0
84.447 540 0
84.447 167 0
84.486 355 0
84.525 575 0
84.564 896 0
84.603 163 0
84.642 762 0
84.681 526 0
84.719 832 0
84.788 218 0
84.856 796 0
84.856 32 0
84.947 527 0
84.992 591 0
84.992 676 0
85.038 215 0
85.083 230 0
85.128 37 0
85.197 328 0
85.265 142 0
85.265 896 0
85.31 873 0
85.356 263 0
85.401 245 0
85.469 167 0
85.538 871 0
85.56 568 0
85.674 33 0
85.674 478 0
85.697 409 0
85.81 855 0
85.81 17 0
85.856 193 0
85.901 630 0
85.947 239 0
86.015 119 0
86.083 277 0
86.083 660 0
86.138 437 0
86.192 187 0
86.247 825 0
86.356 737 0
86.356 316 0
86.424 879 0
86.492 721 0
86.492 227 0
86.56 191 0
86.628 119 0
86.628 665 0
86.719 468 0
86.765 250 0
86.765 226 0
86.856 626 0
86.901 637 0
86.947 292 0
87.038 888 0
87.038 781 0
87.128 337 0
87.174 176 0
87.174 666 0
87.219 184 0
87.265 561 0
87.31 39 0
87.378 249 0
87.447 174 0
87.447 815 0
87.492 634 0
87.538 879 0
87.583 885 0
87.651 175 0
87.719 115 0
87.742 708 0
87.856 878 0
87.856 435 0
87.878 810 0
87.992 16 0
88.06 82 0
88.128 155 0
88.128 163 0
88.197 411 0
88.265 228 0
88.265 850 0
88.333 699 0
88.401 27 0
88.401 154 0
88.469 62 0
88.538 785 0
88.538 660 0
88.606 198 0
88.674 385 0
88.674 345 0
88.742 863 0
88.81 420 0
88.81 869 0
88.849 184 0
88.888 468 0
88.927 66 0
88.966 171 0
89.005 369 0
89.044 737 0
89.083 163 0
89.083 643 0
89.151 893 0
89.219 10 0
89.219 595 0
89.288 33 0
89.356 296 0
89.39 811 0
89.424 576 0
89.469 887 0
89.515 583 0
89.56 535 0
89.628 73 0
89.628 889 0
89.697 508 0
89.765 11 0
89.833 31 0
89.901 365 0
89.924 60 0
90.038 255 0
90.038 889 0
90.06 537 0
90.174 136 0
90.174 143 0
90.219 140 0
90.265 614 0
90.31 459 0
90.31 676 0
90.378 832 0
90.447 274 0
90.447 57 0
90.492 302 0
90.538 79 0
90.583 92 0
90.719 381 0
90.719 232 0
90.765 627 0
90.81 809 0
90.856 331 0
90.992 445 0
90.992 889 0
91.031 20 0
91.07 136 0
91.109 472 0
91.148 567 0
91.187 619 0
91.226 642 0
91.265 850 0
91.265 669 0
91.333 502 0
91.401 651 0
91.401 807 0
91.469 890 0
91.538 578 0
91.572 896 0
91.606 123 0
91.651 10 0
91.697 393 0
91.742 24 0
91.81 737 0
91.81 363 0
91.878 53 0
91.947 398 0
92.015 173 0
92.083 368 0
92.106 92 0
92.219 790 0
92.219 572 0
92.242 12 0
92.356 125 0
92.356 323 0
92.378 790 0
92.492 222 0
92.492 777 0
92.515 526 0
92.628 882 0
92.628 608 0
92.706 496 0
92.765 575 0
92.765 737 0
92.843 390 0
92.901 311 0
92.901 274 0
92.94 766 0
93.038 702 0
93.038 178 0
93.106 266 0
93.106 896 0
93.174 192 0
93.174 743 0
93.213 767 0
93.252 333 0
93.291 161 0
93.33 86 0
93.369 369 0
93.408 890 0
93.447 773 0
93.447 182 0
93.515 834 0
93.583 287 0
93.583 59 0
93.651 145 0
93.719 651 0
93.753 135 0
93.788 192 0
93.833 842 0
93.878 709 0
93.924 702 0
93.992 275 0
93.992 675 0
94.06 214 0
94.128 52 0
94.197 353 0
94.265 554 0
94.288 817 0
94.401 793 0
94.401 545 0
94.424 274 0
94.538 184 0
94.538 875 0
94.583 408 0
94.628 66 0
94.674 289 0
94.674 473 0
94.742 165 0
94.81 450 0
94.81 801 0
94.856 225 0
94.901 508 0
94.947 802 0
95.083 654 0
95.083 388 0
95.128 801 0
95.174 796 0
95.219 880 0
95.356 275 0
95.356 345 0
95.424 330 0
95.492 529 0
95.492 828 0
95.56 777 0
95.56 103 0
95.628 371 0
95.628 641 0
95.697 714 0
95.765 370 0
95.765 37 0
95.833 262 0
95.833 548 0
95.901 290 0
95.901 282 0
95.969 223 0
96.038 394 0
96.038 655 0
96.106 850 0
96.106 665 0
96.174 167 0
96.174 765 0
96.242 681 0
96.31 513 0
96.31 42 0
96.378 633 0
96.378 469 0
96.447 375 0
96.447 553 0
96.515 130 0
96.583 460 0
96.583 799 0
96.651 19 0
96.719 515 0
96.719 86 0
96.788 661 0
96.856 75 0
96.856 746 0
96.924 500 0
96.992 670 0
96.992 276 0
97.06 190 0
97.128 660 0
97.128 814 0
97.197 548 0
97.265 215 0
97.265 575 0
97.265 331 0
97.401 554 0
97.538 614 0.068
97.538 509 0.068
97.538 224 0.068
97.674 426 0.136
97.674 460 0.068
97.674 688 0.136
97.81 483 0
97.856 34 0
97.901 758 0
97.947 156 0.272
98.083 253 0.273
98.083 690 0
98.219 657 0.205
98.356 182 0.272
98.492 692 0.273
98.628 278 0.273
98.765 239 0.273
98.901 343 0.273
99.038 121 0.272
99.174 613 0.136
99.174 675 0
99.31 673 0.068
99.447 676 0
99.447 474 0
99.515 60 0
99.515 757 0
99.583 894 0
99.583 519 0
99.651 814 0
99.719 262 0.071
99.719 171 0.071
99.719 367 0.071
99.861 100 0.143
99.861 265 0.143
99.861 725 0.072
100.004 879 0
100.052 393 0
100.099 234 0
100.147 625 0.286
100.29 189 0
100.29 271 0.286
100.433 821 0.214
100.576 120 0.143
100.719 853 0.071
100.861 358 0.072
100.861 422 0.072
100.861 725 0.072
101.004 418 0.072
101.004 389 0.143
101.004 842 0.143
101.147 612 0
101.195 303 0
101.242 673 0
101.29 296 0.071
101.29 136 0.071
101.29 212 0.071
101.433 736 0.071
101.433 419 0.143
101.433 660 0.143
101.576 602 0
101.623 421 0
101.671 871 0
101.719 867 0
101.719 54 0
101.719 32 0
101.861 728 0
101.861 347 0
101.861 437 0
101.933 608 0
102.004 250 0.075
102.004 893 0.075
102.004 51 0.075
102.154 618 0.15
102.154 794 0.075
102.154 898 0.15
102.304 798 0
102.354 382 0
102.404 123 0
102.454 195 0.3
102.604 143 0
102.604 892 0.3
102.754 182 0.225
102.904 471 0.3
103.054 485 0.15
103.204 454 0.3
103.354 338 0.3
103.504 718 0.3
103.654 493 0.3
103.804 604 0
103.804 129 0.15
103.954 360 0.075
104.104 296 0
104.104 797 0
104.179 15 0
104.179 236 0
104.254 12 0
104.254 417 0
104.329 424 0
104.404 53 0.078
104.404 527 0.078
104.404 107 0.078
104.561 552 0.158
104.561 779 0.079
104.561 637 0.158
104.719 660 0
104.772 892 0
104.825 504 0
104.877 95 0.316
105.035 59 0
105.035 320 0.316
105.193 879 0.237
105.351 277 0.158
105.509 73 0.079
105.667 825 0.079
105.667 29 0.079
105.667 27 0.079
105.825 386 0.157
105.825 249 0.157
105.825 896 0.079
105.982 898 0
106.035 431 0
106.088 863 0
106.14 769 0.079
106.14 494 0.079
106.14 436 0.079
106.298 702 0.158
106.298 380 0.079
106.298 382 0.158
106.456 296 0
106.509 403 0
106.561 853 0
106.614 827 0.079
106.614 823 0.079
106.614 643 0.079
106.772 85 0
106.851 308 0
106.93 459 0.083
106.93 539 0.166
106.93 284 0.166
107.096 702 0.334
107.263 462 0.083
107.263 233 0.167
107.263 216 0
107.43 636 0.333
107.596 248 0
107.596 627 0.084
107.596 84 0.167
107.763 364 0.167
107.93 594 0
107.93 596 0
108.041 601 0
108.041 659 0
108.152 883 0
108.152 130 0
108.263 897 0.083
108.263 294 0.167
108.263 163 0.167
108.43 33 0.333
108.596 539 0.167
108.596 770 0
108.596 114 0.084
108.763 843 0.333
108.93 236 0
108.93 568 0.083
108.93 896 0.166
109.096 771 0.167
109.263 237 0
109.263 217 0
109.374 754 0
109.374 116 0
109.485 540 0
109.485 8 0
109.596 191 0.088
109.596 288 0.176
109.596 569 0.176
109.772 813 0.353
109.948 386 0.089
109.948 34 0.177
109.948 684 0
110.125 57 0.353
110.301 9 0.089
110.301 731 0.177
110.301 547 0
110.478 789 0.176
110.654 544 0
110.654 664 0
110.772 19 0
110.772 185 0
110.89 601 0
110.89 105 0
111.007 547 0
111.007 794 0.118
111.007 135 0.118
111.125 732 0
111.243 546 0
111.243 765 0.117
111.243 883 0.117
111.36 610 0
111.478 742 0.118
111.478 146 0
111.478 198 0.118
111.596 392 0
111.713 504 0.177
111.713 457 0.088
111.713 263 0.177
111.89 297 0.176
112.066 163 0.177
112.066 66 0.088
112.066 873 0.177
112.243 278 0.176
112.419 861 0
112.419 404 0
112.419 693 0
112.544 408 0
112.544 195 0
112.669 462 0
112.669 877 0
112.794 308 0
112.794 192 0
112.919 836 0
112.919 592 0
113.044 856 0
113.044 747 0
113.169 857 0
113.169 726 0
113.169 19 0
113.294 447 0
113.294 420 0
113.419 128 0
113.419 284 0
113.544 801 0
113.544 75 0
113.669 884 0
113.669 224 0
113.794 672 0
113.794 639 0
113.919 6 0
113.919 83 0
113.919 872 0
114.044 500 0
114.044 384 0
114.169 189 0
114.169 167 0
114.294 139 0
114.294 451 0
114.419 539 0
114.419 241 0
114.544 466 0
114.544 698 0
114.669 618 0
114.669 592 0
114.669 820 0
114.794 138 0
114.794 711 0
114.919 128 0
114.919 284 0
115.044 245 0
115.044 196 0
115.169 50 0
115.169 17 0
115.294 818 0
115.294 892 0
115.419 900 0
115.419 554 0
115.481 653 0
115.481 844 0
115.544 517 0
115.544 824 0
115.606 461 0
115.669 636 0
115.669 388 0
115.731 166 0
115.731 191 0
115.794 446 0
115.794 237 0
115.856 80 0
115.919 329 0
115.919 754 0
115.981 14 0
115.981 5 0
116.044 888 0
116.044 207 0
116.106 191 0
116.169 624 0
116.169 409 0
116.231 248 0
116.231 101 0
116.294 589 0
116.294 582 0
116.356 109 0
116.419 560 0
116.419 448 0
116.481 526 0
116.481 372 0
116.544 893 0
116.544 31 0
116.606 821 0
116.669 445 0
116.669 295 0
116.731 375 0
116.731 873 0
116.794 725 0
116.794 499 0
116.856 435 0
116.919 1 0
116.919 249 0
116.919 676 0
117.106 507 0
117.2 890 0
117.481 232 0
117.575 478 0
117.856 502 0
117.95 339 0
118.044 182 0
118.044 402 0
118.044 271 0
118.169 59 0
118.169 854 0
118.169 636 0
118.294 716 0
118.294 180 0
118.294 157 0
118.419 855 0
118.419 414 0
118.419 640 0
118.512 655 0
118.606 288 0
118.606 758 0
118.7 650 0
118.7 553 0
118.794 481 0
118.794 342 0
118.887 532 0
118.981 842 0
118.981 659 0
119.075 769 0
119.075 639 0
119.169 681 0
119.169 13 0
119.262 483 0
119.356 581 0
119.356 220 0
119.45 657 0
119.45 637 0
119.544 229 0
119.544 552 0
119.637 795 0
119.731 187 0
119.731 231 0
119.825 119 0
119.825 492 0
119.919 579 0
119.919 539 0
120.012 530 0
120.106 635 0
120.106 367 0
120.2 374 0
120.2 130 0
120.294 679 0
120.294 807 0
120.387 71 0
120.481 780 0
120.481 463 0
120.575 712 0
120.575 555 0
120.669 755 0
120.669 677 0
120.762 23 0
120.856 777 0
120.856 424 0
120.95 146 0
120.95 534 0
121.044 206 0
121.044 281 0
121.137 823 0
121.231 341 0
121.231 531 0
121.325 434 0
121.325 202 0
121.419 380 0
121.419 769 0
121.512 569 0
121.606 802 0
121.7 350 0
121.7 430 0
121.794 855 0
121.794 680 0
121.887 359 0
121.981 508 0
122.075 616 0
122.075 898 0
122.169 654 0
122.169 144 0
122.262 422 0
122.356 769 0
122.45 895 0
122.45 94 0
122.544 768 0
122.544 370 0
122.637 229 0
122.731 389 0
122.825 293 0
122.825 741 0
122.919 700 0
122.919 410 0
122.965 229 0
123.012 653 0
123.059 780 0
123.106 278 0
123.153 142 0
123.2 380 0
123.247 276 0
123.294 134 0
123.34 754 0
123.387 517 0
123.434 71 0
123.481 619 0
123.528 590 0
123.575 44 0
123.622 436 0
123.669 222 0
123.669 515 0
123.794 58 0
123.794 403 0
123.919 610 0
123.919 468 0
124.044 671 0
124.044 826 0
124.044 877 0
124.169 379 0
124.169 151 0
124.169 11 0
124.294 26 0
124.294 833 0
124.294 86 0
124.419 529 0
124.419 12 0
124.419 612 0
124.512 284 0
124.606 438 0
124.606 433 0
124.7 171 0
124.7 19 0
124.794 12 0
124.794 619 0
124.887 583 0
124.981 835 0
124.981 574 0
125.075 566 0
125.075 639 0
125.169 781 0
125.169 486 0
125.262 237 0
125.356 762 0
125.356 324 0
125.45 755 0
125.45 797 0
125.544 219 0
125.544 45 0
125.637 357 0
125.731 160 0
125.731 489 0
125.825 39 0
125.825 697 0
125.919 7 0
125.919 597 0
126.012 368 0
126.106 704 0
126.106 99 0
126.2 445 0
126.2 452 0
126.294 108 0
126.294 164 0
126.387 96 0
126.481 402 0
126.481 637 0
126.575 265 0
126.575 140 0
126.669 565 0
126.669 33 0
126.762 539 0
126.856 129 0
126.856 296 0
126.95 296 0
126.95 839 0
127.044 62 0
127.044 408 0
127.044 126 0
127.137 25 0
127.231 660 0
127.231 580 0
127.231 661 0
127.325 41 0
127.419 76 0
127.419 303 0
127.419 814 0
127.502 369 0
127.585 463 0
127.606 724 0
127.669 7 0
127.7 467 0
127.752 463 0
127.794 833 0
127.794 566 0
127.835 400 0
127.919 173 0
127.981 770 0
127.981 899 0
128.064 827 0
128.075 850 0
128.147 274 0
128.169 823 0
128.169 398 0
128.231 571 0
128.314 870 0
128.356 802 0
128.397 578 0
128.45 548 0
128.481 183 0
128.544 133 0
128.544 334 0
128.544 147 0
128.637 487 0
128.731 380 0
128.731 745 0
128.825 750 0
128.825 641 0
128.919 869 0
128.919 257 0
128.919 589 0
129.044 144 0
129.044 836 0
129.044 72 0
129.169 506 0
129.169 482 0
129.169 298 0
129.294 176 0
129.294 408 0
129.294 890 0
129.419 187 0
129.419 533 0
129.419 290 0
129.544 733 0
129.544 429 0
129.544 867 0
129.669 538 0
129.669 156 0
129.669 135 0
129.794 558 0
129.794 704 0
129.794 184 0
129.919 711 0
129.919 245 0
129.919 849 0
130.044 220 0.25
130.044 124 0.25
130.044 191 0.25
130.044 225 0.25
130.419 467 0
130.419 834 0
130.419 482 0
130.512 806 0
130.606 130 0
130.606 766 0
130.7 330 0
130.7 24 0
130.794 447 0
130.794 265 0
130.887 288 0
130.981 11 0
130.981 560 0
131.075 462 0
131.075 278 0
131.169 481 0
131.169 599 0
131.262 173 0
131.356 706 0
131.356 891 0
131.45 302 0
131.45 620 0
131.544 172 0
131.544 474 0
131.637 641 0
131.731 611 0
131.731 644 0
131.825 303 0
131.825 685 0
131.919 306 0
131.919 443 0
132.012 442 0
132.106 643 0
132.106 689 0
132.2 658 0
132.2 377 0
132.294 853 0
132.294 615 0
132.387 564 0
132.481 864 0
132.481 392 0
132.575 669 0
132.575 336 0
132.669 208 0
132.669 772 0
132.762 537 0
132.856 566 0
132.856 843 0
132.95 763 0
132.95 51 0
133.044 345 0
133.044 818 0
133.137 325 0
133.231 802 0
133.231 41 0
133.325 254 0
133.325 379 0
133.419 378 0
133.419 308 0
133.512 123 0
133.606 140 0
133.7 490 0
133.7 224 0
133.794 347 0
133.794 76 0
133.887 845 0
133.981 215 0
134.075 101 0
134.075 147 0
134.169 288 0
134.169 592 0
134.262 50 0
134.356 92 0
134.45 229 0
134.45 101 0
134.544 437 0
134.544 482 0
134.637 693 0
134.731 169 0
134.825 535 0
134.825 680 0
134.919 332 0
134.919 342 0
134.965 200 0
135.012 160 0
135.059 66 0
135.106 427 0
135.153 675 0
135.2 487 0
135.247 526 0
135.294 231 0
135.34 735 0
135.387 343 0
135.434 256 0
135.481 345 0
135.528 859 0
135.575 228 0
135.622 784 0
135.669 456 0
135.669 114 0
135.794 288 0
135.794 515 0
135.919 560 0
135.919 546 0
136.044 252 0
136.044 778 0
136.044 267 0
136.169 463 0
136.169 788 0
136.169 487 0
136.294 799 0
136.294 366 0
136.294 373 0
136.419 554 0
136.419 386 0
136.419 248 0
136.512 334 0
136.606 804 0
136.606 823 0
136.7 426 0
136.7 48 0
136.794 282 0
136.794 146 0
136.887 260 0
136.981 800 0
136.981 510 0
137.075 268 0
137.075 868 0
137.169 485 0
137.169 321 0
137.262 404 0
137.356 330 0
137.356 342 0
137.45 469 0
137.45 848 0
137.544 92 0
137.544 410 0
137.637 343 0
137.731 704 0
137.731 528 0
137.825 731 0
137.825 789 0
137.919 801 0
137.919 900 0
138.012 739 0
138.106 725 0
138.106 190 0
138.2 544 0
138.2 77 0
138.294 849 0
138.294 171 0
138.387 896 0
138.481 565 0
138.481 389 0
138.575 270 0
138.575 64 0
138.669 406 0
138.669 602 0
138.762 821 0
138.856 493 0
138.856 535 0
138.95 182 0
138.95 857 0
139.044 184 0
139.044 605 0
139.044 691 0
139.137 868 0
139.231 263 0
139.231 343 0
139.231 48 0
139.325 791 0
139.419 750 0
139.419 849 0
139.419 590 0
139.502 42 0
139.585 806 0
139.606 494 0
139.669 271 0
139.7 311 0
139.752 338 0
139.794 553 0
139.794 442 0
139.835 649 0
139.919 786 0
139.981 223 0
139.981 319 0
140.064 833 0
140.075 377 0
140.147 605 0
140.169 260 0
140.169 654 0
140.231 472 0
140.314 155 0
140.356 736 0
140.397 778 0
140.45 249 0
140.481 96 0
140.544 331 0
140.544 223 0
140.544 839 0
140.637 425 0
140.731 875 0
140.731 200 0
140.825 421 0
140.825 505 0
140.919 201 0
140.919 591 0
140.919 753 0
141.044 471 0
141.044 120 0
141.044 484 0
141.169 588 0
141.169 285 0
141.169 202 0
141.294 274 0
141.294 307 0
141.294 290 0
141.419 807 0
141.419 712 0
141.419 771 0
141.544 61 0
141.544 840 0
141.544 749 0
141.669 565 0
141.669 9 0
141.669 381 0
141.669 26 0
141.856 361 0
141.903 559 0
141.95 517 0
141.997 515 0
142.044 82 0
142.044 485 0
142.169 702 0
142.169 637 0
142.294 365 0
142.294 264 0
142.419 97 0.3
142.419 488 0.075
142.494 86 0.225
142.569 830 0.15
142.644 761 0
142.794 114 0.075
142.794 727 0.3
142.794 756 0.225
142.869 89 0.075
142.944 119 0.225
143.019 434 0.15
143.169 48 0.075
143.169 459 0.3
143.244 630 0.15
143.319 408 0.15
143.394 32 0.075
143.544 660 0.281
143.544 628 0.093
143.544 419 0.187
143.731 480 0.281
143.731 346 0.094
143.919 865 0
143.919 649 0.281
143.919 400 0.093
144.012 694 0.188
144.106 419 0.281
144.106 412 0
144.294 690 0
144.294 13 0.281
144.294 324 0.093
144.387 119 0.188
144.481 795 0.188
144.481 736 0
144.669 142 0.075
144.669 267 0.225
144.744 784 0.225
144.819 355 0.15
144.894 501 0
145.044 435 0.281
145.044 840 0.093
145.044 895 0.187
145.231 271 0.094
145.231 577 0.188
145.419 676 0.282
145.419 838 0.07
145.489 2 0.212
145.56 851 0.141
145.63 571 0
145.771 331 0.071
145.771 547 0.283
145.771 100 0.212
145.842 423 0.071
145.913 73 0.211
145.983 485 0.141
146.124 147 0.071
146.124 425 0.283
146.195 711 0.141
146.266 82 0.141
146.336 854 0.071
146.477 389 0.265
146.477 790 0.089
146.477 552 0.177
146.654 790 0.265
146.654 36 0.088
146.83 182 0
146.83 156 0.089
146.83 723 0.265
146.919 685 0.176
147.007 668 0.264
147.007 740 0
147.183 592 0.265
147.183 359 0
147.183 830 0.088
147.271 249 0.177
147.36 55 0.176
147.36 540 0
147.536 393 0.283
147.536 400 0.071
147.607 859 0.212
147.677 579 0.142
147.748 625 0
147.889 291 0.177
147.889 36 0.088
147.889 601 0.265
148.066 329 0.176
148.066 37 0.088
148.242 528 0.266
148.242 481 0.066
148.308 374 0.2
148.375 895 0.133
148.442 12 0
148.575 413 0.067
148.575 310 0.267
148.575 168 0.2
148.642 412 0.066
148.708 654 0.2
148.775 766 0.133
148.908 643 0.267
148.908 892 0.067
148.975 814 0.133
149.042 246 0.133
149.108 450 0.067
149.242 161 0.166
149.242 295 0.083
149.242 97 0.25
149.408 366 0.084
149.408 283 0.25
149.575 92 0
149.575 119 0.083
149.575 54 0.25
149.658 143 0.167
149.742 231 0
149.742 615 0.25
149.908 625 0
149.908 410 0.084
149.908 233 0.25
149.992 38 0.166
150.075 41 0.167
150.075 607 0
150.242 691 0.2
150.242 421 0.266
150.242 170 0.066
150.308 128 0.067
150.375 162 0.133
150.442 462 0.133
150.575 54 0.167
150.575 709 0.25
150.575 688 0.083
150.742 706 0.083
150.742 252 0.166
150.908 97 0.063
150.908 474 0.252
150.971 96 0.189
151.034 245 0.126
151.097 67 0.063
151.223 832 0.253
151.223 581 0.063
151.223 212 0.127
151.286 586 0.127
151.35 705 0.063
151.413 11 0.063
151.539 497 0.253
151.539 721 0.063
151.602 93 0.127
151.665 758 0.127
151.729 681 0.063
151.855 280 0.079
151.855 457 0.237
151.855 870 0.474
152.013 709 0.079
152.013 670 0.237
152.171 386 0.079
152.171 436 0.237
152.329 112 0.236
152.329 633 0.079
152.486 870 0.237
152.486 610 0.079
152.486 169 0.316
152.644 543 0.079
152.644 120 0.079
152.802 873 0
152.802 772 0
152.881 760 0
152.881 246 0
152.96 414 0
152.96 321 0
153.039 128 0
153.118 61 0
153.118 86 0
153.197 278 0
153.197 701 0
153.276 147 0
153.276 310 0
153.355 52 0
153.434 736 0.075
153.434 665 0.225
153.434 714 0
153.509 104 0.15
153.584 464 0.15
153.734 755 0.15
153.734 115 0.075
153.734 269 0.15
153.884 604 0.3
154.034 789 0.075
154.034 773 0.225
154.034 879 0
154.184 851 0.225
154.334 308 0
154.334 189 0.225
154.334 546 0.15
154.484 160 0.15
154.484 808 0.075
154.634 888 0.15
154.634 143 0.225
154.784 669 0.075
154.859 359 0.15
154.934 251 0.15
154.934 257 0.075
154.934 668 0.15
155.084 890 0.15
155.234 338 0.075
155.234 14 0.225
155.271 138 0.263
155.309 870 0.075
155.384 199 0.075
155.459 206 0.15
155.534 19 0.075
155.534 280 0.225
155.609 788 0.075
155.684 105 0.075
155.759 157 0.075
155.834 169 0.071
155.834 191 0.142
155.834 271 0.071
155.905 177 0.071
155.976 468 0.072
156.048 737 0.214
156.119 27 0.143
156.119 320 0.143
156.119 241 0.072
156.262 446 0.286
156.405 897 0.071
156.405 505 0.214
156.405 279 0
156.548 719 0.214
156.691 180 0
156.691 469 0.214
156.691 344 0.143
156.834 848 0.071
156.834 169 0.142
156.976 633 0.215
156.976 130 0.143
157.119 91 0.072
157.191 797 0.143
157.262 610 0.143
157.262 455 0.072
157.262 19 0.143
157.405 646 0.143
157.548 233 0.071
157.548 348 0.286
157.548 472 0.143
157.619 162 0.072
157.691 783 0.071
157.762 401 0.143
157.834 69 0.071
157.834 620 0.214
157.905 637 0.071
157.976 321 0.072
158.048 335 0.071
158.119 153 0.068
158.119 89 0.136
158.119 181 0.136
158.255 680 0
158.255 676 0.068
158.391 270 0.068
158.391 314 0.137
158.391 107 0.205
158.528 328 0
158.528 829 0.068
158.664 45 0.068
158.664 113 0.136
158.664 542 0.205
158.8 677 0
158.8 625 0.069
158.937 43 0.068
158.937 630 0.136
158.937 834 0
159.073 595 0.136
159.209 769 0.069
159.209 273 0.205
159.209 415 0.137
159.346 760 0.068
159.346 839 0
159.414 465 0.068
159.482 242 0.068
159.482 248 0.137
159.482 688 0.068
159.619 238 0.136
159.619 39 0.068
159.755 635 0.068
159.755 366 0
159.789 762 0.17
159.823 492 0.068
159.891 444 0.068
159.959 42 0.069
160.028 822 0.068
160.028 655 0.136
160.028 889 0
160.164 859 0.136
160.164 96 0.068
160.3 850 0.069
160.3 504 0.069
160.3 246 0.137
160.369 647 0
160.437 686 0
160.437 73 0
160.505 613 0
160.573 354 0.068
160.573 670 0.136
160.573 473 0.068
160.641 206 0
160.709 809 0
160.709 517 0
160.778 487 0
160.846 128 0.068
160.846 500 0.136
160.846 244 0.068
160.914 142 0
160.982 756 0
160.982 803 0
161.05 243 0
161.119 39 0.136
161.119 504 0.068
161.119 787 0.136
161.255 599 0
161.391 807 0
161.391 548 0
161.437 469 0
161.482 483 0
161.528 230 0
161.573 533 0
161.619 127 0
161.664 865 0
161.709 491 0
161.755 239 0
161.8 886 0
161.846 867 0
161.891 893 0
161.937 261 0.068
161.982 474 0.159
162.028 132 0.068
162.073 506 0.159
162.119 371 0.068
162.164 162 0.159
162.209 761 0.069
162.255 706 0.114
162.3 118 0.069
162.346 412 0.068
162.391 873 0.228
162.437 151 0.113
162.482 601 0.205
162.482 282 0.273
162.619 19 0
162.755 72 0.068
162.755 260 0.068
162.823 431 0.068
162.891 817 0.137
162.891 243 0.068
162.891 465 0.068
163.028 319 0
163.164 711 0.068
163.164 166 0.068
163.232 42 0.068
163.3 87 0.069
163.3 534 0.069
163.3 590 0.137
163.437 263 0
163.573 417 0.068
163.573 582 0.068
163.573 40 0.136
163.709 438 0
163.744 613 0
163.846 283 0
163.88 550 0
163.982 477 0
164.016 518 0.103
164.119 445 0.136
164.119 70 0.068
164.119 261 0.068
164.187 749 0.068
164.255 422 0.068
164.323 433 0.068
164.391 311 0.068
164.459 88 0.069
164.528 387 0.068
164.596 547 0.068
164.664 764 0.136
164.664 815 0.068
164.664 471 0.068
164.8 126 0
164.937 37 0.068
164.937 113 0.068
165.005 443 0.068
165.073 316 0.068
165.073 332 0.068
165.073 27 0.136
165.209 835 0
165.346 123 0.068
165.346 757 0.068
165.414 630 0.068
165.482 811 0.137
165.482 458 0.068
165.482 24 0.068
165.619 674 0
165.755 700 0.068
165.755 477 0.068
165.755 476 0.136
165.891 260 0
166.028 395 0
166.028 584 0
166.096 178 0
166.164 232 0
166.164 827 0
166.232 639 0
166.3 817 0.069
166.3 182 0.069
166.3 173 0.137
166.369 210 0.068
166.437 158 0.068
166.505 654 0.068
166.573 10 0.068
166.573 808 0.068
166.641 195 0.068
166.709 415 0.069
166.778 405 0.068
166.846 842 0.068
166.846 15 0.068
166.846 466 0.136
166.982 94 0
167.119 759 0.068
167.119 231 0.068
167.187 705 0.068
167.255 257 0.136
167.255 659 0.068
167.255 19 0.068
167.391 196 0
167.528 26 0.068
167.528 651 0.068
167.596 439 0.068
167.664 130 0.068
167.664 41 0.136
167.664 893 0.068
167.8 603 0
167.937 857 0.068
167.937 563 0.068
167.937 710 0.136
168.073 115 0
168.107 829 0
168.209 867 0
168.244 239 0
168.346 266 0
168.38 552 0.102
168.482 335 0.068
168.482 846 0.068
168.482 647 0.137
168.55 34 0.069
168.619 857 0.068
168.687 162 0.068
168.755 257 0.068
168.823 189 0.068
168.891 411 0.068
168.959 596 0.069
169.028 38 0.068
169.028 183 0.068
169.028 558 0.136
169.164 236 0
169.3 220 0.069
169.3 277 0.069
169.369 660 0.068
169.437 502 0.068
169.437 718 0.136
169.437 722 0.068
169.573 553 0
169.709 177 0.069
169.709 339 0.069
169.778 598 0.068
169.846 781 0.068
169.846 107 0.068
169.846 861 0.136
169.982 64 0
170.119 220 0.163
170.119 249 0.109
170.119 93 0.054
170.173 809 0.218
170.228 836 0.109
170.282 567 0.218
170.337 524 0.109
170.391 697 0.164
170.446 752 0.136
170.5 13 0.109
170.555 414 0.082
170.609 50 0.055
170.664 780 0.159
170.664 763 0.068
170.709 590 0.069
170.755 177 0.114
170.8 39 0.137
170.846 454 0.136
170.891 835 0.137
170.937 93 0.136
170.982 0 0.159
171.028 24 0.091
171.073 782 0.091
171.119 482 0.068
171.164 289 0.045
171.209 366 0.091
171.209 158 0.069
171.255 69 0.068
171.255 454 0.091
171.482 289 0
171.619 297 0
171.755 389 0
171.755 524 0
171.891 369 0
172.028 268 0.272
172.028 872 0
172.164 450 0
172.3 547 0.069
172.437 417 0
172.573 100 0.205
172.573 532 0
172.709 500 0.137
172.846 551 0
172.846 476 0.068
172.982 155 0
173.119 853 0.204
173.255 608 0
173.323 380 0
173.391 690 0.068
173.391 835 0
173.528 563 0
173.664 33 0.205
173.8 237 0.205
173.937 710 0.136
173.937 892 0
174.073 5 0
174.209 800 0.273
174.346 179 0
174.414 477 0
174.482 596 0.273
174.619 443 0
174.755 117 0
174.755 521 0
174.891 460 0
175.028 305 0.272
175.028 728 0
175.028 481 0
175.164 872 0
175.3 350 0.205
175.437 383 0
175.505 716 0
175.573 152 0.068
175.573 101 0
175.709 210 0
175.846 244 0.204
175.982 63 0.137
176.119 790 0.068
176.119 672 0
176.255 52 0
176.391 738 0.273
176.391 447 0
176.528 892 0
176.596 751 0
176.664 778 0.068
176.8 128 0
176.937 589 0.204
176.937 183 0
177.073 289 0.136
177.209 831 0.069
177.209 9 0
177.346 405 0
177.482 22 0.137
177.619 406 0.409
177.687 866 0
177.755 711 0
177.755 614 0.477
177.891 117 0
178.028 402 0
178.164 153 0.545
178.3 734 0
178.3 623 0
178.437 876 0
178.573 326 0.273
178.709 450 0
178.778 396 0
178.846 87 0.273
178.982 661 0.75
179.119 817 0
179.119 497 0
179.255 530 0
179.391 651 0
179.391 796 0
179.528 145 0.272
179.664 746 0.205
179.8 448 0.137
179.869 91 0
179.937 861 0.068
179.937 257 0
180.073 808 0
180.209 810 0.205
180.346 247 0.136
180.482 506 0.068
180.482 371 0
180.619 821 0
180.755 363 0
180.755 623 0.273
180.891 830 0
181.028 217 0.068
181.164 38 0
181.3 590 0
181.3 584 0.205
181.437 792 0.136
181.573 207 0.068
181.573 656 0
181.709 561 0
181.846 381 0.204
181.982 20 0
182.05 244 0
182.119 850 0
182.119 687 0.068
182.255 247 0
182.391 519 0.205
182.528 604 0.204
182.664 656 0
182.664 754 0.136
182.8 552 0
182.937 631 0.272
183.073 670 0.136
183.141 601 0
183.209 866 0.273
183.346 738 0.204
183.482 850 0
183.482 369 0
183.619 509 0
183.755 792 0
183.755 675 0
183.755 562 0.273
183.891 741 0
184.028 822 0.204
184.164 178 0
184.232 760 0
184.3 459 0.273
184.3 142 0
184.437 713 0.204
184.437 854 0
184.573 171 0.205
184.709 225 0.137
184.846 46 0.273
184.846 746 0
184.846 784 0
184.982 357 0.205
185.119 98 0.204
185.119 825 0
185.255 250 0.136
185.391 491 0.273
185.528 470 0.204
185.664 543 0.205
185.664 309 0
185.8 650 0.137
185.937 744 0.272
185.937 760 0
185.937 648 0
186.073 175 0.205
186.209 190 0.137
186.346 226 0
186.414 724 0
186.482 322 0.477
186.482 173 0
186.619 175 0
186.755 410 0
186.891 702 0.546
187.028 590 0
187.028 454 0
187.028 717 0
187.164 282 0
187.3 191 0.205
187.3 39 0
187.437 540 0
187.573 54 0.091
187.573 332 0.136
187.573 804 0.068
187.709 265 0
187.846 782 0
187.846 591 0
187.982 465 0.068
187.982 221 0.091
187.982 386 0.137
188.119 648 0
188.187 378 0
188.255 886 0
188.255 93 0
188.323 146 0
188.391 610 0
188.391 255 0
188.459 624 0
188.528 168 0
188.596 11 0
188.664 125 0
188.664 363 0
188.664 671 0
188.8 705 0
188.8 711 0
188.937 402 0
188.937 26 0
189.073 654 0
189.073 68 0
189.209 117 0
189.209 728 0
189.209 846 0
189.346 584 0
189.346 711 0
189.482 618 0
189.482 16 0
189.619 353 0
189.619 887 0
189.755 562 0
189.755 91 0
189.755 813 0
189.891 754 0
189.891 539 0
190.028 311 0
190.028 451 0
190.164 489 0
190.164 652 0
190.3 830 0
190.3 807 0
190.3 215 0
190.437 513 0
190.573 246 0
190.573 731 0
190.709 226 0
190.709 811 0
190.846 739 0
190.846 493 0
190.846 797 0
190.982 894 0
191.119 525 0
191.119 394 0
191.255 880 0
191.391 478 0
191.391 380 0
191.391 355 0
191.528 763 0
191.664 369 0
191.664 62 0
191.8 510 0
191.8 235 0
191.937 734 0
191.937 772 0
191.937 291 0
192.073 784 0
192.073 108 0
192.209 769 0
192.209 159 0
192.346 532 0
192.346 259 0
192.482 677 0
192.482 353 0
192.482 652 0
192.619 70 0
192.755 319 0
192.755 407 0
192.755 619 0
192.891 54 0
193.028 441 0
193.028 494 0
193.028 58 0
193.164 486 0
193.3 348 0
193.3 646 0
193.437 166 0
193.573 147 0
193.573 295 0
193.573 263 0
193.709 187 0
193.846 590 0
193.846 763 0
193.982 13 0
193.982 151 0
194.119 678 0
194.119 883 0
194.119 165 0
194.255 307 0
194.255 264 0
194.391 342 0
194.391 120 0
194.528 499 0
194.528 225 0
194.664 376 0
194.664 722 0
194.664 335 0
194.8 671 0
194.937 452 0
194.937 129 0
195.073 328 0
195.073 668 0
195.209 5 0
195.209 619 0
195.209 759 0
195.346 892 0
195.482 569 0
195.482 390 0
195.619 656 0
195.755 407 0
195.755 246 0
195.755 69 0
195.891 682 0
196.028 210 0
196.028 666 0
196.028 127 0
196.164 421 0
196.164 730 0
196.3 821 0
196.3 246 0
196.3 505 0
196.437 841 0
196.437 202 0
196.573 296 0
196.573 477 0
196.709 546 0
196.709 627 0
196.846 268 0
196.846 329 0
196.846 99 0
196.982 4 0
197.119 485 0
197.119 881 0
197.255 601 0
197.255 466 0
197.391 538 0
197.391 43 0
197.391 618 0
197.391 310 0
197.528 567 0
197.664 533 0
197.664 530 0
197.664 588 0
197.664 284 0
197.8 79 0
197.937 180 0
197.937 72 0
197.937 7 0
197.937 775 0
198.073 420 0
198.209 867 0
198.209 618 0
198.209 859 0
198.209 285 0
198.346 482 0
198.346 66 0
198.482 313 0
198.482 2 0
198.482 605 0
198.482 796 0
198.619 44 0
198.619 412 0
198.755 536 0
198.755 285 0
198.755 342 0
198.755 734 0
198.891 55 0
198.891 188 0
199.028 570 0
199.028 878 0
199.028 72 0
199.028 647 0
199.164 515 0
199.3 488 0
199.3 219 0
199.3 74 0
199.3 105 0
199.437 244 0
199.437 203 0
199.437 15 0
199.573 418 0
199.573 742 0
199.573 575 0
199.573 122 0
199.709 297 0
199.846 772 0
199.846 44 0
199.846 472 0
199.846 764 0
199.982 5 0
200.119 59 0
200.119 30 0
200.119 408 0
200.119 584 0
200.255 214 0
200.391 899 0
200.391 560 0
200.391 410 0
200.459 657 0
200.528 211 0
200.528 488 0
200.596 609 0
200.664 758 0
200.664 749 0
200.664 602 0
200.8 431 0
200.8 644 0
200.937 756 0
200.937 471 0
200.937 572 0
201.005 424 0
201.073 66 0
201.073 531 0
201.141 731 0
201.209 113 0
201.209 136 0
201.209 34 0
201.346 712 0
201.346 574 0
201.346 317 0
201.482 755 0
201.482 848 0
201.482 318 0
201.619 645 0
201.619 1 0
201.619 414 0
201.755 330 0
201.755 854 0
201.755 500 0
201.891 599 0
201.891 442 0
202.028 164 0
202.028 159 0
202.028 565 0
202.164 379 0
202.164 296 0
202.3 690 0
202.3 333 0
202.3 142 0
202.437 807 0
202.437 535 0
202.573 541 0
202.573 760 0
202.573 582 0
202.709 467 0
202.709 301 0
202.846 77 0
202.846 361 0
202.846 630 0
202.982 30 0
202.982 228 0
203.119 473 0
203.119 539 0
203.119 676 0
203.255 35 0
203.255 49 0
203.391 20 0
203.391 477 0
203.391 95 0
203.528 487 0
203.528 76 0
203.664 326 0
203.664 605 0
203.664 691 0
203.8 333 0
203.8 215 0
203.937 68 0
203.937 664 0
204.005 476 0
204.073 438 0
204.073 637 0
204.141 841 0
204.209 834 0
204.209 450 0
204.278 247 0
204.346 65 0
204.346 424 0
204.414 716 0
204.482 645 0
204.482 238 0
204.55 465 0
204.55 433 0
204.619 899 0
204.619 616 0
204.687 690 0
204.687 878 0
204.755 69 0
204.755 160 0
204.823 175 0
204.823 796 0
204.891 572 0
204.891 790 0
204.959 98 0
205.028 86 0
205.028 731 0
205.073 548 0
205.119 688 0
205.164 163 0
205.209 519 0
205.3 832 0
205.391 273 0
205.437 789 0
205.482 357 0
205.505 266 0
205.573 652 0
205.573 642 0
205.709 244 0
205.709 618 0
205.846 794 0
205.846 34 0
205.846 863 0
205.982 492 0
205.982 31 0
205.982 838 0
205.982 695 0
206.119 487 0.102
206.119 390 0.068
206.119 709 0.136
206.255 70 0
206.323 172 0
206.357 44 0.102
206.391 848 0.068
206.391 117 0.137
206.528 711 0.068
206.562 223 0.17
206.664 459 0.205
206.664 218 0
206.698 638 0.068
206.8 665 0.137
206.937 893 0.068
206.937 41 0.136
207.005 16 0
207.073 70 0
207.141 181 0.068
207.209 406 0.137
207.209 882 0.069
207.209 631 0.103
207.346 656 0
207.414 499 0
207.448 587 0.102
207.482 584 0.137
207.482 269 0.068
207.619 75 0.068
207.653 417 0.17
207.755 126 0.136
207.755 484 0
207.789 273 0.068
207.891 608 0.137
207.891 203 0.068
208.028 451 0.068
208.028 10 0.136
208.164 105 0
208.232 165 0
208.3 845 0.103
208.3 35 0.069
208.3 167 0.137
208.437 429 0
208.505 832 0
208.539 519 0.102
208.573 165 0.068
208.573 156 0.136
208.709 738 0.069
208.744 461 0.17
208.846 879 0.204
208.846 450 0
208.88 363 0.102
208.982 854 0.137
209.119 534 0.068
209.119 363 0.136
209.255 41 0
209.323 294 0.068
209.391 473 0.137
209.391 533 0.068
209.391 592 0.103
209.528 891 0
209.596 93 0.068
209.63 735 0.102
209.664 422 0
209.664 798 0.17
209.8 856 0.069
209.834 319 0.069
209.869 429 0.136
209.937 277 0.068
209.937 270 0
209.971 242 0.068
210.073 132 0.136
210.209 383 0
210.209 626 0
210.209 314 0
210.3 691 0
210.3 770 0
210.346 893 0.091
210.346 461 0.091
210.482 435 0.137
210.482 350 0.068
210.482 495 0.102
210.619 671 0
210.687 257 0
210.721 652 0.102
210.755 199 0.136
210.755 525 0.068
210.891 824 0.068
210.925 602 0.171
211.028 209 0
211.028 295 0.204
211.062 464 0.068
211.164 839 0.17
211.198 163 0.102
211.3 185 0.137
211.3 7 0.069
211.437 464 0
211.505 80 0.068
211.573 30 0.102
211.573 195 0.068
211.573 80 0.136
211.709 52 0
211.778 637 0
211.812 747 0.102
211.846 705 0.068
211.846 809 0.136
211.914 535 0
211.982 150 0.068
212.016 473 0.171
212.119 410 0
212.119 497 0.136
212.153 131 0.068
212.255 572 0.136
212.255 84 0.068
212.391 499 0.068
212.391 569 0.137
212.437 507 0.091
212.482 2 0.114
212.528 735 0.136
212.664 562 0.136
212.664 587 0.068
212.664 440 0.102
212.8 387 0
212.869 126 0.272
212.903 176 0.102
212.937 581 0
212.937 783 0.17
213.073 279 0.136
213.107 731 0.068
213.209 48 0
213.209 595 0
213.278 698 0.068
213.312 347 0.102
213.346 88 0.136
213.414 666 0
213.482 123 0
213.482 672 0
213.528 830 0.091
213.573 29 0.114
213.619 706 0.136
213.755 882 0
213.755 470 0
213.755 318 0
213.823 93 0
213.823 851 0
213.891 648 0
213.891 257 0
213.959 521 0
213.959 666 0
214.028 839 0.06
214.028 439 0.091
214.164 661 0.068
214.164 799 0.068
214.187 326 0.068
214.3 72 0.091
214.3 66 0.159
214.346 626 0.227
214.391 130 0.114
214.573 339 0
214.607 394 0.171
214.709 759 0
214.778 551 0
214.846 42 0.136
214.846 102 0.068
214.846 130 0.102
214.982 290 0
215.05 681 0
215.084 277 0.103
215.119 195 0.136
215.119 540 0.068
215.187 469 0
215.255 131 0.068
215.289 201 0.17
215.391 57 0
215.391 307 0.205
215.425 304 0.069
215.528 483 0.136
215.596 124 0
215.664 620 0.136
215.664 470 0.068
215.732 345 0
215.8 503 0
215.869 34 0.068
215.937 577 0.102
215.937 661 0.068
215.937 254 0.136
216.073 48 0
216.141 683 0
216.175 286 0.103
216.209 132 0.069
216.209 432 0.137
216.278 653 0
216.346 443 0.068
216.38 854 0.17
216.482 344 0
216.482 738 0.137
216.516 289 0.068
216.619 158 0.068
216.619 329 0.136
216.687 776 0
216.755 565 0.136
216.755 399 0.068
216.823 636 0
216.891 147 0
216.959 671 0
217.028 640 0.136
217.028 609 0.068
217.028 552 0.102
217.164 409 0
217.232 859 0
217.266 622 0.103
217.3 740 0.137
217.3 455 0.069
217.369 306 0
217.437 449 0.068
217.471 567 0.17
217.573 216 0
217.573 624 0.205
217.607 704 0.068
217.709 784 0.137
217.778 699 0
217.846 126 0.136
217.846 752 0.068
217.914 446 0
217.982 145 0
218.05 75 0.069
218.119 677 0.102
218.119 125 0.068
218.119 384 0.136
218.255 721 0
218.323 801 0.068
218.357 688 0.102
218.391 549 0.171
218.391 164 0
218.459 692 0
218.528 710 0.068
218.562 452 0.068
218.596 134 0.136
218.664 264 0
218.664 217 0.068
218.698 628 0.068
218.8 439 0.137
218.8 872 0.069
218.937 691 0
218.937 78 0
218.937 462 0
219.028 120 0
219.028 535 0
219.073 816 0.091
219.073 232 0.091
219.209 603 0.091
219.209 673 0
219.24 784 0
219.27 657 0.061
219.3 810 0
219.414 369 0
219.414 826 0.091
219.445 758 0
219.475 113 0.061
219.505 331 0
219.619 59 0.068
219.619 420 0.09
219.65 818 0
219.755 55 0
219.755 69 0
219.823 708 0
219.891 19 0
219.891 22 0
219.959 373 0
220.028 595 0
220.028 569 0
220.096 70 0
220.096 199 0
220.164 270 0
220.232 282 0
220.3 93 0
220.3 624 0.091
220.331 793 0
220.361 302 0.061
220.391 227 0
220.505 820 0.091
220.505 17 0
220.536 344 0
220.566 516 0.061
220.596 353 0
220.709 197 0.091
220.709 663 0.069
220.741 440 0
220.846 233 0
220.846 224 0
220.914 678 0
220.982 753 0
220.982 756 0
221.05 821 0
221.119 708 0
221.119 734 0
221.187 435 0
221.187 800 0
221.255 757 0
221.323 607 0
221.391 852 0.068
221.391 742 0.068
221.425 208 0.103
221.425 468 0.103
221.528 620 0
221.596 52 0
221.596 145 0
221.664 163 0
221.664 66 0
221.664 636 0
221.732 350 0
221.8 38 0.069
221.8 274 0.103
221.937 575 0
221.937 234 0
221.937 667 0
222.005 166 0.091
222.028 446 0
222.05 351 0
222.073 835 0.068
222.209 377 0.182
222.209 850 0.091
222.209 508 0
222.278 581 0
222.346 191 0.068
222.346 436 0.102
222.482 728 0
222.482 123 0
222.55 336 0
222.55 152 0
222.619 541 0
222.619 358 0
222.687 777 0
222.687 537 0
222.755 635 0.06
222.755 549 0.091
222.891 219 0.091
222.891 232 0.061
223.028 586 0.187
223.028 70 0.045
223.164 811 0.085
223.232 622 0
223.232 281 0
223.3 601 0.076
223.3 610 0
223.331 460 0.106
223.437 780 0.075
223.467 242 0.106
223.573 768 0.102
223.573 476 0.068
223.573 295 0.136
223.709 769 0
223.778 386 0
223.812 824 0.102
223.846 586 0.068
223.846 863 0.136
223.914 643 0
223.982 58 0.068
224.016 737 0.171
224.119 284 0.204
224.119 715 0
224.153 156 0.068
224.255 849 0.136
224.323 113 0
224.391 404 0.068
224.391 340 0.137
224.459 386 0
224.528 537 0
224.596 327 0.068
224.664 464 0.136
224.664 7 0.068
224.664 599 0.102
224.8 720 0
224.869 520 0
224.903 828 0.102
224.937 69 0.136
224.937 405 0.068
225.005 415 0
225.073 350 0.068
225.107 278 0.171
225.209 56 0.137
225.209 46 0
225.244 705 0.068
225.346 714 0.136
225.346 751 0.068
225.414 461 0
225.482 614 0.068
225.482 451 0.137
225.55 685 0
225.619 420 0
225.687 386 0
225.755 864 0.102
225.755 733 0.068
225.755 164 0.136
225.891 385 0
225.959 95 0
225.994 642 0.102
226.028 539 0.068
226.028 313 0.136
226.096 339 0
226.164 157 0.068
226.198 689 0.171
226.3 806 0.205
226.3 4 0
226.334 376 0.069
226.437 283 0.136
226.505 25 0
226.573 757 0.068
226.573 354 0.136
226.641 494 0
226.709 896 0
226.778 706 0.068
226.846 648 0.136
226.846 22 0.068
226.846 719 0.102
226.982 862 0
227.05 734 0.069
227.084 48 0.103
227.119 225 0
227.119 395 0.17
227.187 272 0
227.255 900 0.068
227.289 882 0.068
227.323 563 0.136
227.391 719 0.068
227.391 684 0
227.425 473 0.069
227.528 702 0.068
227.528 116 0.136
227.664 513 0
227.664 304 0
227.664 802 0
227.755 24 0
227.755 351 0
227.8 215 0.091
227.8 17 0.091
227.937 864 0.136
227.937 550 0.068
227.937 860 0.102
228.073 109 0
228.141 805 0
228.175 887 0.103
228.209 125 0.137
228.209 304 0.069
228.278 75 0
228.346 638 0.068
228.38 275 0.17
228.482 59 0
228.482 149 0.205
228.516 761 0.068
228.619 247 0.136
228.687 750 0
228.755 825 0.136
228.755 538 0.068
228.823 315 0
228.891 191 0
228.959 878 0.069
229.028 879 0.102
229.028 291 0.068
229.028 34 0.136
229.164 812 0
229.232 781 0
229.266 755 0.103
229.3 841 0.069
229.3 223 0.137
229.369 838 0
229.437 488 0.068
229.471 332 0.17
229.573 374 0
229.573 521 0.136
229.607 839 0.068
229.709 728 0.137
229.709 808 0.069
229.778 132 0
229.846 374 0.068
229.846 321 0.136
229.891 690 0.091
229.937 433 0.113
229.982 391 0.137
230.119 693 0.136
230.119 477 0.068
230.119 705 0.102
230.255 654 0
230.323 181 0
230.357 478 0.102
230.391 97 0.137
230.391 879 0.068
230.459 719 0
230.528 320 0.068
230.562 693 0.102
230.664 198 0
230.664 502 0
230.732 221 0.068
230.766 229 0.103
230.8 823 0.137
230.869 151 0
230.937 822 0
230.937 570 0
230.982 598 0.091
231.028 704 0.113
231.073 634 0.136
231.209 758 0
231.209 526 0
231.209 550 0
231.278 796 0
231.278 704 0
231.346 260 0
231.346 170 0
231.414 409 0
231.414 11 0
231.482 244 0.06
231.482 402 0.091
231.619 544 0.068
231.619 292 0.068
231.641 401 0.068
231.755 348 0.091
231.755 442 0.159
231.8 863 0.228
231.846 649 0.113
232.028 360 0
232.062 735 0.17
232.164 339 0
232.232 638 0
232.3 538 0.103
232.3 174 0.069
232.3 546 0.137
232.437 32 0
232.505 112 0
232.539 574 0.102
232.573 339 0.068
232.573 470 0.136
232.641 885 0
232.709 762 0.069
232.744 321 0.17
232.846 63 0.204
232.846 602 0
232.88 183 0.068
232.982 380 0.137
233.05 195 0
233.119 455 0.068
233.119 639 0.136
233.187 701 0
233.255 851 0
233.323 31 0.068
233.391 783 0.137
233.391 389 0.068
233.391 70 0.103
233.528 79 0
233.596 221 0
233.63 435 0.102
233.664 626 0.136
233.664 169 0.068
233.732 103 0
233.8 166 0.069
233.834 726 0.171
233.937 76 0.136
233.937 721 0
233.971 872 0.068
234.073 587 0.136
234.073 667 0.068
234.141 681 0
234.209 541 0.069
234.209 177 0.137
234.278 278 0
234.346 848 0
234.414 681 0
234.482 502 0.102
234.482 458 0.068
234.482 52 0.137
234.619 740 0
234.687 554 0
234.721 321 0.102
234.755 452 0.068
234.755 371 0.136
234.823 798 0
234.891 75 0.068
234.925 797 0.171
235.028 149 0.227
235.028 156 0
235.062 149 0.068
235.164 775 0.136
235.164 358 0.091
235.3 823 0
235.3 173 0
235.3 51 0
235.369 741 0
235.437 625 0
235.437 276 0
235.505 371 0
235.573 645 0.091
235.573 471 0.061
235.603 558 0.122
235.634 899 0.06
235.778 813 0.091
235.778 370 0.061
235.808 764 0.123
235.839 52 0.06
235.982 425 0.122
235.982 378 0.152
236.013 544 0.091
236.013 721 0.06
236.255 312 0.085
236.255 165 0.136
236.255 94 0.085
236.391 71 0.051
236.391 45 0.085
236.391 141 0.051
236.528 450 0.085
236.528 869 0.051
236.528 627 0.085
236.664 23 0.091
236.664 354 0
236.694 505 0
236.724 520 0.061
236.755 755 0
236.869 389 0.09
236.869 172 0
236.899 31 0
236.929 266 0.061
236.959 468 0
237.073 872 0.091
237.073 236 0.068
237.104 165 0
237.209 781 0
237.209 86 0
237.278 159 0
237.346 77 0
237.346 8 0
237.414 274 0
237.482 718 0
237.482 286 0
237.55 771 0
237.55 542 0
237.619 417 0
237.687 874 0
237.755 878 0.091
237.755 717 0
237.785 656 0
237.815 147 0.061
237.846 610 0
237.959 429 0
237.959 51 0.091
237.99 676 0
238.02 52 0.061
238.05 670 0
238.164 877 0.068
238.164 328 0.091
238.195 725 0
238.3 372 0
238.3 468 0
238.369 189 0
238.437 673 0
238.437 397 0
238.505 196 0
238.573 778 0
238.573 860 0
238.641 312 0
238.641 200 0
238.709 696 0
238.778 180 0
238.846 622 0
238.846 563 0.068
238.88 274 0.102
238.914 682 0
238.982 774 0
239.05 18 0
239.05 468 0
239.119 629 0
239.119 156 0
239.187 519 0
239.255 489 0
239.323 184 0
239.391 306 0
239.391 795 0
239.391 498 0
239.459 696 0
239.494 282 0
239.528 730 0
239.596 541 0
239.664 39 0.136
239.664 482 0
239.732 275 0.102
239.8 731 0.069
239.8 531 0
239.869 49 0
239.937 175 0
239.937 673 0
240.005 279 0
240.005 90 0
240.073 587 0
240.073 622 0
240.141 40 0
240.141 647 0
240.209 84 0.091
240.209 184 0.06
240.346 785 0.068
240.346 679 0.045
240.346 217 0.091
240.482 637 0.091
240.482 805 0.046
240.482 240 0.188
240.619 209 0.085
240.687 137 0
240.687 475 0
240.755 662 0
240.755 341 0.075
240.785 611 0.106
240.891 330 0.075
241.028 514 0.204
241.028 880 0.068
241.028 360 0.272
241.028 836 0.136
241.164 126 0.068
241.3 659 0.069
241.3 269 0.205
241.3 591 0.137
241.437 459 0.068
241.573 688 0.136
241.573 172 0.205
241.573 590 0.068
241.709 616 0.069
241.846 674 0.068
241.846 406 0.204
241.846 357 0.136
241.982 675 0.068
242.119 324 0.068
242.119 349 0.204
242.119 397 0.136
242.255 594 0.068
242.391 26 0.068
242.391 795 0.205
242.391 320 0.137
242.528 770 0.068
242.664 602 0.136
242.664 356 0.205
242.664 727 0.068
242.8 86 0.069
242.937 59 0.204
242.937 164 0.068
242.937 789 0.068
242.937 295 0.136
243.073 713 0.068
243.073 274 0.068
243.209 602 0.273
243.209 801 0.137
243.209 533 0.205
243.209 223 0.069
243.346 322 0.068
243.482 204 0.137
243.482 882 0.205
243.482 200 0.068
243.619 360 0.068
243.755 327 0.068
243.755 94 0.204
243.755 370 0.136
243.891 89 0.068
244.028 283 0.136
244.028 21 0.204
244.028 221 0.068
244.164 635 0.068
244.3 295 0.137
244.3 749 0.205
244.3 663 0.069
244.437 6 0.068
244.437 193 0.136
244.573 478 0.136
244.573 426 0.205
244.573 162 0.068
244.709 82 0.069
244.846 526 0.068
244.846 877 0.204
244.846 301 0.136
244.982 58 0.068
245.119 323 0.068
245.119 824 0.09
245.141 1 0.114
245.164 160 0.159
245.391 103 0.205
245.391 406 0.068
245.391 701 0.273
245.391 507 0.137
245.528 676 0.068
245.664 540 0.068
245.664 393 0.205
245.664 843 0.136
245.8 481 0.069
245.937 23 0.136
245.937 485 0.204
245.937 275 0.068
246.073 353 0.136
246.209 718 0.137
246.209 776 0.069
246.278 538 0.136
246.346 369 0.068
246.346 374 0.068
246.414 880 0.068
246.482 835 0.068
246.482 346 0.205
246.482 757 0.137
246.619 844 0.068
246.755 427 0.068
246.755 360 0.204
246.755 111 0.204
246.891 186 0.068
246.891 708 0.137
247.028 218 0.136
247.028 375 0.204
247.028 109 0.068
247.164 658 0.068
247.3 854 0.069
247.3 356 0.137
247.3 203 0.137
247.437 421 0.068
247.437 278 0.068
247.573 834 0.273
247.573 70 0.136
247.573 79 0.205
247.573 166 0.068
247.709 408 0.069
247.846 596 0.068
247.846 669 0.204
247.846 77 0.204
247.914 425 0.068
247.982 545 0.068
248.05 663 0.069
248.119 845 0.068
248.119 271 0.204
248.119 541 0.136
248.255 87 0.068
248.391 696 0.068
248.391 317 0.068
248.391 873 0.137
248.459 112 0.069
248.528 282 0.136
248.596 364 0.068
248.664 678 0.091
248.664 653 0.045
248.8 717 0.137
248.869 275 0.045
248.937 42 0.136
249.005 595 0.045
249.073 233 0.136
249.141 170 0
249.209 75 0
249.209 601 0.273
249.346 457 0.091
249.414 433 0
249.482 170 0.137
249.482 404 0.068
249.619 71 0.136
249.619 399 0.068
249.755 686 0.204
249.755 305 0.091
249.786 809 0.151
249.891 854 0.068
249.925 11 0.137
250.028 695 0.068
250.028 269 0.204
250.028 109 0.091
250.164 216 0.091
250.198 740 0
250.283 92 0.051
250.3 713 0.069
250.3 577 0.205
250.437 375 0.068
250.437 803 0.051
250.544 610 0.182
250.573 641 0.205
250.573 899 0.061
250.709 538 0.091
250.709 515 0.061
250.846 897 0.204
250.846 460 0.055
250.901 848 0.109
250.956 507 0.163
250.982 72 0.068
251.119 653 0.204
251.119 131 0
251.158 22 0.078
251.197 830 0.156
251.236 604 0.078
251.391 558 0.205
251.391 830 0.137
251.437 480 0.045
251.482 601 0.091
251.528 675 0.136
251.664 26 0.136
251.664 169 0
251.664 217 0
251.8 445 0.046
251.8 691 0.046
251.937 252 0.204
251.937 225 0
251.937 418 0.068
251.971 669 0.068
252.073 226 0.091
252.141 745 0.091
252.209 567 0.205
252.209 673 0.046
252.209 407 0
252.323 373 0.114
252.369 657 0.113
252.482 399 0.205
252.482 117 0.068
252.528 298 0.113
252.573 644 0.136
252.619 616 0.136
252.755 515 0.204
252.755 677 0.091
252.755 347 0.068
252.823 824 0.091
252.891 805 0.137
253.028 432 0.091
253.028 893 0.045
253.096 473 0.091
253.164 2 0.136
253.164 872 0.045
253.3 827 0.069
253.3 602 0.091
253.3 140 0.205
253.369 480 0.09
253.437 172 0.136
253.573 210 0.205
253.573 482 0.119
253.632 89 0.098
253.692 100 0.154
253.749 428 0.059
253.846 59 0.227
253.846 789 0.227
253.846 434 0.227
254.119 167 0.204
254.119 744 0.09
254.149 771 0.151
254.255 332 0.068
254.289 283 0.136
254.391 6 0.068
254.391 189 0.205
254.391 754 0.091
254.528 534 0.091
254.562 799 0
254.647 39 0.051
254.664 61 0.068
254.664 506 0.205
254.8 27 0.069
254.8 674 0.051
254.907 337 0.121
254.937 708 0.091
254.937 506 0
255.005 206 0.068
255.073 759 0
255.073 246 0.091
255.141 861 0
255.209 253 0.205
255.209 134 0.055
255.264 741 0.109
255.319 461 0.163
255.346 156 0.068
255.482 164 0
255.482 640 0.068
255.522 360 0.117
255.56 443 0.156
255.619 577 0.068
255.619 269 0.136
255.755 426 0.204
255.755 326 0.136
255.8 379 0.046
255.846 401 0.091
255.891 543 0.137
256.028 594 0.136
256.028 772 0
256.028 344 0
256.164 852 0.045
256.164 671 0.045
256.3 676 0.205
256.3 626 0
256.3 55 0.069
256.334 544 0.069
256.437 86 0.068
256.459 300 0.137
256.573 543 0.046
256.573 34 0.046
256.641 710 0
256.709 704 0.114
256.732 20 0.068
256.778 167 0
256.846 655 0.113
256.846 734 0.091
256.914 226 0
256.982 372 0.114
257.005 812 0.068
257.119 642 0.09
257.119 177 0.09
257.187 127 0
257.187 693 0
257.255 811 0
257.255 632 0
257.323 72 0
257.323 814 0
257.391 270 0
257.391 611 0
257.391 825 0.068
257.459 307 0.091
257.528 331 0.136
257.596 731 0.045
257.664 748 0.045
257.732 453 0
257.8 435 0.091
257.869 429 0
257.914 2 0
257.959 210 0
257.998 480 0
258.028 134 0
258.059 364 0
258.09 71 0
258.119 559 0
258.209 779 0.205
258.209 815 0.205
258.244 557 0.136
258.244 453 0.136
258.482 261 0
258.482 672 0
258.521 215 0
258.56 776 0
258.599 460 0
258.638 84 0
258.677 658 0
258.716 444 0
258.755 742 0
258.823 502 0
258.891 517 0
258.891 669 0
258.982 108 0
259.028 211 0
259.028 369 0
259.073 615 0
259.119 76 0
259.164 331 0
259.232 195 0
259.3 323 0
259.3 414 0
259.346 519 0
259.391 95 0
259.437 92 0
259.505 215 0
259.573 820 0
259.596 89 0
259.709 644 0
259.709 15 0
259.732 344 0
259.846 837 0
259.846 345 0
259.891 770 0
259.937 290 0
259.982 296 0
260.05 586 0
260.119 575 0
260.119 239 0
260.173 735 0
260.227 288 0
260.282 734 0
260.391 115 0
260.391 695 0
260.459 105 0
260.528 270 0
260.528 172 0
260.596 602 0
260.664 804 0
260.664 71 0
260.755 392 0
260.8 361 0
260.8 96 0
260.891 570 0
260.937 525 0
260.982 507 0
261.073 413 0
261.073 643 0
261.164 96 0
261.209 891 0
261.209 139 0
261.255 7 0
261.3 558 0
261.346 855 0
261.414 375 0
261.482 468 0
261.482 485 0
261.528 792 0
261.573 350 0
261.619 76 0
261.687 334 0
261.755 757 0
261.778 708 0
261.891 548 0
261.891 556 0
261.914 149 0
262.028 106 0
262.028 187 0
262.05 510 0
262.164 45 0
262.164 162 0
262.187 258 0
262.3 523 0
262.3 526 0
262.369 856 0
262.437 819 0
262.437 54 0
262.505 240 0
262.573 572 0
262.573 880 0
262.641 676 0
262.641 388 0
262.709 266 0
262.778 299 0
262.846 259 0
262.846 670 0
262.885 555 0
262.924 893 0
262.963 139 0
263.002 189 0
263.041 237 0
263.08 425 0
263.119 402 0
263.187 608 0
263.255 448 0
263.255 189 0
263.346 732 0
263.391 896 0
263.391 752 0
263.437 640 0
263.482 537 0
263.528 436 0
263.596 419 0
263.664 181 0
263.664 233 0
263.709 350 0
263.755 889 0
263.8 120 0
263.869 527 0
263.937 53 0
263.959 358 0
264.073 825 0
264.073 49 0
264.096 715 0
264.209 838 0
264.209 364 0
264.255 32 0
264.3 174 0
264.346 271 0
264.414 846 0
264.482 98 0
264.482 730 0
264.537 186 0
264.591 85 0
264.646 881 0
264.755 131 0
264.755 129 0
264.823 457 0
264.891 694 0
264.891 74 0
264.959 598 0
265.028 662 0
265.028 2 0
265.119 572 0
265.164 582 0
265.164 531 0
265.255 398 0
265.3 767 0
265.346 663 0
265.437 834 0
265.437 58 0
265.528 883 0
265.573 640 0
265.573 261 0
265.619 118 0
265.664 660 0
265.709 397 0
265.778 529 0
265.846 298 0
265.846 343 0
265.891 824 0
265.937 218 0
265.982 656 0
266.05 310 0
266.119 566 0
266.141 319 0
266.255 162 0
266.255 857 0
266.278 259 0
266.391 368 0
266.459 423 0
266.528 344 0
266.528 845 0
266.596 168 0
266.664 778 0
266.664 890 0
266.732 594 0
266.8 609 0
266.8 110 0
266.869 100 0
266.937 146 0
266.937 381 0
267.005 64 0
267.073 757 0
267.073 558 0
267.141 153 0
267.209 603 0
267.209 395 0
267.248 388 0
267.287 177 0
267.326 765 0
267.365 422 0
267.404 90 0
267.443 313 0
267.482 408 0
267.482 771 0
267.55 420 0
267.619 463 0
267.619 550 0
267.687 504 0
267.755 663 0
267.789 602 0
267.823 677 0
267.869 259 0
267.914 829 0
267.959 285 0
268.028 74 0
268.028 809 0
268.096 515 0
268.164 309 0
268.232 645 0
268.3 525 0
268.323 688 0
268.437 894 0
268.437 57 0
268.459 883 0
268.573 568 0
268.573 651 0
268.619 887 0
268.664 375 0
268.709 246 0
268.709 789 0
268.778 777 0
268.846 739 0
268.846 260 0
268.891 862 0
268.937 647 0
268.982 458 0
269.119 384 0
269.119 162 0
269.164 205 0
269.209 837 0
269.255 375 0
269.391 278 0
269.391 499 0
269.43 384 0
269.469 359 0
269.508 653 0
269.547 278 0
269.586 14 0
269.625 490 0
269.664 664 0
269.664 157 0
269.732 733 0
269.8 466 0
269.8 63 0
269.869 749 0
269.937 622 0
269.971 180 0
270.005 836 0
270.05 488 0
270.096 65 0
270.141 123 0
270.209 811 0
270.209 551 0
270.278 883 0
270.346 43 0
270.414 564 0
270.482 540 0
270.505 562 0
270.619 643 0
270.619 152 0
270.641 628 0
270.755 25 0
270.755 175 0
270.778 678 0
270.891 800 0
270.891 763 0
270.914 553 0
271.028 490 0
271.028 761 0
271.096 552 0
271.164 894 0
271.164 519 0
271.232 95 0
271.3 554 0
271.3 572 0
271.369 800 0
271.437 207 0
271.437 4 0
271.505 750 0
271.505 121 0
271.573 31 0
271.573 321 0
271.612 206 0
271.651 697 0
271.69 467 0
271.729 344 0
271.768 292 0
271.807 432 0
271.846 300 0
271.846 746 0
271.914 346 0
271.982 832 0
271.982 378 0
272.05 27 0
272.119 400 0
272.153 303 0
272.187 91 0
272.232 869 0
272.278 326 0
272.323 751 0
272.391 503 0
272.391 622 0
272.459 478 0
272.528 317 0
272.596 88 0
272.664 600 0
272.687 855 0
272.8 278 0
272.8 737 0
272.823 485 0
272.937 163 0
272.937 381 0
272.982 331 0
273.028 294 0
273.073 237 0
273.073 260 0
273.141 454 0
273.209 635 0
273.209 687 0
273.255 525 0
273.3 100 0
273.346 743 0
273.482 751 0
273.482 761 0
273.528 20 0
273.573 580 0
273.619 453 0
273.755 673 0
273.755 529 0
273.823 167 0
273.891 479 0
273.891 641 0
273.959 419 0
273.959 68 0
274.028 124 0
274.028 363 0
274.096 590 0
274.164 843 0
274.164 815 0
274.232 785 0
274.232 477 0
274.3 713 0
274.3 481 0
274.369 852 0
274.437 826 0
274.437 717 0
274.505 373 0
274.505 60 0
274.573 317 0
274.573 708 0
274.641 757 0
274.709 596 0
274.709 254 0
274.778 455 0
274.778 190 0
274.846 35 0
274.846 154 0
274.914 872 0
274.982 887 0
274.982 895 0
275.05 828 0
275.119 869 0
275.119 830 0
275.187 870 0
275.255 98 0
275.255 794 0
275.323 791 0
275.391 589 0
275.391 801 0
275.391 788 0
275.528 456 0
275.528 681 0
275.528 784 0
275.664 94 0
275.664 415 0
275.664 55 0
275.8 75 0
275.937 838 0
275.937 604 0
275.959 5 0.069
275.959 675 0.069
276.073 437 0.136
276.073 702 0.136
276.096 205 0.091
276.096 791 0.091
