5.062 32 0
5.062 758 0
5.215 313 0
5.368 455 0
5.521 383 0
5.674 394 0
5.827 813 0
5.98 83 0
6.133 659 0
6.286 452 0
6.286 185 0
6.439 210 0
6.592 279 0
6.745 335 0
6.898 656 0
7.051 214 0
7.204 4 0
7.357 23 0
7.51 275 0
7.51 56 0
7.664 221 0
7.817 837 0
7.97 519 0
8.123 331 0
8.276 379 0
8.429 17 0
8.582 512 0
8.735 264 0
8.735 768 0
8.888 173 0
9.041 185 0
9.194 445 0
9.347 345 0
9.5 323 0
9.653 219 0
9.806 766 0
9.959 627 0
9.959 93 0
10.113 156 0
10.266 103 0
10.419 84 0
10.572 757 0
10.725 739 0
10.878 247 0
11.031 724 0
11.184 235 0
11.184 541 0
11.337 805 0
11.49 729 0
11.643 442 0
11.796 607 0
11.949 233 0
12.102 763 0
12.255 51 0
12.408 36 0
12.408 391 0
12.562 159 0
12.715 249 0
12.868 141 0
13.021 344 0
13.174 360 0
13.327 556 0
13.48 890 0
13.633 303 0
13.633 16 0
13.786 878 0
13.939 394 0
14.092 479 0
14.245 433 0
14.398 882 0
14.551 824 0
14.704 286 0
14.857 793 0.077
14.857 749 0
15.01 264 0
15.164 608 0
15.164 440 0
15.317 669 0.076
15.47 577 0
15.47 219 0
15.623 516 0.076
15.776 805 0
15.776 623 0
15.929 499 0
16.082 35 0.076
16.082 76 0
16.235 367 0
16.388 46 0
16.388 372 0
16.541 512 0.077
16.694 169 0
16.694 162 0
16.847 211 0.077
17.0 542 0
17.0 436 0
17.153 786 0
17.306 368 0.077
17.306 657 0
17.459 773 0
17.613 338 0
17.613 685 0
17.766 293 0.076
17.766 717 0
17.919 573 0
18.072 73 0.076
18.072 475 0
18.225 162 0
18.378 884 0
18.531 469 0.076
18.531 653 0
18.684 175 0
18.837 432 0
18.837 36 0
18.99 458 0.077
19.143 573 0
19.143 36 0
19.296 821 0.077
19.449 74 0
19.449 815 0
19.602 676 0
19.755 18 0.077
19.755 534 0
19.908 203 0
20.062 840 0
20.062 308 0
20.215 318 0.076
20.368 74 0
20.368 316 0
20.521 667 0.076
20.674 441 0
20.674 63 0
20.827 429 0
20.98 899 0.076
20.98 122 0
21.133 374 0
21.286 597 0
21.286 611 0
21.439 853 0.077
21.592 144 0
21.592 830 0
21.745 190 0.077
21.898 38 0
22.051 604 0
22.204 636 0
22.204 380 0
22.204 879 0
22.357 738 0
22.357 179 0
22.51 494 0
22.664 554 0
22.664 342 0
22.664 192 0
22.817 259 0
22.817 511 0
22.97 559 0
23.123 650 0
23.123 474 0
23.123 284 0
23.276 19 0
23.276 448 0
23.429 549 0
23.429 197 0
23.505 109 0
23.505 232 0
23.582 366 0
23.582 313 0
23.658 243 0
23.658 329 0
23.735 108 0
23.735 314 0
23.812 114 0
23.812 154 0
23.888 747 0
23.888 505 0
23.965 273 0
23.965 407 0
24.041 764 0
24.041 34 0
24.118 65 0
24.118 115 0
24.194 337 0
24.232 219 0
24.271 119 0
24.309 626 0
24.347 283 0
24.347 821 0
24.424 28 0
24.424 421 0
24.5 274 0
24.539 859 0
24.577 258 0
24.615 818 0
24.653 255 0
24.653 829 0
27.102 64 0
27.102 222 0
27.255 424 0
27.255 638 0
27.562 552 0
27.562 557 0
27.715 785 0
27.715 134 0
28.021 743 0
28.021 674 0
28.174 874 0
28.174 713 0
28.48 849 0
28.48 739 0
28.633 813 0
28.633 204 0
28.786 26 0
28.824 131 0
28.863 353 0
28.901 162 0
28.939 556 0
28.939 616 0
29.016 836 0
29.092 117 0
29.092 616 0
29.169 883 0
29.245 334 0
29.245 400 0
29.322 593 0
29.398 788 0
29.398 626 0
29.475 413 0
29.551 635 0
29.551 370 0
29.628 879 0
29.704 705 0
29.781 210 0
29.857 455 0
29.857 432 0
29.934 657 0
30.01 475 0
30.087 428 0
30.164 127 0
30.24 86 0
30.317 454 0
30.317 326 0
30.393 397 0
30.47 342 0
30.47 262 0
30.546 899 0
30.623 878 0
30.699 499 0
30.776 159 0
30.776 280 0
30.852 540 0
30.929 43 0
31.005 247 0
31.082 22 0
31.082 288 0
31.158 778 0
31.235 849 0
31.312 783 0
31.388 727 0
31.465 425 0
31.541 216 0
31.541 435 0
31.618 615 0
31.694 802 0
31.694 774 0
31.771 896 0
31.847 684 0
31.924 171 0
32.0 179 0
32.0 136 0
32.077 439 0
32.153 570 0
32.23 15 0
32.306 127 0
32.306 620 0
32.383 413 0
32.459 721 0
32.536 621 0
32.613 252 0
32.689 855 0
32.766 2 0
32.766 509 0
32.842 258 0
32.919 102 0
32.919 645 0
32.995 292 0
33.072 707 0
33.148 216 0
33.225 459 0
33.225 600 0
33.301 528 0
33.378 71 0
33.454 4 0
33.531 855 0
33.531 83 0
33.607 548 0
33.684 123 0
33.76 527 0
33.837 89 0
33.914 285 0
33.99 51 0
33.99 530 0
34.067 386 0
34.143 637 0
34.143 830 0
34.22 102 0
34.296 226 0
34.373 573 0
34.449 101 0
34.449 427 0
34.526 330 0
34.602 282 0
34.679 217 0
34.755 22 0
34.755 429 0
34.832 525 0
34.908 335 0
34.985 256 0
35.062 517 0
35.138 172 0
35.215 688 0
35.215 875 0
35.291 139 0
35.368 754 0
35.368 760 0
35.444 416 0
35.521 282 0
35.597 143 0
35.674 430 0
35.674 26 0
35.75 694 0
35.827 648 0
35.903 111 0
35.98 465 0
35.98 543 0
36.056 330 0
36.133 298 0
36.209 300 0
36.286 787 0
36.363 745 0
36.439 828 0
36.439 114 0
36.516 143 0
36.592 50 0
36.592 123 0
36.669 860 0
36.745 568 0
36.822 642 0
36.898 284 0
36.898 12 0
36.975 215 0
37.051 97 0
37.128 288 0
37.204 385 0
37.204 264 0
37.281 310 0
37.357 214 0
37.434 833 0
37.51 354 0
37.587 831 0
37.664 367 0
37.664 768 0
37.74 333 0
37.817 690 0
37.817 305 0
37.893 450 0
37.97 331 0
38.046 515 0
38.123 262 0
38.123 296 0
38.276 410 0
38.276 362 0
38.429 831 0
38.429 646 0
38.582 456 0
38.582 734 0
38.658 489 0
38.658 830 0
38.812 755 0
38.812 86 0
38.888 242 0
38.888 574 0
39.041 600 0
39.041 795 0
39.118 178 0
39.118 169 0
39.194 18 0
39.194 261 0
39.271 630 0
39.271 307 0
39.347 531 0
39.347 183 0
39.424 138 0
39.5 875 0
39.577 348 0
39.653 548 0
39.653 589 0
39.73 256 0
39.806 83 0
39.883 134 0
39.959 554 0
40.036 383 0
40.113 543 0
40.113 317 0
40.189 171 0
40.266 719 0
40.266 684 0
40.342 696 0
40.419 262 0
40.495 181 0
40.572 548 0
40.572 441 0
40.648 229 0
40.725 108 0
40.801 541 0
40.878 622 0
40.878 424 0
40.954 155 0
41.031 282 0
41.107 573 0
41.184 290 0
41.26 196 0
41.337 783 0
41.337 640 0
41.414 614 0
41.49 753 0
41.49 257 0
41.567 820 0
41.643 147 0
41.72 361 0
41.796 641 0
41.796 330 0
41.873 723 0
41.949 881 0
42.026 196 0
42.102 8 0
42.102 430 0
42.179 196 0
42.255 442 0
42.332 247 0
42.408 717 0
42.485 899 0
42.562 489 0
42.562 160 0
42.638 812 0
42.715 307 0
42.715 597 0
42.791 123 0
42.868 107 0
42.944 117 0
43.021 654 0
43.021 100 0
43.097 111 0
43.174 294 0
43.25 428 0
43.327 64 0
43.327 737 0
43.403 624 0
43.48 873 0
43.556 168 0
43.633 502 0
43.709 860 0
43.786 204 0
43.786 812 0
43.863 237 0
43.939 798 0
43.939 417 0
44.016 370 0
44.092 647 0
44.169 472 0
44.245 438 0
44.245 369 0
44.245 625 0
44.398 488 0
44.398 891 0
44.551 337 0
44.551 77 0
44.704 74 0
44.704 576 0
44.857 599 0
44.857 590 0
45.01 348 0
45.01 658 0
45.164 823 0
45.164 164 0
45.317 107 0
45.47 826 0
45.47 830 0
45.47 213 0
45.546 226 0
45.623 100 0
45.699 580 0
45.776 189 0
45.776 40 0
45.852 607 0
45.929 786 0
46.005 54 0
46.082 170 0
46.082 81 0
46.158 54 0
46.235 73 0
46.312 38 0
46.388 120 0
46.388 113 0
46.465 422 0
46.541 438 0
46.618 310 0
46.694 473 0
46.694 204 0
46.847 22 0
46.885 293 0
46.924 110 0
46.962 633 0
47.0 283 0
47.0 59 0
47.153 168 0
47.192 878 0
47.23 385 0
47.268 292 0
47.306 247 0
47.306 600 0
47.459 400 0
47.498 634 0
47.536 502 0
47.574 161 0
47.613 527 0
47.613 458 0
47.766 286 0
47.804 126 0
47.842 364 0
47.88 626 0
47.919 867 0
47.919 559 0
47.995 768 0
47.995 840 0
48.072 754 0
48.11 271 0
48.148 219 0
48.187 483 0
48.225 137 0
48.225 83 0
48.301 869 0
48.301 703 0
48.378 636 0
48.416 250 0
48.454 132 0
48.493 479 0
48.531 139 0
48.531 185 0
48.607 637 0
48.607 577 0
48.684 151 0
48.722 193 0
48.76 659 0
48.799 632 0
48.837 104 0
48.837 280 0
48.914 799 0
48.914 736 0
48.99 825 0
49.028 803 0
49.067 149 0
49.105 210 0
49.143 874 0
49.143 842 0
49.296 370 0
49.449 466 0
49.449 823 0
49.602 355 0
49.755 541 0
49.755 766 0
49.908 591 0
50.062 479 0
50.062 183 0
50.215 176 0
50.368 623 0
50.368 500 0
50.521 648 0
50.674 303 0
50.674 703 0
50.827 539 0
50.98 837 0
50.98 463 0
51.133 685 0
51.133 330 0
51.286 312 0
51.286 575 0
51.439 482 0
51.592 584 0
51.592 648 0
51.745 509 0
51.898 398 0
51.898 147 0
52.051 570 0
52.204 295 0
52.204 232 0
52.357 663 0
52.51 387 0
52.51 152 0
52.664 762 0
52.817 49 0
52.817 401 0
52.97 7 0
53.123 260 0
53.123 105 0
53.276 815 0
53.429 484 0
53.429 621 0
53.582 120 0
53.582 826 0
53.735 759 0
53.812 626 0
53.888 457 0
53.965 491 0
54.041 895 0
54.041 746 0
54.194 714 0
54.347 202 0
54.347 846 0
54.5 867 0
54.653 243 0
54.653 623 0
54.806 806 0
54.959 504 0
54.959 326 0
55.113 857 0
55.266 646 0
55.266 358 0
55.419 331 0
55.419 374 0
55.572 321 0
55.572 730 0
55.725 818 0
55.725 300 0
55.878 91 0
56.031 99 0
56.184 391 0
56.184 127 0
56.337 200 0
56.337 3 0
56.49 821 0
56.49 417 0
56.643 711 0
56.796 476 0
56.796 722 0
56.949 740 0
57.102 271 0
57.102 892 0
57.255 100 0
57.408 117 0
57.408 705 0
57.562 270 0
57.715 795 0
57.715 134 0
57.868 278 0
57.868 461 0
58.021 453 0
58.021 345 0
58.174 474 0
58.174 615 0
58.327 486 0
58.327 705 0
58.48 528 0
58.48 193 0
58.633 200 0
58.709 751 0
58.786 278 0
58.863 736 0
58.939 523 0
58.939 568 0
59.092 422 0
59.245 202 0
59.245 378 0
59.398 889 0
59.551 240 0
59.551 309 0
59.704 443 0
59.857 469 0
59.857 161 0
60.01 7 0
60.164 108 0
60.164 741 0
60.317 335 0
60.317 559 0
60.47 783 0
60.47 800 0
60.623 570 0
60.623 80 0
60.776 251 0
60.776 84 0
60.929 432 0
60.929 48 0
61.082 425 0
61.082 763 0
61.235 488 0
61.235 244 0
61.388 384 0
61.388 620 0
61.541 535 0
61.694 477 0
61.694 384 0
61.847 506 0
62.0 170 0
62.0 821 0
62.153 325 0
62.306 146 0
62.306 350 0
62.459 439 0
62.613 860 0
62.613 432 0
62.766 693 0
62.766 204 0
62.919 621 0
62.919 779 0
63.072 835 0
63.072 685 0
63.225 335 0
63.225 837 0
63.378 526 0
63.378 164 0
63.531 33 0
63.531 29 0
63.607 98 0
63.684 321 0
63.684 0 0
63.76 595 0
63.837 781 0
63.837 59 0
64.067 712 0
64.143 70 0
64.296 705 0
64.526 539 0
64.679 854 0
64.755 841 0
64.908 626 0
65.062 8 0
65.062 571 0
65.291 597 0
65.368 640 0
65.521 595 0
65.75 849 0
65.903 360 0
65.98 8 0
66.133 107 0
66.286 777 0
66.286 250 0
66.516 318 0
66.592 699 0
66.592 652 0
66.745 546 0
66.898 876 0
66.898 149 0
67.128 428 0
67.204 566 0
67.204 349 0
67.357 278 0
67.51 671 0
67.51 711 0
67.587 751 0
67.587 244 0
67.664 885 0
67.664 248 0
67.74 424 0
67.74 741 0
67.817 4 0
67.817 394 0
67.893 265 0
67.893 826 0
67.97 248 0
67.97 71 0
68.046 92 0
68.046 395 0
68.123 661 0
68.123 316 0
68.199 626 0
68.199 337 0
68.276 1 0
68.276 433 0
68.352 139 0
68.352 80 0
68.429 481 0
68.429 827 0
68.505 411 0
68.505 25 0
68.582 5 0
68.582 798 0
68.658 891 0
68.658 420 0
68.735 568 0
68.735 146 1.224
69.959 664 0.613
70.572 338 0.612
71.184 300 0.995
72.255 414 0
72.332 736 0
72.408 243 0
72.715 143 0
73.021 797 0
73.327 428 0
73.633 644 1.224
74.857 372 0.46
75.317 51 0.306
75.623 310 0.306
75.929 440 0.153
76.082 287 0.918
77.153 659 0
77.23 70 0
77.306 353 0
77.766 115 0
77.842 411 0
77.919 893 0
78.148 814 0
78.378 15 0
78.531 432 1.224
79.755 417 1.225
80.98 689 0.306
81.439 237 0
81.439 836 0
81.439 258 0
81.745 439 0
81.745 486 0
81.745 65 0
82.051 652 0
82.051 544 0
82.051 244 0
82.357 667 0.307
82.664 330 0.306
82.97 163 0.153
83.123 362 0.153
83.276 400 0.153
83.429 12 0
83.582 463 0
83.735 801 0
83.888 378 0
84.041 675 0
84.194 30 0
84.347 272 0
84.5 721 0
84.653 705 0
84.806 789 0
84.959 87 0
85.113 255 0
85.266 108 0
85.419 240 0
85.572 755 0
85.725 97 0
85.878 251 0
85.878 79 0
85.954 435 0
85.954 512 0
86.031 322 0
86.031 572 0
86.107 739 0
86.107 225 0
86.184 170 0
86.184 716 0
86.26 289 0
86.26 637 0
86.337 390 0
86.337 752 0
86.414 215 0
86.414 674 0
86.49 212 0
86.49 770 0
86.567 675 0
86.567 256 0
86.643 257 0
86.643 482 0
86.72 519 0
86.72 708 0
86.796 530 0
86.796 513 0
86.873 406 0
86.873 530 0
86.949 810 0
86.949 270 0
87.026 895 0
87.026 861 0
87.102 890 0
87.102 116 0
87.179 439 0
87.217 103 0
87.255 197 0
87.294 121 0
87.332 379 0
87.37 111 0
87.408 8 0
87.408 8 0
87.485 352 0
87.485 420 0
87.562 180 0
87.6 543 0
87.638 890 0
87.676 609 0
87.715 742 0
87.715 531 0
87.791 606 0
87.791 450 0
87.868 114 0
87.906 800 0
87.944 171 0
87.982 54 0
88.021 65 0
88.021 152 0
88.097 340 0
88.135 246 0
88.174 110 0
88.212 747 0
88.25 577 0
88.289 185 0
88.327 656 0
88.327 739 0.459
88.786 235 0.459
89.245 3 0.612
89.857 83 0.613
90.47 33 0.306
90.776 446 0.459
91.388 597 0
91.465 589 0
91.541 683 0
91.618 127 0
91.694 720 0
91.771 597 0
91.847 818 0
91.924 858 0
92.0 201 0
92.077 892 0
92.153 643 0
92.23 363 0
92.306 59 0
92.383 308 0
92.459 316 0
92.536 223 0
92.613 886 0
92.766 4 0
92.766 843 0
92.766 709 0
92.919 351 0
92.919 867 0
92.919 873 0
93.225 4 0
93.225 177 0
93.301 462 0
93.378 267 0
93.454 885 0
93.531 265 0
93.531 26 0
93.607 169 0
93.684 738 0
93.76 328 0
93.837 159 0
93.914 778 0
93.99 593 0
93.99 305 0
94.067 241 0
94.143 417 0
94.143 1 0
94.22 345 0
94.296 817 0
94.373 18 0
94.449 118 0
94.449 820 0
94.526 761 0
94.602 898 0
94.679 372 0
94.755 441 0
94.755 52 0
94.832 709 0
94.908 284 0
94.985 298 0
95.062 663 0
95.138 854 0
95.215 613 0
95.215 666 0
95.291 140 0
95.368 496 0
95.368 318 0
95.444 605 0
95.521 62 0
95.597 81 0
95.674 339 0
95.674 218 0
95.75 237 0
95.827 899 0
95.903 608 0
95.98 816 0
95.98 10 0
96.056 25 0
96.133 129 0
96.209 526 0
96.286 27 0
96.363 367 0
96.439 394 0
96.439 800 0
96.516 89 0
96.592 177 0
96.592 95 0
96.669 150 0
96.745 894 0
96.822 97 0
96.898 396 0
96.898 824 0
96.975 666 0
97.051 444 0
97.128 475 0
97.204 68 0
97.204 422 0
97.281 821 0
97.357 572 0
97.434 118 0
97.51 593 0
97.587 843 0
97.664 383 0
97.664 836 0
97.74 437 0
97.817 247 0
97.817 404 0
97.893 744 0
97.97 823 0
98.046 700 0
98.123 537 0
98.123 56 0
98.199 549 0
98.276 489 0
98.352 317 0
98.429 765 0
98.429 891 0
98.505 100 0
98.582 416 0
98.658 548 0
98.735 603 0
98.812 266 0
98.888 244 0
98.888 853 0
98.965 629 0
99.041 838 0
99.041 809 0
99.118 168 0
99.194 140 0
99.271 391 0
99.347 22 0
99.347 259 0
99.424 50 0
99.5 186 0
99.577 619 0
99.653 507 0
99.653 30 0
99.73 35 0
99.806 584 0
99.883 174 0
99.959 829 0
100.036 481 0
100.113 866 0
100.113 883 0
100.189 350 0
100.266 314 0
100.266 230 0
100.342 805 0
100.419 64 0
100.495 144 0
100.572 441 0
100.572 390 0
100.648 157 0
100.725 639 0
100.801 883 0
100.878 119 0
100.878 872 0
100.954 197 0
101.031 807 0
101.107 111 0
101.184 272 0
101.26 217 0
101.337 115 0
101.337 444 0
101.414 296 0
101.49 506 0
101.49 746 0
101.567 124 0
101.643 677 0
101.72 418 0
101.796 767 0
101.796 706 0
101.873 809 0
101.949 481 0
101.949 371 0
102.026 814 0
102.102 228 0
102.102 218 0
102.179 856 0
102.255 9 0
102.255 842 0
102.332 656 0
102.332 734 0
102.408 193 0
102.485 830 0
102.485 599 0
102.562 616 0
102.562 326 0
102.638 290 0
102.715 42 0
102.715 509 0
102.791 101 0
102.791 282 0
102.868 877 0
102.868 148 0
102.944 734 0
102.944 891 0
103.021 644 0
103.021 56 0
103.097 674 0
103.174 631 0
103.25 0 0
103.327 816 0
103.327 549 0
103.403 727 0
103.48 725 0
103.556 1 0
103.633 248 0
103.709 788 0
103.786 551 0
103.786 805 0
103.863 786 0
103.939 39 0
103.939 542 0
104.016 241 0
104.092 236 0
104.169 255 0
104.245 329 0
104.245 305 0
104.322 799 0
104.398 162 0
104.475 477 0
104.551 541 0
104.551 619 0
104.628 560 0
104.704 880 0
104.781 31 0
104.857 612 0
104.934 19 0
105.01 304 0
105.01 804 0
105.087 553 0
105.164 513 0
105.164 46 0
105.24 727 0
105.317 879 0
105.393 42 0
105.47 858 0
105.47 589 0
105.546 77 0
105.623 567 0
105.699 14 0
105.776 619 0
105.776 71 0
105.852 688 0
105.929 105 0
106.005 801 0
106.082 563 0
106.158 74 0
106.235 568 0
106.235 879 0
106.312 763 0
106.388 65 0
106.388 253 0
106.465 27 0
106.541 181 0
106.618 450 0
106.694 48 0
106.694 415 0
106.771 774 0
106.847 352 0
106.924 211 0
107.0 307 0
107.0 778 0
107.077 258 0
107.153 339 0
107.23 579 0
107.306 380 0
107.306 103 0
107.383 263 0
107.459 192 0
107.536 11 0
107.613 522 0
107.613 313 0
107.689 747 0
107.766 757 0
107.842 503 0
107.919 282 0
107.919 22 0
107.919 156 0
108.072 481 0
108.225 456 0
108.225 679 0
108.378 265 0
108.531 256 0
108.531 588 0
108.684 469 0
108.837 455 0
108.837 749 0
108.99 91 0
109.143 456 0
109.143 755 0
109.143 623 0
109.296 302 0
109.449 210 0
109.449 379 0
109.602 720 0
109.755 345 0
109.755 292 0
109.908 137 0
109.908 229 0
109.985 2 0
110.062 11 0
110.062 364 0
110.138 723 0
110.215 175 0
110.291 862 0
110.368 254 0
110.368 540 0
110.444 489 0
110.521 752 0
110.597 416 0
110.674 146 0
110.75 376 0
110.827 711 0
110.903 740 0
110.98 743 0
110.98 642 0
111.056 116 0
111.133 253 0
111.209 199 0
111.286 211 0
111.363 235 0
111.439 768 0
111.516 526 0
111.592 431 0
111.592 538 0
111.669 249 0
111.745 88 0
111.783 820 0
111.822 195 0
111.86 584 0
111.898 367 0
111.898 866 0
111.975 721 0
112.051 417 0
112.09 834 0
112.128 363 0
112.166 49 0
112.204 223 0
112.204 232 0
112.281 669 0
112.357 471 0
112.396 471 0
112.434 817 0
112.472 680 0
112.51 737 0
112.51 825 0
112.587 713 0
112.587 425 0
112.664 581 0
112.664 719 0
112.74 369 0
112.74 32 0
112.817 173 0
112.817 426 0.612
113.429 273 0.612
114.041 548 0.612
114.653 711 0.613
115.266 126 0.612
115.878 138 0.612
116.49 569 0.612
117.102 759 0.613
117.715 292 0.612
118.327 427 0.612
118.939 840 0.612
119.551 727 0.613
120.164 372 0.612
120.776 587 0.612
121.388 583 0.612
122.613 353 0
122.689 42 0
122.766 557 0
122.842 658 0
122.919 70 0
122.919 514 0
123.072 107 0
123.225 644 0
123.225 441 0
123.378 387 0
123.531 247 0
123.531 324 0
123.684 299 0
123.837 188 0
123.837 811 0
123.99 319 0
124.143 237 0
124.143 702 0
124.296 26 0
124.449 257 0
124.449 337 0
124.602 188 0
124.755 379 0
124.755 434 0
124.908 108 0
124.908 48 0
125.062 802 0
125.062 49 0
125.215 639 0
125.368 563 0
125.368 131 0
125.521 513 0
125.674 444 0
125.674 457 0
125.827 766 0
125.98 883 0
125.98 420 0
126.133 171 0
126.286 285 0
126.286 106 0
126.439 759 0
126.592 600 0
126.592 109 0
126.745 616 0
126.898 177 0
126.898 485 0
127.051 224 0
127.051 762 0
127.128 355 0
127.204 255 0
127.204 15 0
127.357 792 0
127.357 223 0
127.51 216 0
127.51 196 0
127.51 835 0
127.51 122 0
127.664 141 0
127.664 890 0
127.817 664 0
127.817 814 0
127.97 759 0
127.97 229 0
128.123 882 0
128.123 514 0
128.276 466 0
128.276 552 0
128.429 814 0
128.429 514 0
128.582 526 0
128.582 244 0
128.735 822 0
128.735 748 0
128.735 784 0
128.735 577 0
128.888 465 0
128.888 575 0
129.041 455 0
129.041 53 0
129.194 182 0
129.194 648 0
129.347 406 0
129.347 718 0
129.5 364 0
129.5 637 0
129.653 447 0
129.653 818 0
129.806 220 0
129.806 42 0
129.959 249 0
129.959 688 0
129.959 92 0
130.036 542 0
130.113 576 0
130.189 600 0
130.266 387 0
130.342 582 0
130.419 264 0
130.495 706 0
130.572 72 0
130.648 734 0
130.725 141 0
130.801 467 0
130.878 105 0
130.954 788 0
131.031 515 0
131.107 290 0
131.184 739 0
131.184 727 0
131.26 789 0
131.299 813 0
131.337 411 0
131.375 512 0
131.414 298 0
131.452 664 0
131.49 111 0
131.49 671 0
131.567 215 0
131.605 712 0
131.643 691 0
131.681 153 0
131.72 471 0
131.758 535 0
131.796 760 0
131.796 521 0
131.873 593 0
131.911 726 0
131.949 393 0
131.988 198 0
132.026 406 0
132.064 335 0
132.102 553 0
132.102 537 0
132.179 99 0
132.217 836 0
132.255 541 0
132.294 265 0
132.332 133 0
132.37 811 0
132.408 511 0
132.408 28 0
132.613 840 0
132.868 575 0
133.021 726 0
133.225 314 0
133.429 119 0
133.633 99 0
133.633 585 0
133.837 356 0
134.041 509 0
134.245 571 0
134.449 101 0
134.653 451 0
134.857 699 0
134.857 28 0
135.062 341 0
135.266 427 0
135.47 183 0
135.674 677 0
135.878 318 0
136.082 649 0
136.082 672 0
136.286 407 0
136.49 743 0
136.694 735 0
136.898 591 0
137.102 744 0
137.306 543 0
137.306 737 0
137.51 348 0
137.715 83 0
137.919 845 0
138.123 607 0
138.327 551 0
138.531 203 0
138.531 517 0
138.735 776 0
138.939 619 0
139.143 2 0
139.347 223 0
139.551 450 0
139.755 363 0
139.755 226 0
139.959 622 0
140.164 346 0
140.368 53 0
140.572 839 0
140.776 487 0
140.98 253 1.224
