0.011 468 0
0.011 716 0
0.095 146 0
0.18 590 0
0.264 367 0
0.348 416 0
0.348 3 0
0.433 407 0
0.517 595 0
0.517 172 0
0.601 694 0
0.685 191 0
0.685 396 0
0.77 373 0
0.854 812 0
0.854 334 0
0.938 12 0
1.022 174 0.085
1.065 706 0.084
1.191 476 0.084
1.233 153 0.127
1.36 110 0.168
1.402 178 0.337
1.697 38 0.126
1.739 125 0.168
1.865 194 0.211
1.907 504 0.127
2.034 246 0.252
2.076 442 0
2.202 519 0.337
2.244 448 0.127
2.497 222 0.211
2.539 759 0.337
2.876 99 0.085
2.918 767 0.127
3.045 272 0.084
3.087 34 0.126
3.213 165 0
3.256 176 0
3.298 603 0.168
3.551 895 0.084
3.593 810 0.084
3.719 589 0.084
3.761 345 0.127
3.888 543 0.084
3.93 585 0.126
4.056 864 0.084
4.098 502 0.127
4.225 195 0.084
4.267 64 0.126
4.393 149 0.084
4.435 496 0.127
4.562 306 0.084
4.604 839 0.126
4.73 565 0.085
4.772 110 0.085
4.899 478 0.084
4.941 846 0.126
5.152 538 0
5.194 212 0.126
5.236 761 0.421
5.742 145 0.084
5.784 887 0.126
5.91 863 0.084
5.952 309 0.084
6.079 328 0.084
6.121 498 0.126
6.163 861 0.084
6.205 398 0.126
6.331 210 0.127
6.374 545 0.21
6.584 876 0.127
6.626 766 0.127
6.753 501 0
6.795 264 0.084
6.837 662 0.169
7.09 817 0.084
7.132 205 0.126
7.258 821 0.085
7.301 639 0.084
7.427 816 0.084
7.469 639 0.126
7.595 377 0.085
7.638 807 0.295
7.933 328 0.084
7.975 83 0.126
8.27 430 0.084
8.312 267 0.126
8.438 820 0.084
8.48 380 0.127
8.607 41 0
8.649 807 0.126
8.691 209 0.253
8.944 291 0.168
8.986 41 0.295
9.281 708 0.084
9.323 623 0.126
9.449 757 0.085
9.492 724 0.126
9.618 738 0.084
9.66 677 0.126
9.786 275 0.085
9.829 677 0.126
9.955 581 0.084
9.997 556 0.127
10.124 502 0.084
10.166 543 0.126
10.292 110 0.084
10.334 322 0.295
10.629 717 0
10.671 299 0.127
10.713 895 0.085
10.798 328 0.084
10.798 753 0.168
10.882 18 0.169
10.966 459 0
11.051 274 0.168
11.135 764 0
11.219 712 0.084
11.303 389 0.085
11.388 600 0
11.472 426 0.337
11.472 632 0.168
11.472 478 0.168
11.725 283 0.168
11.725 125 0.084
11.725 586 0.168
11.893 416 0.169
11.893 534 0
11.977 111 0.085
11.977 870 0.169
11.977 276 0.169
12.146 289 0
12.146 8 0
12.567 827 0.085
12.567 154 0.085
12.736 750 0.084
12.736 540 0.084
12.904 239 0.085
12.904 563 0.085
13.073 668 0.084
13.073 80 0.084
13.157 764 0
13.242 412 0
13.41 765 0
13.494 260 0
13.663 53 0
13.747 727 0
13.831 851 0
13.916 241 0.084
13.916 236 0.084
14.084 751 0.084
14.084 253 0.084
14.253 468 0.084
14.253 850 0.084
14.421 582 0.085
14.421 471 0.085
14.506 792 0
14.59 291 0
14.674 609 0
14.758 173 0
14.843 264 0
14.927 693 0
15.011 389 0
15.095 759 0
15.18 581 0
15.264 268 0.084
15.264 376 0.084
15.433 411 0.084
15.433 580 0.084
15.601 361 0.084
15.601 635 0.084
15.77 509 0.084
15.77 772 0.084
15.854 865 0
15.938 96 0
16.022 323 0
16.022 839 0
16.107 201 0
16.191 835 0.084
16.191 124 0
16.233 299 0.126
16.275 722 0.169
16.359 681 0
16.444 490 0
16.528 401 0
16.528 398 0
16.612 761 0
16.697 225 0
16.697 206 0
16.781 369 0
16.865 313 0.084
16.907 671 0.085
16.949 401 0.085
16.992 878 0.126
17.034 320 0
17.118 507 0
17.118 18 0
17.16 129 0.084
17.202 593 0.084
17.244 186 0.042
17.286 501 0
17.329 610 0
17.371 342 0
17.371 410 0
17.455 361 0
17.539 799 0
17.539 817 0
17.624 363 0
17.708 392 0
17.708 890 0
17.792 195 0
17.792 492 0
17.876 815 0
17.876 794 0
17.961 110 0.084
17.961 842 0.084
18.045 473 0
18.045 855 0
18.129 630 0.084
18.129 850 0.084
18.213 491 0
18.298 623 0.084
18.298 101 0.084
18.382 17 0
18.466 742 0.085
18.466 596 0.085
18.551 544 0
18.551 251 0
18.635 813 0
18.719 389 0
18.719 405 0
18.803 123 0
18.888 269 0
18.888 47 0
18.972 837 0
19.056 310 0
19.056 788 0
19.14 388 0
19.14 739 0
19.225 726 0
19.225 213 0
19.309 324 0.084
19.309 8 0.084
19.393 556 0
19.393 535 0
19.477 290 0.085
19.477 428 0.085
19.562 286 0
19.646 30 0.084
19.646 873 0.084
19.73 75 0
19.815 686 0.084
19.815 277 0.084
19.899 222 0
19.899 243 0
19.983 673 0
19.983 646 0
20.067 391 0
20.067 628 0
20.152 333 0
20.152 216 0
20.236 139 0
20.278 810 0
20.32 26 0
20.362 801 0
20.404 735 0
20.447 558 0
20.489 840 0
20.531 63 0
20.573 447 0
20.615 342 0
20.657 348 0
20.699 794 0
20.742 828 0
20.784 34 0
20.826 324 0
20.868 777 0
20.91 586 0
20.952 560 0
20.994 360 0
21.036 72 0
21.079 0 0
21.121 726 0
21.163 582 0
21.205 63 0
21.247 897 0
21.289 326 0
21.331 810 0
21.374 171 0
21.416 65 0
21.458 899 0
21.5 670 0
21.542 496 0
21.584 308 0.084
21.584 566 0
21.626 404 0.127
21.668 534 0.169
21.837 80 0
21.837 279 0
21.921 588 0.169
21.963 627 0.253
22.006 158 0.168
22.174 20 0
22.174 235 0
22.258 556 0.169
22.301 45 0.126
22.343 349 0.084
22.427 306 0.084
22.511 760 0.169
22.511 865 0.169
22.595 691 0.338
22.595 59 0.085
22.764 510 0.084
22.764 537 0.084
22.764 245 0.169
22.933 24 0
22.975 369 0
23.017 826 0
23.059 173 0
23.101 559 0
23.143 336 0
23.185 831 0
23.27 673 0.084
23.312 364 0.126
23.354 88 0.168
23.396 323 0
23.438 633 0
23.522 539 0
23.522 633 0
23.607 363 0.084
23.649 412 0.21
23.691 474 0.084
23.733 146 0
23.775 728 0
23.859 7 0
23.859 150 0
23.944 425 0.126
23.986 283 0
24.028 676 0
24.07 898 0
24.112 466 0
24.154 452 0
24.197 713 0
24.239 456 0
24.281 620 0.168
24.323 396 0.084
24.365 296 0.169
24.407 490 0.127
24.618 772 0
24.618 523 0.084
24.66 773 0.126
24.702 842 0.211
24.786 604 0
24.871 500 0
24.871 229 0
24.955 687 0.253
24.997 802 0.042
25.039 400 0.085
25.124 839 0
25.208 396 0
25.208 767 0
25.292 344 0.169
25.461 427 0
25.482 721 0
25.503 225 0
25.629 340 0
25.671 626 0
25.713 745 0
25.756 684 0
25.798 232 0
25.84 800 0
25.882 809 0
25.966 86 0.085
26.008 282 0.127
26.051 687 0.168
26.093 267 0
26.135 533 0
26.219 589 0
26.219 778 0
26.303 856 0.085
26.345 280 0.211
26.388 392 0.084
26.43 847 0
26.472 703 0
26.556 466 0
26.556 434 0
26.64 457 0.085
26.683 890 0.126
26.725 769 0
26.767 72 0
26.809 648 0
26.851 757 0
26.893 342 0
26.893 583 0
26.977 712 0.085
26.977 13 0.169
27.062 515 0
27.146 141 0.169
27.146 273 0.084
27.23 886 0.169
27.23 702 0.085
27.315 706 0
27.399 528 0.168
27.399 669 0.084
27.483 884 0.084
27.567 143 0
27.567 44 0.085
27.652 883 0.042
27.652 395 0.084
27.694 369 0
27.736 345 0
27.778 414 0
27.82 294 0.084
27.82 0 0
27.904 711 0.043
27.947 127 0
27.989 184 0.084
27.989 246 0
28.031 474 0
28.073 715 0.211
28.073 142 0
28.157 676 0.169
28.157 338 0
28.242 713 0.084
28.326 331 0
28.368 78 0
28.41 229 0
28.452 666 0
28.494 104 0
28.536 206 0
28.579 886 0
28.663 273 0.126
28.705 567 0.126
28.747 610 0.169
28.831 268 0
28.916 123 0
28.916 877 0
29.0 36 0.084
29.042 798 0.126
29.084 603 0.169
29.168 562 0
29.253 532 0
29.253 383 0
29.337 531 0.253
29.379 500 0.211
29.421 578 0.211
29.463 94 0.169
29.674 789 0.169
29.716 838 0.211
29.758 464 0.169
29.801 158 0.084
30.011 511 0.127
30.053 737 0.127
30.095 601 0.169
30.18 428 0
30.264 360 0
30.264 326 0
30.348 760 0.169
30.39 634 0.127
30.433 538 0.252
30.517 595 0.084
30.601 497 0.169
30.643 474 0.211
30.685 753 0.085
30.77 658 0.168
30.854 450 0.168
30.896 428 0.126
30.938 395 0.084
31.022 56 0.169
31.275 86 0.084
31.528 448 0.169
31.781 596 0.126
31.865 499 0.169
31.949 265 0.211
32.034 521 0.168
32.118 692 0.168
32.202 391 0.169
32.286 875 0.085
32.371 768 0
32.371 756 0.168
32.624 137 0.084
32.876 229 0
32.876 643 0.085
32.918 772 0.127
32.961 567 0.126
33.045 602 0
33.045 655 0.168
33.129 123 0.084
33.213 466 0.085
33.298 327 0
33.298 730 0.126
33.382 785 0.169
33.551 132 0.168
33.551 468 0
33.719 208 0
33.719 517 0
33.761 186 0
33.803 766 0
33.845 309 0
33.888 563 0
33.93 290 0
33.972 111 0
34.056 96 0.127
34.098 633 0.127
34.14 718 0.169
34.225 238 0
34.309 249 0
34.309 184 0
34.393 425 0.169
34.435 871 0.211
34.477 286 0.085
34.562 528 0
34.646 172 0
34.646 355 0
34.73 741 0.085
34.772 390 0.127
34.815 445 0
34.857 411 0
34.899 607 0
34.941 43 0
35.067 280 0
35.109 786 0
35.152 93 0
35.194 396 0
35.236 371 0
35.278 298 0
35.32 11 0
35.404 13 0.085
35.447 822 0.126
35.489 735 0.168
35.573 637 0
35.657 446 0
35.657 613 0
35.742 734 0.252
35.784 883 0.084
35.826 684 0.084
35.91 303 0
35.994 582 0
35.994 493 0
36.079 816 0.168
36.079 618 0.168
36.247 644 0.169
36.247 221 0.169
36.416 840 0
36.458 373 0
36.5 732 0
36.542 364 0
36.584 832 0
36.626 786 0
36.668 175 0
36.753 525 0.084
36.795 675 0.211
36.837 537 0.084
36.921 96 0
37.006 136 0
37.006 281 0
37.09 781 0.168
37.132 52 0.084
37.174 861 0.169
37.258 640 0
37.343 120 0
37.343 183 0
37.427 218 0.084
37.469 829 0.126
37.511 900 0
37.553 115 0
37.595 793 0
37.638 249 0
37.68 1 0
37.722 571 0
37.764 836 0.084
37.806 489 0.211
37.848 546 0.085
37.933 261 0
38.017 56 0.084
38.101 90 0.084
38.143 467 0.127
38.185 55 0
38.185 267 0.169
38.27 260 0
38.354 276 0.084
38.438 420 0.084
38.48 327 0.085
38.522 304 0.127
38.607 519 0
38.691 0 0.168
38.733 873 0.084
38.775 67 0.169
38.859 516 0
38.944 108 0.084
38.986 364 0.126
39.028 183 0.042
39.112 822 0
39.168 105 0
39.225 482 0
39.281 391 0.084
39.323 216 0.211
39.365 260 0.084
39.449 152 0.127
39.492 96 0.126
39.534 818 0.168
39.618 569 0
39.66 512 0
39.702 811 0
39.744 394 0
39.786 685 0
39.871 588 0
39.955 188 0
39.955 771 0
40.039 525 0
40.124 743 0.084
40.166 194 0.252
40.208 481 0.126
40.25 608 0.126
40.292 782 0.169
40.461 127 0.168
40.629 53 0
40.629 735 0
40.713 610 0
40.798 41 0.168
40.84 341 0.211
40.882 700 0.084
40.966 397 0
41.051 17 0
41.051 677 0
41.135 220 0.084
41.177 28 0.126
41.219 311 0.169
41.303 658 0
41.303 738 0
41.388 570 0
41.388 499 0
41.472 362 0
41.472 240 0
41.556 362 0
41.556 885 0
41.697 430 0
41.697 772 0
41.809 415 0
41.809 107 0
41.893 475 0
41.977 457 0.085
41.977 679 0
42.062 291 0.084
42.146 339 0.084
42.146 717 0
42.23 632 0.085
42.315 889 0.084
42.315 550 0
42.399 2 0.168
42.483 511 0.169
42.483 638 0.084
42.567 741 0
42.652 268 0.084
42.652 323 0
42.736 880 0.168
42.82 466 0.169
42.82 212 0
42.904 582 0.253
42.989 521 0.084
42.989 222 0
43.073 500 0
43.157 778 0.085
43.157 370 0
43.242 670 0
43.326 403 0
43.326 320 0
43.41 454 0.169
43.494 130 0
43.494 830 0
43.579 451 0
43.663 723 0.168
43.663 669 0
43.747 138 0
43.831 710 0
43.888 557 0
43.944 216 0
44.0 546 0
44.056 657 0
44.112 150 0
44.168 115 0.085
44.211 648 0.126
44.253 176 0.084
44.337 846 0
44.337 115 0
44.421 574 0
44.421 397 0
44.506 690 0.126
44.548 327 0
44.59 751 0.126
44.632 18 0.126
44.674 194 0.127
44.716 152 0.127
44.843 611 0
44.843 771 0
44.927 627 0
44.969 779 0
45.011 179 0
45.095 420 0.085
45.138 429 0.21
45.18 742 0.084
45.264 587 0
45.264 139 0
45.348 156 0
45.433 271 0.084
45.475 403 0.084
45.517 344 0
45.601 532 0
45.643 48 0.084
45.685 890 0.085
45.77 806 0
45.812 625 0
45.854 432 0.084
45.896 521 0.126
45.938 407 0.169
46.022 431 0
46.022 404 0
46.107 625 0.21
46.191 584 0.084
46.233 13 0.084
46.275 67 0.169
46.359 60 0.085
46.402 160 0.126
46.444 658 0.084
46.528 840 0
46.57 386 0
46.612 362 0
46.654 652 0
46.697 786 0
46.697 151 0
46.739 388 0
46.781 792 0
46.823 22 0
46.865 850 0.127
46.907 202 0.127
46.949 522 0.085
47.034 567 0
47.118 360 0.084
47.16 501 0.211
47.202 379 0.084
47.286 188 0
47.329 190 0
47.371 93 0
47.413 125 0
47.455 454 0
47.497 127 0
47.539 629 0
47.539 817 0
47.624 676 0.168
47.666 193 0
47.708 51 0.126
47.792 642 0.084
47.876 642 0
47.876 529 0
47.961 625 0.168
48.003 148 0.084
48.045 163 0.084
48.129 682 0
48.213 39 0.127
48.256 646 0.084
48.298 624 0.126
48.382 160 0
48.424 392 0
48.466 418 0
48.508 242 0
48.551 482 0.084
48.635 390 0
48.719 736 0
48.719 234 0
48.803 398 0
48.845 812 0
48.888 101 0
48.972 410 0.211
49.056 721 0.084
49.14 199 0.085
49.225 44 0.168
49.225 454 0
49.309 357 0.168
49.393 709 0.169
49.393 30 0
49.477 410 0.169
49.562 57 0
49.562 172 0.168
49.646 524 0.169
49.73 768 0
49.73 111 0.085
49.815 872 0
49.899 874 0.126
49.941 126 0
49.983 151 0.126
50.025 892 0.127
50.067 27 0.127
50.109 811 0.127
50.236 588 0
50.236 27 0
50.32 86 0
50.362 856 0
50.404 508 0
50.489 99 0.084
50.531 233 0.211
50.573 611 0.084
50.657 446 0
50.657 689 0
50.742 432 0
50.826 769 0.084
50.868 283 0.084
50.91 594 0
50.994 353 0
51.036 636 0.085
51.079 828 0.084
51.163 308 0
51.205 96 0
51.247 809 0.084
51.289 688 0.127
51.331 440 0.169
51.416 229 0
51.416 228 0
51.5 237 0.211
51.584 895 0.084
51.626 478 0.085
51.668 692 0.169
51.753 313 0.084
51.795 213 0.126
51.837 452 0.084
51.921 473 0
51.963 25 0
52.006 145 0
52.048 233 0
52.09 296 0
52.132 159 0
52.174 559 0
52.174 514 0
52.258 121 0
52.301 70 0
52.343 833 0
52.343 128 0
52.427 689 0.084
52.469 341 0.126
52.511 514 0.084
52.553 773 0
52.595 744 0.169
52.638 163 0.168
52.764 793 0
52.764 253 0
52.848 798 0
52.848 345 0.169
52.933 276 0
52.933 74 0
53.017 222 0
53.101 706 0.169
53.185 582 0
53.185 754 0
53.354 427 0.168
53.438 332 0
53.438 355 0.169
53.522 633 0.085
53.607 875 0
53.607 565 0.168
53.691 699 0
53.691 219 0.168
53.775 98 0.169
53.859 38 0
53.944 369 0
53.944 445 0
54.0 806 0
54.056 216 0
54.112 796 0.127
54.154 117 0.127
54.197 724 0.084
54.281 135 0
54.365 192 0
54.365 160 0
54.449 705 0.127
54.492 398 0.21
54.534 858 0.084
54.618 119 0
54.702 669 0.337
54.786 345 0.169
54.871 434 0.337
54.955 883 0.169
55.039 896 0.169
55.124 406 0.168
55.208 78 0
55.292 210 0.126
55.334 897 0
55.376 582 0.127
55.418 742 0.127
55.461 767 0.126
55.503 302 0.126
55.629 506 0
55.629 457 0
55.713 264 0
55.756 159 0
55.798 341 0
55.882 586 0.084
55.924 809 0.211
55.966 114 0.085
56.051 573 0
56.051 507 0
56.135 384 0
56.219 421 0.084
56.261 433 0.084
56.303 787 0
56.388 759 0
56.43 396 0.084
56.472 327 0.084
56.556 456 0
56.598 276 0
56.64 705 0.085
56.683 375 0.126
56.725 531 0.168
56.809 419 0
56.809 807 0
56.893 391 0.211
56.977 224 0.085
57.02 203 0.084
57.062 319 0.168
57.146 428 0.084
57.188 629 0.127
57.23 604 0.085
57.315 825 0
57.357 580 0
57.399 405 0
57.441 733 0
57.483 680 0
57.483 396 0
57.525 222 0
57.567 401 0
57.609 272 0
57.652 714 0.126
57.694 323 0.126
57.736 215 0.084
57.82 420 0
57.904 231 0.085
57.947 90 0.21
57.989 219 0.084
58.073 169 0
58.115 139 0
58.157 350 0
58.199 412 0
58.242 654 0
58.284 251 0
58.326 730 0
58.326 146 0
58.41 864 0.169
58.452 26 0
58.494 848 0.127
58.579 638 0.084
58.663 17 0
58.663 886 0
58.747 703 0.169
58.789 824 0.085
58.831 98 0.085
58.916 654 0
59.0 832 0.084
59.042 792 0.084
59.084 567 0.127
59.126 229 0
59.168 563 0
59.211 206 0
59.253 228 0.084
59.295 159 0
59.337 606 0.084
59.379 562 0
59.421 239 0.085
59.463 398 0
59.506 9 0
59.506 256 0
59.59 517 0
59.632 84 0
59.674 452 0
59.758 622 0.211
59.843 256 0.084
59.927 734 0.084
60.011 869 0.169
60.011 515 0
60.095 671 0.169
60.18 251 0.168
60.18 302 0
60.264 265 0.169
60.348 693 0
60.348 383 0.169
60.433 158 0.168
60.517 22 0
60.517 565 0.084
60.601 661 0
60.685 513 0.127
60.727 345 0
60.77 771 0.126
60.812 591 0.126
60.854 783 0.126
60.896 230 0.126
61.022 7 0
61.065 360 0
61.107 679 0
61.149 684 0
61.191 355 0
61.275 151 0.084
61.317 781 0.211
61.359 112 0.085
61.444 665 0
61.528 779 0
61.612 888 0.085
61.654 244 0.127
61.697 392 0
61.697 498 0.126
61.865 394 0.169
61.907 732 0.085
61.949 634 0.085
62.034 561 0.084
62.076 81 0.126
62.118 43 0.168
62.202 406 0
62.202 614 0
62.286 32 0
62.371 400 0.126
62.455 160 0.084
62.539 181 0
62.539 889 0
62.624 212 0.084
62.624 411 0
62.708 886 0
62.708 51 0
62.792 337 0
62.792 299 0
62.876 82 0.085
62.961 342 0
62.961 336 0
63.045 258 0
63.129 135 0.084
63.213 337 0
63.213 113 0
63.298 669 0
63.382 665 0
63.382 845 0
63.466 776 0
63.551 83 0
63.551 132 0
63.635 23 0
63.635 183 0
63.719 491 0
63.719 900 0
63.803 257 0
63.888 284 0
63.888 123 0
63.972 833 0
63.972 277 0
64.056 683 0
64.056 643 0
64.14 429 0
64.14 391 0
64.225 551 0
64.225 58 0
64.309 448 0
64.393 312 0
64.393 878 0
64.477 293 0
64.477 248 0
64.562 533 0
64.562 385 0
64.646 863 0
64.73 161 0
64.73 889 0
64.815 536 0
64.899 841 0
64.899 760 0
64.983 886 0
64.983 530 0
65.067 770 0
65.067 206 0
65.18 768 0
65.18 545 0
65.292 29 0
65.292 638 0
65.404 475 0
65.404 405 0
65.461 655 0
65.517 757 0
65.517 122 0
65.573 440 0
65.629 534 0
65.629 649 0
65.685 771 0
65.742 57 0.168
65.742 135 0
65.91 785 0.169
66.079 459 0.337
66.416 296 0.168
66.584 233 0.169
66.753 42 0.168
66.921 754 0.337
67.258 773 0.337
67.595 220 0.169
67.764 709 0.169
67.933 857 0.168
68.27 777 0.168
68.438 687 0.169
68.607 747 0.168
68.775 74 0.169
68.944 25 0.168
69.112 240 0.169
69.281 862 0.168
69.449 598 0.169
69.618 383 0.168
69.955 198 0.084
69.997 835 0.464
70.461 367 0.084
70.629 601 0.337
70.966 18 0.506
71.135 0 0
71.219 592 0
71.303 15 0
71.388 670 0
71.472 33 0
71.472 23 0.674
71.64 324 0
71.725 423 0
71.893 527 0
72.062 774 0
72.315 325 0
72.483 156 0
72.567 150 0
72.652 468 0
72.736 237 0
72.82 397 0
72.82 625 0
72.989 855 0
73.045 365 0
73.101 758 0
73.157 202 0
73.326 840 0
73.41 738 0
73.579 453 0
73.663 766 0
73.747 137 0
73.916 171 0
74.0 640 0
74.084 215 0
74.168 442 0
74.168 447 0
74.253 144 0
74.337 538 0
74.421 314 0
74.506 689 0
74.59 28 0
74.674 441 0
74.758 103 0
74.843 739 0
74.927 421 0
75.011 182 0
75.095 670 0
75.18 408 0
75.348 707 0
75.517 207 0.337
75.601 80 0.169
75.685 67 0
75.77 654 0.168
75.854 633 0.168
75.938 695 0
76.022 726 0
76.107 193 0.252
76.191 96 0.421
76.275 334 0.169
76.359 682 0.169
76.444 535 0
76.528 545 0.169
76.612 868 0.169
76.697 215 0.168
76.781 145 0
76.865 443 0.127
76.907 894 0.127
76.949 820 0.127
77.034 860 0.084
77.202 575 0.084
77.202 512 0.169
77.286 589 0.169
77.455 85 0.084
77.539 621 0.169
77.624 560 0.168
77.708 383 0.168
77.876 621 0.085
77.961 715 0.084
78.129 798 0.084
78.171 293 0.211
78.213 467 0.085
78.298 48 0.084
78.382 589 0.084
78.466 469 0.253
78.551 228 0.084
78.635 727 0.168
78.719 387 0.337
78.803 152 0.085
78.888 711 0.084
78.972 759 0
79.14 531 0.085
79.309 765 0.084
79.393 244 0.084
79.562 509 0.168
79.604 878 0.084
79.646 391 0.084
79.815 501 0.126
79.857 440 0.126
79.899 304 0.126
80.067 76 0.127
80.109 214 0.127
80.152 305 0.126
80.32 825 0.084
80.404 485 0.085
80.489 556 0.168
80.573 400 0.169
80.657 788 0.169
80.742 541 0.084
80.826 348 0.084
80.91 396 0.084
80.952 653 0.169
80.994 489 0.085
81.163 858 0.168
81.205 624 0.084
81.247 314 0.127
81.416 258 0.126
81.458 870 0.126
81.5 868 0.168
81.668 586 0.253
81.753 280 0.253
81.921 664 0.169
82.09 793 0.168
82.258 471 0
82.258 354 0
82.343 882 0
82.427 109 0
82.427 509 0
82.511 434 0
82.595 758 0
82.595 392 0
82.68 520 0
82.764 737 0
82.764 691 0
82.848 879 0
82.933 689 0
82.933 597 0
83.017 365 0
83.101 897 0
83.101 641 0
83.185 838 0
83.27 707 0
83.27 849 0
83.354 891 0
83.438 470 0
83.438 330 0
83.522 660 0
83.522 811 0
83.607 101 0
83.607 483 0
83.691 460 0
83.775 531 0
83.775 185 0
83.859 129 0
83.944 723 0
83.944 785 0
84.028 778 0
84.112 192 0
84.112 74 0
84.197 493 0
84.281 174 0
84.281 562 0
84.365 15 0
84.449 844 0
84.449 178 0
84.534 872 0
84.618 500 0
84.618 810 0
84.702 438 0
84.786 896 0
84.829 617 0
84.871 542 0
84.913 557 0
84.955 289 0
84.997 562 0
85.039 38 0
85.081 894 0
85.124 284 0
85.166 607 0
85.208 88 0
85.25 392 0
85.292 555 0
85.334 728 0
85.376 425 0
85.418 808 0
85.461 568 0
85.503 432 0
85.545 231 0
85.587 694 0
85.629 104 0
85.671 179 0
85.713 268 0
85.756 10 0
85.798 248 0
85.84 367 0
85.882 643 0
85.924 293 0
85.966 198 0
85.966 74 0
86.051 545 0
86.051 727 0
86.135 341 0
86.135 728 0
86.219 370 0
86.219 372 0
86.303 877 0
86.303 219 0
86.472 856 0
86.556 857 0
86.64 735 0
86.64 371 0
86.725 129 0
86.893 61 0
86.935 293 0
86.977 506 0
86.977 236 0
87.062 613 0
87.146 827 0
87.146 544 0
87.23 443 0
87.23 117 0
87.315 88 0.084
87.357 731 0.042
87.399 211 0.084
87.441 247 0.084
87.483 436 0.084
87.525 251 0.084
87.567 468 0
87.652 845 0.168
87.694 321 0.084
87.736 219 0.084
87.82 491 0.253
87.904 332 0
87.989 643 0
87.989 184 0.168
88.073 88 0.126
88.115 209 0
88.157 628 0
88.242 466 0.084
88.326 162 0.084
88.368 474 0.126
88.41 651 0.126
88.494 365 0
88.536 510 0
88.579 267 0
88.663 545 0
88.663 293 0.084
88.705 821 0.126
88.747 198 0.169
88.831 17 0
88.916 69 0.168
88.958 576 0.168
89.0 559 0.168
89.084 669 0.169
89.168 80 0.085
89.253 777 0.168
89.337 351 0
89.337 703 0.084
89.421 10 0.169
89.506 252 0.168
89.506 846 0
89.59 117 0
89.674 836 0.169
89.716 249 0.085
89.758 760 0.169
89.843 640 0
89.927 182 0.084
89.969 390 0.169
90.011 47 0.084
90.095 210 0
90.18 86 0.168
90.222 5 0.084
90.264 74 0.084
90.348 59 0.127
90.39 168 0.127
90.433 646 0.084
90.517 33 0
90.601 361 0.126
90.643 424 0.169
90.685 449 0.085
90.77 393 0
90.854 341 0.084
90.896 639 0.169
90.938 40 0.084
91.022 520 0
91.022 435 0
91.107 670 0.084
91.191 497 0.168
91.191 470 0
91.275 735 0.169
91.359 83 0.169
91.359 230 0
91.444 404 0.168
91.528 112 0.084
91.528 521 0
91.612 553 0
91.697 446 0.084
91.739 157 0.084
91.781 569 0.126
91.823 233 0
91.865 584 0
91.949 644 0.085
91.992 45 0.084
92.034 150 0.168
92.076 410 0
92.118 399 0
92.202 408 0.127
92.244 654 0.085
92.286 709 0.085
92.371 585 0.084
92.413 272 0
92.455 486 0.169
92.497 560 0
92.539 71 0
92.624 419 0
92.666 408 0
92.708 478 0.168
92.75 211 0
92.792 292 0
92.876 239 0.169
92.918 231 0
92.961 512 0
93.045 553 0.126
93.087 815 0.169
93.129 269 0.084
93.213 377 0.085
93.298 899 0.084
93.34 772 0
93.382 760 0
93.382 586 0.126
93.466 292 0.127
93.551 118 0.084
93.635 54 0.084
93.719 88 0
93.719 371 0.126
93.803 532 0.127
93.888 294 0
93.972 719 0.126
94.014 805 0.126
94.056 622 0.127
94.14 658 0.169
94.225 480 0.084
94.267 34 0
94.309 425 0.084
94.393 305 0.127
94.435 282 0.127
94.477 682 0.127
94.562 682 0
94.646 714 0.169
94.688 703 0.084
94.73 41 0
94.73 210 0.127
94.899 475 0.126
94.941 778 0.126
94.983 801 0
94.983 324 0.126
95.152 48 0
95.152 533 0.084
95.236 884 0
95.236 202 0.168
95.32 441 0
95.404 365 0
95.404 268 0.169
95.489 619 0
95.489 234 0.168
95.573 379 0.169
95.657 887 0.085
95.742 322 0.084
95.784 174 0.126
95.826 340 0.126
95.91 161 0.169
95.994 465 0
95.994 429 0.085
96.079 142 0.084
96.163 372 0
96.163 586 0.084
96.247 386 0.084
96.331 549 0
96.331 63 0.085
96.416 443 0.126
96.458 143 0.126
96.5 627 0.168
96.584 756 0
96.668 872 0.127
96.711 844 0.084
96.753 793 0.126
96.837 483 0
96.921 534 0.085
96.963 308 0.085
97.006 583 0.084
97.09 823 0.126
97.132 680 0.126
97.174 617 0.084
97.258 120 0
97.343 848 0.168
97.385 622 0.21
97.427 161 0.084
97.511 454 0.169
97.595 318 0
97.68 501 0
97.68 118 0.084
97.764 92 0.169
97.764 877 0
97.848 454 0.169
97.933 29 0.084
97.933 859 0.168
98.017 481 0.168
98.101 672 0.169
98.101 7 0
98.185 696 0
98.27 705 0.168
98.27 177 0
98.354 323 0
98.438 156 0.084
98.438 198 0
98.522 275 0.085
98.607 261 0.084
98.775 855 0.084
98.859 579 0.169
99.028 77 0.084
99.112 837 0.085
99.197 648 0.084
99.281 759 0.084
99.449 459 0.085
99.534 811 0.168
99.702 563 0.169
99.744 410 0.127
99.786 453 0.085
99.871 513 0
99.955 886 0
99.955 200 0
100.039 388 0
100.124 167 0
100.124 534 0
100.208 502 0
100.292 884 0
100.292 565 0
100.376 465 0
100.461 257 0
100.503 777 0
100.545 783 0
100.587 377 0
100.629 328 0
100.671 392 0
100.713 130 0
100.756 829 0
100.798 495 0
100.798 867 0
100.882 588 0.169
100.966 424 0.085
101.135 98 0.126
101.177 207 0.126
101.219 541 0.084
101.303 416 0
101.388 613 0.126
101.43 561 0.168
101.472 581 0.084
101.556 222 0
101.64 665 0.085
101.683 523 0.168
101.725 82 0.084
101.809 699 0
101.809 376 0
101.893 441 0.084
101.977 671 0.169
101.977 123 0
102.062 758 0.168
102.146 277 0.169
102.146 631 0
102.23 855 0.169
102.315 76 0.084
102.315 111 0
102.399 494 0
102.483 497 0.084
102.525 840 0.084
102.567 93 0.127
102.609 826 0
102.652 71 0
102.736 330 0.084
102.778 449 0.084
102.82 366 0.169
102.862 174 0
102.904 743 0
102.989 362 0.126
103.031 689 0.084
103.073 244 0.084
103.157 643 0.085
103.199 469 0
103.242 451 0.168
103.284 483 0
103.326 496 0
103.41 431 0
103.452 700 0
103.494 119 0.169
103.536 896 0
103.579 753 0
103.663 88 0.168
103.705 322 0
103.747 645 0
103.831 87 0.127
103.874 295 0.168
103.916 97 0.084
104.0 185 0.084
104.084 590 0.084
104.126 473 0
104.168 125 0
104.168 416 0.127
104.253 167 0.126
104.337 512 0.084
104.421 841 0.085
104.506 684 0
104.506 788 0.126
104.59 161 0.126
104.674 672 0
104.758 40 0.127
104.801 789 0.126
104.843 680 0.126
104.927 150 0.168
105.011 135 0.084
105.053 297 0
105.095 104 0.085
105.18 786 0.084
105.222 338 0.084
105.264 813 0.084
105.348 219 0
105.39 280 0
105.433 622 0
105.517 10 0.126
105.559 782 0.211
105.601 773 0.084
105.77 50 0
105.77 349 0.168
105.77 111 0.168
105.938 331 0.169
106.022 247 0
106.022 767 0.169
106.107 250 0
106.191 694 0
106.191 150 0.168
106.275 384 0
106.275 422 0.169
106.359 791 0.169
106.444 166 0.084
106.528 419 0.084
106.57 296 0.127
106.612 550 0.127
106.697 843 0.168
106.781 177 0
106.781 371 0.084
106.865 862 0.084
106.949 149 0
106.949 433 0.085
107.034 524 0.084
107.118 216 0
107.118 367 0.084
107.202 864 0.127
107.244 9 0.127
107.286 645 0.169
107.371 487 0
107.455 387 0.126
107.497 633 0.084
107.539 799 0.127
107.624 214 0
107.708 67 0.084
107.75 519 0.084
107.792 766 0.084
107.876 269 0.127
107.918 660 0.127
107.961 561 0.084
108.045 242 0
108.129 514 0.169
108.171 221 0.211
108.213 204 0.085
108.298 553 0.168
108.382 662 0
108.466 236 0
108.466 586 0.085
108.551 255 0.168
108.551 840 0
108.635 213 0.168
108.719 562 0.084
108.719 287 0.169
108.803 272 0.169
108.888 536 0.168
108.888 181 0
108.972 753 0
109.056 401 0.084
109.056 617 0
109.14 540 0
109.225 762 0.421
109.225 753 0.421
109.73 211 0
109.73 414 0
109.899 323 0.084
109.983 525 0.084
110.067 40 0.085
110.236 648 0.084
110.32 586 0.084
110.404 233 0
110.404 371 0
110.489 670 0
110.489 124 0
110.573 636 0.084
110.573 88 0
110.657 764 0.085
110.742 675 0.084
110.91 505 0.084
110.994 104 0.085
111.079 799 0
111.079 645 0
111.163 307 0.084
111.247 615 0.084
111.331 186 0.085
111.416 157 0.084
111.584 58 0.084
111.668 364 0.085
111.753 502 0
111.753 894 0
111.837 444 0
111.837 336 0
111.921 623 0
111.921 766 0
112.006 625 0
112.006 385 0
112.09 488 0
112.09 157 0
112.174 899 0
112.258 88 0
112.258 763 0
112.343 749 0
112.343 454 0
112.427 17 0
112.427 881 0
112.511 277 0
112.595 744 0
112.595 770 0
112.68 637 0
112.68 61 0
112.764 344 0
112.764 102 0
112.848 231 0
112.933 69 0
112.975 518 0
113.017 503 0
113.059 48 0
113.101 50 0
113.143 550 0
113.185 631 0
113.227 123 0
113.27 413 0
113.312 74 0
113.354 143 0
113.438 722 0
113.522 310 0
113.522 243 0
113.565 630 0
113.607 651 0
113.691 679 0
113.775 855 0
113.775 579 0
113.817 427 0
113.859 870 0
113.944 429 0
114.028 82 0
114.028 107 0
114.07 455 0
114.112 645 0
114.197 271 0
114.281 612 0
114.281 614 0
114.323 571 0
114.365 229 0
114.449 601 0
114.534 810 0
114.618 706 0
114.66 396 0
114.702 77 0
114.744 669 0
114.786 76 0
114.829 619 0
114.955 266 0
114.955 390 0
115.039 564 0
115.124 565 0.084
115.124 661 0
115.208 475 0.084
115.292 260 0
115.334 338 0
115.376 65 0.169
115.461 738 0.168
115.461 773 0
115.545 840 0.084
115.629 113 0
115.671 318 0
115.713 721 0
115.798 377 0.084
115.798 6 0
115.882 637 0.084
115.966 396 0
116.008 145 0
116.051 824 0
116.135 710 0
116.177 619 0
116.219 695 0
116.303 809 0
116.303 546 0
116.388 815 0
116.43 746 0
116.472 708 0
116.556 713 0
116.64 800 0.169
116.64 774 0
116.725 876 0.168
116.809 110 0.168
116.809 353 0
116.893 823 0
116.977 361 0.169
116.977 675 0
117.062 648 0
117.146 31 0.169
117.146 345 0
117.23 623 0.085
117.315 726 0
117.357 874 0
117.399 18 0
117.483 675 0
117.483 206 0
117.567 93 0.169
117.652 450 0
117.652 369 0.168
117.736 242 0.168
117.82 881 0.084
117.82 753 0
117.904 162 0.085
117.989 188 0
118.031 686 0
118.073 806 0
118.157 753 0
118.157 350 0.085
118.242 70 0.168
118.326 771 0.168
118.326 203 0
118.41 576 0.169
118.494 48 0.169
118.494 23 0.085
118.579 876 0
118.663 733 0
118.705 139 0
118.747 585 0
118.831 371 0.085
118.831 489 0
118.916 397 0.168
119.0 176 0.168
119.0 698 0
119.084 263 0
119.168 509 0.169
119.168 221 0.085
119.253 191 0
119.337 527 0
119.379 878 0
119.421 590 0
119.506 662 0.168
119.506 798 0.084
119.59 501 0
119.674 100 0
119.716 421 0
119.758 603 0
119.843 650 0.168
119.843 693 0
119.927 83 0.168
120.011 168 0.169
120.011 65 0
120.095 214 0
120.18 736 0
120.18 827 0
120.264 249 0.169
120.348 754 0.169
120.348 176 0
120.433 38 0.168
120.517 280 0.168
120.517 840 0
120.601 208 0
120.685 622 0
120.685 698 0
120.77 313 0
120.854 517 0
120.854 188 0.168
120.938 682 0.169
121.022 660 0.169
121.022 674 0
121.107 173 0
121.191 808 0.168
121.191 856 0
121.275 719 0.084
121.359 651 0
121.402 77 0
121.444 225 0
121.528 422 0.253
121.528 166 0
121.612 512 0
121.612 199 0
121.697 723 0.168
121.781 149 0.168
121.781 145 0
121.865 634 0
121.865 176 0
121.949 593 0.085
122.034 688 0
122.076 888 0
122.118 57 0
122.202 262 0
122.202 260 0.084
122.286 671 0.085
122.371 892 0
122.413 406 0
122.455 564 0
122.539 408 0
122.581 477 0
122.624 754 0
122.708 810 0.281
122.708 370 0.393
122.82 223 0.393
122.933 651 0.505
123.045 557 0.281
123.157 236 0.618
123.27 578 0.281
123.382 276 0.281
123.494 760 0.337
123.607 57 0.224
123.719 154 0.112
123.831 10 0
123.888 692 0
123.944 261 0
124.0 706 0
124.056 705 0
124.098 822 0
124.14 511 0
124.225 587 0.084
124.225 827 0
124.309 421 0.168
124.393 764 0.084
124.393 585 0
124.477 667 0.169
124.562 447 0
124.562 411 0
124.646 136 0.084
124.73 679 0.085
124.73 869 0
124.815 142 0.084
124.899 721 0
124.899 302 0
124.955 270 0
125.011 197 0
125.067 266 0
125.067 434 0
125.152 42 0
125.152 756 0
125.236 209 0
125.236 454 0
125.32 456 0
125.404 270 0
125.447 589 0
125.489 133 0
125.573 891 0.169
125.573 171 0
125.657 158 0.169
125.742 533 0
125.742 586 0
125.826 413 0.084
125.91 114 0
125.952 266 0
125.994 814 0
126.079 655 0
126.079 130 0
126.191 127 0
126.191 104 0
126.303 753 0
126.303 308 0
126.416 874 0
126.416 483 0
126.528 322 0
126.528 676 0
126.64 519 0
126.64 285 0
126.753 816 0.084
126.753 771 0
126.837 106 0.084
126.921 289 0.169
126.921 721 0
127.006 237 0.168
127.006 659 0
127.09 889 0.168
127.09 419 0
127.174 291 0
127.258 455 0
127.258 12 0
127.315 57 0
127.371 670 0
127.427 802 0
127.427 690 0
127.539 16 0
127.539 825 0
127.652 839 0
127.652 698 0
127.764 796 0
127.764 680 0
127.876 432 0
127.876 421 0
127.989 507 0
127.989 817 0
128.101 721 0
128.101 298 0
128.143 7 0
128.185 272 0
128.27 98 0
128.27 10 0
128.326 716 0
128.382 474 0
128.438 526 0
128.438 454 0
128.607 720 0.084
128.607 617 0.168
128.691 784 0.168
128.775 20 0.084
128.775 557 0.084
128.944 209 0
128.944 577 0
129.0 400 0
129.056 490 0
129.112 845 0
129.112 419 0.085
129.197 599 0.168
129.281 60 0
129.281 561 0.084
129.365 119 0.084
129.449 639 0
129.492 636 0
129.534 342 0
129.618 557 0
129.66 760 0
129.702 289 0
129.786 551 0
129.786 695 0
129.829 162 0
129.871 181 0
129.955 12 0
129.997 189 0
130.039 429 0
130.124 213 0.168
130.124 113 0.084
130.208 858 0.168
130.292 836 0.169
130.376 893 0.253
130.376 197 0
130.461 323 0
130.545 327 0
130.629 279 0.084
130.629 298 0
130.713 564 0.169
130.798 820 0.168
130.798 77 0
130.882 580 0
130.966 887 0.169
131.051 262 0.168
131.051 439 0
131.135 694 0.168
131.219 149 0
131.303 792 0.169
131.303 119 0
131.388 95 0
131.472 651 0.168
131.556 145 0.169
131.556 356 0
131.64 837 0
131.725 291 0.084
131.809 748 0
131.851 288 0
131.893 181 0
132.146 369 0.084
132.146 708 0.169
132.23 98 0.085
132.315 848 0.168
132.399 482 0
132.399 857 0
132.483 654 0.169
132.567 384 0.169
132.652 144 0.168
132.652 60 0
132.736 379 0
132.82 800 0
132.82 821 0
132.862 858 0
132.904 417 0
132.947 650 0
132.989 360 0
133.073 364 0
133.073 510 0
133.157 889 0
133.157 525 0
133.199 68 0
133.242 500 0
133.284 257 0
133.326 49 0
133.41 409 0
133.41 168 0
133.494 883 0.253
133.494 255 0.085
133.663 658 0.168
133.663 271 0.084
133.747 861 0.169
133.831 144 0.085
133.831 334 0
133.916 293 0.168
134.0 370 0
134.0 673 0.084
134.084 451 0.169
134.168 116 0.085
134.168 69 0
134.253 427 0.168
134.337 382 0.169
134.337 873 0
134.421 822 0.169
134.506 514 0.084
134.506 593 0
134.59 372 0
134.674 492 0
134.674 864 0
134.758 282 0
134.758 15 0
134.843 387 0
134.843 383 0
134.927 115 0.168
135.011 623 0.169
135.095 828 0.169
135.095 371 0
135.18 527 0
135.264 34 0.169
135.348 4 0
135.348 431 0.169
135.433 325 0.168
135.517 728 0.168
135.517 130 0
135.601 124 0.169
135.685 105 0.127
135.77 482 0.084
135.854 511 0
135.896 435 0
135.938 484 0
135.98 880 0
136.022 648 0
136.065 475 0
136.107 632 0
136.149 838 0
136.191 300 0
136.233 691 0
136.275 118 0
136.317 431 0
136.359 236 0
136.402 583 0
136.444 468 0
136.528 115 0.084
136.57 845 0.127
136.612 504 0.169
136.654 815 0
136.697 514 0
136.781 190 0
136.781 67 0
136.865 1 0.084
136.907 68 0.211
136.949 140 0.085
136.992 812 0
137.034 198 0
137.118 251 0
137.118 191 0
137.202 882 0.127
137.244 67 0
137.286 254 0
137.329 609 0
137.371 199 0
137.413 520 0
137.455 785 0
137.497 747 0
137.539 566 0.169
137.581 101 0.085
137.624 50 0.168
137.666 178 0.126
137.876 304 0
137.876 21 0.085
137.918 715 0.127
137.961 355 0.21
138.045 619 0
138.129 811 0
138.129 627 0
138.213 392 0.253
138.256 235 0.042
138.298 864 0.084
138.382 179 0
138.466 583 0
138.466 39 0
138.551 741 0.168
138.719 625 0
138.74 247 0
138.761 175 0
138.888 809 0
138.93 842 0
138.972 622 0
139.014 875 0
139.056 368 0
139.098 129 0
139.14 23 0
139.225 154 0.084
139.267 308 0.126
139.309 523 0.168
139.351 760 0
139.393 175 0
139.477 446 0
139.477 578 0
139.562 309 0.084
139.604 831 0.211
139.646 418 0.084
139.688 752 0
139.73 225 0
139.815 642 0
139.815 200 0
139.899 317 0.084
139.941 377 0.126
139.983 724 0
140.025 814 0
140.067 17 0
140.109 833 0
140.152 698 0
140.152 870 0
140.236 784 0.084
140.236 353 0.168
140.32 740 0
140.404 336 0.169
140.404 125 0.085
140.489 583 0.168
140.489 638 0.084
140.573 261 0
140.657 291 0.169
140.657 689 0.085
140.742 578 0.084
140.826 49 0
140.826 17 0.084
140.91 846 0.042
140.91 318 0.084
140.952 96 0
140.994 4 0
141.036 797 0
141.079 295 0.084
141.079 757 0
141.163 642 0.042
141.205 188 0
141.247 249 0.084
141.247 332 0
141.289 297 0
141.331 245 0.211
141.331 245 0
141.416 329 0.168
141.416 452 0
141.5 95 0.084
141.584 241 0
141.626 730 0
141.668 451 0
141.711 219 0
141.753 318 0
141.795 529 0
141.837 362 0
141.921 185 0.127
141.963 274 0.127
142.006 423 0.168
142.09 78 0
142.174 849 0
142.174 377 0
142.258 329 0.085
142.301 516 0.126
142.343 889 0.168
142.511 332 0.211
142.553 779 0.085
142.595 7 0.085
142.764 332 0.084
142.806 95 0.084
142.848 681 0.085
142.933 67 0.168
142.975 50 0.21
143.017 553 0.168
143.059 365 0.084
143.27 318 0.126
143.312 637 0.126
143.354 705 0.168
143.438 365 0
143.522 522 0
143.522 114 0
143.607 708 0.168
143.649 640 0.126
143.691 746 0.253
143.775 168 0.084
143.859 328 0.169
143.902 309 0.21
143.944 198 0.084
144.028 655 0.169
144.112 741 0.085
144.154 121 0.127
144.197 21 0.084
144.281 350 0
144.281 661 0.168
144.449 204 0
144.449 572 0
144.534 863 0
144.534 774 0
144.534 61 0.084
144.702 423 0
144.702 732 0
144.786 840 0
144.786 265 0
144.786 776 0.169
144.955 21 0
144.955 801 0
145.039 389 0
145.039 157 0.127
145.124 150 0
145.124 434 0.168
145.208 323 0
145.208 93 0.168
145.292 567 0
145.292 283 0.169
145.376 770 0.169
145.461 642 0
145.461 51 0.168
145.545 442 0.084
145.629 180 0
145.629 599 0.169
145.882 16 0
145.882 325 0
145.882 506 0.084
146.135 606 0
146.135 517 0.084
146.177 218 0.126
146.219 782 0.084
146.303 621 0
146.345 290 0
146.388 312 0
146.43 356 0
146.472 416 0
146.472 798 0
146.556 260 0.127
146.64 489 0
146.64 362 0.169
146.809 328 0.168
146.809 347 0
147.146 99 0
147.146 322 0
147.146 197 0
147.315 788 0
147.315 431 0
147.315 48 0
147.567 175 0
147.567 468 0
147.567 104 0
147.82 836 0
147.82 751 0
147.82 723 0
148.073 328 0
148.073 582 0
148.073 358 0
148.073 287 0
148.494 207 0
148.494 346 0
148.579 534 0
148.579 208 0
148.663 468 0
148.663 660 0
148.831 41 0.085
148.874 206 0.084
148.916 590 0.084
148.958 520 0.126
149.0 533 0.126
149.042 522 0.126
149.084 526 0.127
