0.374 331 1.0
1.374 665 0.666
1.374 718 0
2.04 478 0.5
2.54 15 0.167
2.707 94 0
2.707 120 1.0
3.707 765 0.333
4.04 279 0.333
4.04 452 0
4.373 393 0.334
4.707 331 0.333
5.04 149 0.333
5.373 894 0.667
5.373 718 0
6.04 669 0.333
6.373 136 0.334
6.707 143 0.666
6.707 290 0
7.373 437 0.5
7.873 702 0.167
8.04 335 1.0
8.04 803 0
9.04 484 0.333
9.373 410 0
9.373 578 0.334
9.707 361 0.333
10.04 224 0.333
10.373 418 0.334
10.707 456 0
10.707 593 0.666
11.373 233 0.667
11.373 319 0
12.04 814 0
12.04 24 0
12.373 50 0
12.54 14 0
12.54 37 0
12.707 136 0
13.04 472 0
13.373 320 0
13.373 348 0
13.707 712 0
13.873 444 0
13.873 654 0
14.04 885 0
14.373 737 0
14.707 307 0
14.707 729 0
15.04 835 0
15.207 453 0
15.207 623 0
15.373 170 0
15.707 98 0
16.04 22 0
16.04 404 0
16.373 43 0
16.54 475 0
16.54 318 0
16.707 604 0
17.04 731 0
17.123 336 0
17.207 97 0
17.29 42 0
17.373 443 0
17.373 511 0
17.707 127 0
17.873 538 0
17.873 160 0
18.04 694 0
18.373 809 0
18.373 278 0
18.707 632 0
18.707 132 0
19.04 241 0
19.04 866 0
19.207 848 0
19.373 807 0
19.373 513 0
19.707 235 0
19.707 752 0
20.04 259 0
20.04 771 0
20.207 535 0
20.373 375 0
20.373 152 0
20.54 482 0
20.707 776 0
20.707 676 0
20.873 397 0
21.04 591 0
21.04 111 0
21.207 141 0
21.373 252 0
21.457 893 0
21.54 443 0
21.623 585 0
21.707 715 0
21.79 824 0
21.873 60 0
21.957 272 0
22.04 606 0
22.123 666 0
22.207 285 0
22.29 889 0
22.373 288 0
22.373 572 0
22.707 41 0.333
22.707 669 0.333
23.207 687 0
23.29 732 0
23.373 780 0
23.54 393 0
23.707 877 0
23.873 334 0
24.04 814 0
24.207 543 0
24.373 412 0
24.54 774 0.333
24.54 702 0.333
24.873 883 0
25.04 894 0
25.207 510 0
25.373 100 0.334
25.373 25 0.334
25.873 856 0
25.957 521 0
26.04 324 0
26.207 323 0
26.373 259 0
26.54 818 0
26.707 146 0.333
26.707 850 0.333
27.207 338 0
27.29 615 0
27.373 55 0
27.54 314 0
27.707 457 0
27.873 69 0
28.04 475 0.333
28.04 179 0.333
28.54 799 0
28.623 186 0
28.707 228 0
28.873 444 0
29.04 128 0
29.207 602 0
29.373 869 0
29.54 258 0
29.707 200 0
29.873 602 0.334
29.873 94 0.334
30.207 682 0
30.373 44 0
30.54 824 0
30.707 337 0.333
30.707 865 0.333
31.207 65 0
31.29 14 0
31.373 226 0
31.54 262 0
31.707 312 0
31.873 291 0
32.04 304 0.333
32.54 196 0
32.54 54 0
32.623 886 0
32.707 859 0
32.707 350 0
32.79 580 0
32.873 382 0
32.957 13 0
33.04 373 0.25
33.04 746 0.25
33.373 648 0
33.373 68 0
33.707 798 0
33.707 516 0
34.04 899 0
34.04 534 0
34.29 532 0
34.373 648 0
34.373 219 0
34.54 516 0
34.54 345 0
34.707 87 0
34.707 856 0
35.04 303 0
35.04 743 0
35.373 279 0
35.373 340 0
35.623 249 0
35.623 134 0
35.707 550 0
35.873 542 0
35.873 714 0
36.04 224 0
36.04 217 0
36.373 512 0
36.373 516 0
36.707 326 0
36.707 832 0
36.957 29 0
37.04 161 0
37.04 566 0
37.207 123 0
37.207 156 0
37.373 472 0
37.373 141 0
37.54 877 0
37.707 249 0
37.707 584 0
37.873 864 0
38.04 722 0
38.04 465 0
38.207 35 0
38.207 638 0
38.373 146 0
38.373 109 0
38.373 406 0
38.707 68 0
38.707 372 0
38.79 777 0
38.873 148 0
38.957 51 0
39.04 632 0.333
39.04 44 0
39.373 735 0
39.373 603 0
39.457 316 0
39.54 162 0
39.623 872 0
39.707 697 0
39.707 819 0.333
40.04 359 0
40.04 78 0
40.123 4 0
40.207 191 0
40.29 254 0
40.373 724 0.334
40.373 442 0
40.707 796 0
40.707 11 0
40.79 178 0
40.873 681 0
40.957 383 0
41.04 822 0
41.207 158 0
41.262 725 0
41.318 783 0
41.373 755 0
41.457 422 0
41.54 766 0
41.623 496 0
41.707 177 0
41.79 553 0
41.873 440 0
41.957 298 0
42.04 577 0
42.096 617 0
42.151 441 0
42.207 681 0
42.262 485 0
42.318 785 0
42.373 191 0
42.373 518 0
42.54 642 0
42.596 439 0
42.651 245 0
42.707 746 0
42.707 737 0.166
43.04 557 0.167
43.373 721 0.167
43.54 380 0
43.54 149 0
43.707 610 0.25
43.707 455 0.25
44.04 205 0
44.04 857 0
44.04 97 0
44.207 748 0
44.373 679 0
44.373 345 0
44.54 233 0
44.54 881 0
44.707 607 0
44.873 396 0
44.873 661 0
45.04 81 0
45.04 317 0
45.207 81 0
45.373 73 0
45.373 348 0
45.54 537 0
45.707 198 0
45.707 338 0
45.873 208 0
45.873 859 0
46.04 507 0.167
46.207 441 0.166
46.207 734 0
46.373 808 0
46.373 793 0
46.54 317 0
46.707 729 0
46.707 220 0
46.707 545 0
46.873 154 0
47.04 891 0
47.04 777 0
47.207 268 0
47.373 209 0
47.373 428 0
47.54 141 0
47.54 276 0
47.707 299 0
47.707 582 0
47.873 61 0
48.04 604 0
48.123 722 0
48.207 706 0
48.29 789 0
48.373 567 0
48.373 319 0
48.54 842 0
48.707 896 0
48.707 496 0
48.873 484 0
48.873 171 0
49.04 589 0
49.04 246 0
49.04 434 0
49.373 107 0
49.373 552 0
49.373 428 0
49.54 420 0
49.707 14 0
49.707 168 0
49.873 894 0
49.873 3 0
50.04 89 0
50.207 680 0
50.207 638 0
50.373 301 0
50.373 21 0
50.54 487 0
50.707 445 0
50.707 571 0
50.873 793 0
51.04 658 0
51.04 166 0
51.207 185 0
51.207 78 0
51.373 14 0.167
51.54 519 0
51.54 338 0.167
51.707 830 0
51.707 896 0
51.873 188 0
52.04 520 0
52.04 487 0
52.04 826 0
52.207 771 0
52.373 23 0
52.373 633 0
52.54 400 0
52.707 502 0
52.707 313 0
52.873 17 0
52.873 21 0
53.04 238 0
53.04 276 0
53.207 592 0
53.373 547 0
53.457 65 0
53.54 858 0
53.623 857 0
53.707 141 0
53.707 153 0
53.873 51 0
53.957 169 0
54.04 332 0
54.207 35 0
54.207 22 0
54.373 56 0
54.373 628 0
54.373 145 0
54.707 537 0.166
54.707 289 0.166
54.873 462 0
55.04 417 0.167
55.04 675 0.167
55.207 215 0
55.373 860 0.167
55.373 522 0.167
55.54 499 0
55.707 879 0.166
55.707 76 0.166
55.873 738 0
56.04 787 0.167
56.04 187 0.167
56.207 32 0
56.373 12 0.167
56.373 681 0.167
56.54 639 0
56.707 758 0.166
56.707 574 0.166
56.873 94 0
57.04 865 0.167
57.04 774 0.167
57.207 306 0
57.373 405 0.167
57.373 214 0.167
57.54 163 0.167
57.54 224 0.167
57.707 231 0.166
57.707 343 0.166
57.873 773 0
58.04 556 0.167
58.04 113 0.167
58.207 315 0
58.373 868 0.167
58.373 254 0.167
58.54 570 0
58.707 732 0.166
58.707 214 0.166
58.873 125 0
59.04 485 0.167
59.04 564 0.167
59.207 210 0
59.373 48 0.167
59.373 434 0.167
59.54 857 0
59.623 467 0
59.707 272 0.166
59.707 500 0.166
59.79 756 0
59.873 732 0
60.04 210 0.167
60.04 400 0.167
60.207 98 0
60.373 0 0.167
60.373 421 0.167
60.54 299 0
60.707 494 0.166
60.707 8 0.166
60.873 832 0
61.04 568 0.167
61.04 248 0.167
61.207 289 0
61.373 696 0.167
61.373 74 0.167
61.54 466 0
61.707 457 0.166
61.707 455 0.166
61.873 524 0
62.04 24 0.167
62.04 855 0.167
62.207 122 0
62.373 602 0.167
62.373 512 0.167
62.54 35 0
62.707 170 0.166
62.707 585 0.166
62.873 664 0.167
62.873 67 0.167
63.04 50 0.167
63.04 505 0.167
63.207 455 0
63.373 414 0.167
63.373 355 0.167
63.54 307 0
63.707 873 0.166
63.707 688 0.166
63.873 541 0
64.04 323 0.167
64.04 87 0.167
64.207 772 0
64.54 254 0.167
64.54 205 0.167
64.707 592 0
65.04 830 0.167
65.04 430 0
65.04 450 0.167
65.373 268 0
65.373 659 0
65.707 542 0
65.707 164 0.166
66.04 514 0.167
66.04 809 0
66.373 199 0
66.54 489 0
66.54 685 0.083
66.707 431 0.083
66.707 303 0
67.04 543 0
67.373 363 0
67.707 617 0.166
67.707 279 0
67.873 537 0
68.04 181 0.167
68.04 752 0
68.373 777 0.167
68.373 54 0
68.54 756 0
68.707 621 0
68.707 538 0.166
68.873 210 0
69.04 113 0
69.04 348 0.167
69.207 75 0
69.373 266 0
69.373 805 0.167
69.54 337 0
69.707 814 0
69.873 720 0
70.04 361 0.167
70.207 435 0
70.373 113 0.167
70.54 791 0
70.707 172 0
70.707 673 0.666
71.373 379 0
71.373 511 0.5
71.873 693 0.167
72.04 193 1.0
72.04 681 0
73.04 725 0
73.04 137 0.333
73.373 370 0
73.373 35 0.334
73.707 602 0
73.707 507 0.333
73.873 620 0
74.04 625 0.333
74.207 602 0
74.373 484 0.334
74.54 354 0
74.707 419 0.666
74.873 588 0
75.04 857 0
75.207 22 0
75.373 452 0.667
75.54 884 0
75.707 345 0
75.873 747 0
76.04 251 0.167
76.04 275 0
76.373 594 0.167
76.54 383 0
76.54 322 0
76.707 872 0.166
77.04 850 0.167
77.373 120 0.167
77.373 378 0
77.707 330 0.166
77.873 597 0
77.873 638 0
78.04 704 0.167
78.373 449 0.167
78.707 632 0.166
78.707 663 0
79.04 275 0.167
79.207 532 0
79.207 267 0
79.373 585 0.167
79.707 320 0.166
80.04 598 0.167
80.04 550 0
80.373 234 0.167
80.54 82 0
80.54 578 0
80.707 273 0.166
81.04 330 0
81.123 588 0
81.207 15 0
81.29 734 0
81.373 781 0.167
81.373 287 0
81.707 671 0.166
81.873 584 0
81.873 368 0
82.04 20 0.167
82.373 237 0.167
82.373 828 0
82.707 155 0.166
82.707 256 0
83.04 16 0.167
83.04 524 0
83.207 864 0
83.373 4 0.167
83.373 722 0
83.707 232 0.166
83.707 315 0
84.04 504 0
84.04 802 0
84.207 531 0
84.373 369 0
84.373 318 0
84.54 413 0
84.707 303 0
84.707 208 0
84.873 810 0
85.04 534 0
85.04 262 0
85.207 708 0
85.373 739 0
85.457 472 0
85.54 633 0
85.623 91 0
85.707 217 0
85.79 875 0
85.873 130 0
85.957 53 0
86.04 97 0
86.123 876 0
86.207 56 0
86.29 812 0
86.373 584 0
86.373 575 0
86.707 653 0.166
86.707 605 0
86.707 680 0.333
87.04 884 0.167
87.207 682 0
87.373 690 0.334
87.373 798 0
87.707 603 0.166
88.04 184 0.333
88.04 77 0.167
88.04 579 0
88.207 588 0
88.373 459 0
88.54 516 0
88.707 471 0
88.707 258 0.333
89.04 847 0.167
89.207 484 0.166
89.373 851 0.334
89.373 670 0.167
89.373 20 0
89.707 424 0.166
89.873 500 0
90.04 237 0
90.04 134 0.333
90.373 513 0.167
90.707 567 0.166
90.707 217 0.333
90.873 814 0
91.04 559 0
91.207 512 0
91.373 287 0.167
91.54 879 0.167
91.707 572 0.166
91.873 404 0.167
92.04 256 0
92.04 358 0.333
92.04 816 0
92.373 814 0
92.54 613 0
92.707 18 0
92.707 223 0
92.707 823 0.333
93.04 269 0
93.207 168 0
93.373 482 0.334
93.373 816 0
93.373 584 0
93.707 528 0
93.873 447 0
94.04 777 0.333
94.04 785 0
94.04 3 0
94.373 766 0
94.54 723 0
94.623 851 0
94.707 186 0.166
94.707 868 0
94.873 322 0
95.04 804 0
95.04 654 0.167
95.207 377 0
95.373 389 0.167
95.373 676 0
95.54 598 0
95.707 430 0.166
95.707 182 0
95.873 887 0
96.04 495 0
96.04 843 0
96.207 10 0
96.207 386 0
96.373 280 0
96.373 762 0
96.54 108 0
96.54 629 0
96.707 231 0
96.79 70 0
96.873 459 0
96.957 164 0
97.04 247 0
97.123 128 0
97.207 596 0
97.29 50 0
97.373 209 0
97.457 581 0
97.54 229 0
97.623 697 0
97.707 832 0
97.79 400 0
97.873 779 0
97.957 245 0
98.04 265 0
98.123 311 0
98.207 379 0
98.29 17 0
98.373 324 0
98.457 627 0
98.54 468 0
98.623 511 0
98.707 360 0
98.79 870 0
98.873 513 0
98.957 3 0
99.04 50 0
99.123 718 0
99.207 741 0
99.29 143 0
99.373 859 0.167
99.54 720 0.167
99.707 614 0
99.79 639 0
99.873 175 0
99.957 709 0
100.04 765 0
100.207 275 0
100.207 340 0
100.373 403 0
100.54 739 0
100.54 447 0
100.707 135 0
100.873 583 0
100.873 695 0
101.04 889 0
101.207 530 0
101.207 59 0
101.373 587 0
101.54 335 0
101.54 511 0
101.707 389 0
101.873 483 0
101.873 223 0
102.04 653 0
102.207 879 0
102.207 182 0
102.373 848 0
102.54 663 0
102.54 524 0
102.623 245 0
102.707 583 0
102.707 98 0
102.873 504 0
102.873 556 0
103.04 277 0
103.04 737 0
103.207 675 0
103.207 558 0
103.373 834 0
103.457 551 0
103.54 859 0
103.623 359 0
103.707 311 0
103.707 620 0
103.79 868 0
103.873 552 0
103.957 36 0
104.04 760 0.167
104.373 244 0.167
104.707 165 0.166
104.873 533 0
105.04 286 0
105.123 198 0
105.207 455 0
105.29 642 0
105.373 47 0
105.373 504 0
105.707 336 0
105.707 259 0
105.873 345 0.167
106.207 551 0.166
106.54 7 0.167
106.873 397 0.167
107.207 56 0.166
107.54 681 0.167
107.873 745 0.167
108.04 36 0
108.04 334 0
108.207 380 0
108.207 317 0
108.373 85 0
108.373 70 0
108.54 786 0
108.54 648 0
108.707 321 0
108.707 526 0
108.873 780 0
108.873 588 0
109.04 899 0
109.04 745 0
109.207 463 0
109.207 295 0
109.373 508 0
109.373 404 0
109.457 82 0
109.54 668 0
109.623 489 0
109.707 533 0
109.79 98 0
109.873 728 0
109.957 317 0
110.04 670 0
110.123 591 0
110.207 787 0
110.29 527 0
110.373 522 0
110.54 111 0
110.707 618 0.166
110.707 495 0.166
110.873 357 0
111.04 6 0.167
111.04 56 0.167
111.04 441 0.167
111.373 716 0.167
111.373 452 0.167
111.54 659 0
111.707 782 0.166
111.707 506 0.166
111.707 256 0.166
112.04 586 0.167
112.04 553 0.167
112.207 263 0
112.373 376 0.167
112.373 67 0.167
112.373 189 0.167
112.707 107 0.166
112.707 524 0.166
112.873 200 0
113.04 249 0.167
113.04 356 0.167
113.04 128 0.167
113.373 878 0
113.373 751 0
113.54 437 0
113.54 628 0
113.707 731 0.166
113.707 469 0.166
113.707 880 0.166
114.04 1 0.167
114.04 388 0.167
114.207 22 0
114.373 688 0.167
114.373 459 0.167
114.373 2 0.167
114.707 882 0
114.707 474 0.166
114.707 712 0.166
114.873 775 0
115.207 416 0
115.207 419 0.166
115.207 814 0.166
115.373 769 0
115.707 438 0.166
115.707 414 0
115.707 755 0.166
116.04 724 0
116.04 445 0.167
116.04 236 0.167
116.373 784 0
116.373 315 0.167
116.373 757 0.167
116.707 629 0
116.707 158 0.166
116.707 548 0.166
117.04 790 0.167
117.04 640 0.167
117.207 223 0
117.207 682 0
117.373 821 0
117.373 771 0.167
117.373 596 0.167
117.707 125 0
117.707 533 0.166
117.707 861 0.166
118.04 518 0
118.04 428 0.167
118.04 206 0.167
118.373 117 0
118.373 770 0.167
118.373 252 0.167
118.707 92 0
118.707 406 0
118.707 624 0
118.873 834 0
118.873 799 0
119.04 333 0
119.04 727 0.167
119.04 352 0.167
119.373 706 0
119.373 698 0.167
119.373 76 0.167
119.707 93 0
119.707 830 0.166
119.707 490 0.166
120.04 725 0
120.04 764 0.167
120.04 641 0.167
120.373 665 0.167
120.373 652 0.167
120.707 427 0.166
120.707 770 0.166
120.707 288 0
121.04 772 0.167
121.04 713 0.167
121.04 832 0
121.373 225 0.167
121.373 87 0.167
121.373 387 0
121.707 95 0.166
121.707 100 0.166
121.707 773 0
122.04 199 0.167
122.04 527 0.167
122.04 56 0
122.373 649 0.167
122.373 595 0.167
122.54 774 0
122.54 716 0
122.707 691 0.166
122.707 691 0.166
122.707 296 0
123.04 816 0.167
123.04 628 0.167
123.04 880 0
123.373 161 0.167
123.373 58 0.167
123.373 60 0
123.707 685 0.166
123.707 338 0.166
123.707 524 0
124.04 397 0
124.04 144 0
124.04 211 0
124.207 187 0
124.207 342 0
124.373 338 0
124.373 306 0.167
124.373 562 0.167
124.707 270 0
124.707 497 0.166
124.707 848 0.166
125.04 427 0
125.04 448 0.167
125.04 287 0.167
125.373 645 0.334
125.373 88 0.167
125.373 641 0.167
125.873 135 0.334
125.873 424 0.167
125.873 169 0.167
126.373 4 0.334
126.373 895 0.167
126.373 444 0.167
126.707 148 0
126.707 548 0.333
126.707 787 0
127.207 601 0
127.29 854 0
127.373 199 0
127.373 843 0
127.54 236 0
127.707 443 0
127.707 42 0
127.873 546 0
127.873 94 0
128.04 893 0
128.04 634 0
128.207 19 0
128.373 853 0
128.373 414 0
128.54 711 0
128.54 438 0.333
128.873 627 0
129.04 804 0
129.04 394 0
129.207 555 0
129.373 57 0.334
129.373 504 0
129.873 453 0
129.957 323 0
130.04 138 0
130.04 43 0
130.207 464 0
130.373 682 0
130.373 50 0
130.54 140 0
130.707 889 0.333
130.707 440 0
131.207 855 0
131.29 461 0
131.373 751 0
131.373 651 0
131.54 677 0
131.707 502 0
131.707 408 0
131.873 840 0
132.04 427 0
132.04 439 0
132.04 300 0.333
132.54 284 0
132.623 714 0
132.707 135 0
132.707 91 0
132.873 178 0
133.04 50 0
133.04 137 0
133.207 450 0
133.373 757 0
133.373 64 0
133.54 898 0
133.707 484 0
133.707 73 0
133.873 716 0
133.873 99 0.334
134.207 329 0
134.373 658 0
134.373 845 0
134.54 703 0
134.707 515 0
134.707 178 0.333
135.207 291 0
135.29 793 0
135.373 790 0
135.373 169 0
135.54 633 0
135.707 597 0
135.707 823 0
135.873 228 0
135.873 869 0
136.04 615 0
136.04 365 0.333
136.54 829 0
136.623 247 0
136.707 403 0
136.707 388 0
136.873 52 0
136.957 628 0
137.04 175 0
137.04 168 0
137.207 218 0
137.29 851 0
137.373 477 0.334
137.373 886 0
137.873 2 0
137.957 149 0
138.04 39 0
138.04 526 0
138.207 227 0
138.373 891 0
138.373 169 0
138.54 233 0
138.707 622 0
138.707 764 0
138.957 250 0
138.957 475 0
139.207 316 0.333
139.207 225 0
139.54 87 0
139.54 132 0
139.707 164 0
139.707 144 0
139.873 717 0
139.873 439 0
140.04 494 0.333
140.04 505 0
140.54 894 0
140.623 532 0
140.707 66 0
140.707 398 0
140.873 572 0
141.04 381 0
141.04 271 0
141.207 448 0
141.373 427 0.334
141.373 594 0
141.873 877 0
141.957 607 0
142.04 642 0
142.04 871 0
142.207 433 0
142.373 791 0
142.373 378 0
142.54 94 0
142.54 710 0
142.707 373 0.333
142.707 2 0
143.207 806 0
143.29 304 0
143.373 297 0
143.373 876 0
143.54 856 0
143.707 223 0
143.707 186 0
143.873 288 0
144.04 861 0
144.04 168 0
144.04 524 0
144.207 291 0
144.373 356 0
144.373 703 0
144.54 877 0.333
144.54 705 0
144.873 837 0
145.04 37 0
145.04 861 0
145.207 745 0
145.373 768 0
145.373 616 0
145.457 306 0
145.54 609 0
145.623 761 0
145.707 471 0
145.707 640 0
145.873 44 0
146.04 339 0
146.04 814 0
146.123 141 0
146.207 711 0
146.29 739 0
146.373 104 0
146.373 701 0
146.54 875 0
146.707 767 0
146.707 657 0
146.79 816 0
146.873 500 0
146.957 157 0
147.04 57 0
147.123 554 0
147.207 756 0
147.29 791 0
147.373 598 0
147.457 662 0
147.54 890 0
147.623 729 0
147.707 596 0
147.707 819 0
147.79 695 0
147.873 396 0
147.957 566 0
148.04 214 0
148.04 8 1.333
149.373 237 1.334
149.373 348 0
