8.924 167 0
8.924 281 0
9.096 43 0
9.268 633 0
9.441 408 0
9.613 409 0.043
9.786 609 0
9.958 244 0
10.13 523 0
10.303 478 0
10.475 638 0.043
10.648 17 0
10.82 328 0
10.992 616 0
11.165 120 0
11.337 241 0.043
11.51 233 0
11.682 171 0
11.682 341 0
11.855 104 0
12.027 371 0
12.199 331 0
12.372 185 0.086
12.544 790 0
12.717 728 0
12.889 247 0
13.061 318 0
13.061 386 0
13.234 141 0.086
13.406 716 0
13.579 551 0
13.751 554 0
13.751 606 0
13.924 307 0
14.096 76 0.086
14.268 472 0
14.441 137 0
14.441 409 0
14.613 624 0
14.786 657 0
14.958 148 0
15.13 240 0.044
15.303 850 0
15.475 249 0
15.648 369 0
15.82 326 0
15.992 751 0.044
16.165 96 0
16.337 824 0
16.51 623 0
16.682 508 0
16.855 589 0.043
17.027 300 0
17.199 78 0
17.199 176 0
17.372 371 0
17.544 443 0
17.717 6 0
17.889 49 0.086
18.061 158 0
18.234 692 0
18.406 883 0
18.579 537 0
18.579 235 0
18.751 788 0.086
18.924 315 0
19.096 74 0
19.268 102 0
19.441 292 0
19.613 5 0.086
19.786 770 0
19.958 574 0
19.958 848 0
20.13 839 0
20.217 468 0
20.303 722 0
20.475 370 0
20.561 363 0
20.648 416 0.043
20.82 391 0
20.906 808 0
20.992 48 0
21.165 136 0
21.251 73 0
21.337 429 0
21.51 366 0.043
21.596 601 0
21.682 372 0
21.855 516 0
21.941 621 0
22.027 589 0
22.199 58 0
22.286 46 0
22.372 637 0.043
22.544 150 0
22.63 126 0
22.717 95 0
22.717 862 0
22.889 777 0
22.975 29 0
23.061 827 0
23.234 884 0
23.32 462 0
23.406 50 0.086
23.579 536 0
23.665 680 0
23.751 870 0
23.924 297 0
24.01 4 0
24.096 378 0
24.096 47 0
24.268 232 0.087
24.355 709 0
24.441 448 0
24.613 238 0
24.699 694 0
24.786 396 0
24.786 142 0
24.958 246 0
25.044 623 0
25.13 502 0.087
25.303 856 0
25.389 254 0
25.475 767 0
25.475 398 0
25.648 101 0
25.734 582 0
25.82 555 0
25.82 7 0
25.992 527 0
26.079 658 0
26.165 708 0.043
26.337 661 0
26.337 796 0
26.424 849 0
26.51 175 0
26.51 154 0
26.682 317 0
26.855 416 0
26.855 448 0
27.027 772 0
27.027 628 0.043
27.199 339 0
27.372 697 0
27.372 37 0
27.544 777 0
27.63 337 0
27.717 650 0
27.803 555 0
27.889 268 0
27.889 791 0.043
28.061 145 0
28.148 602 0
28.234 449 0
28.234 84 0
28.406 692 0
28.492 361 0
28.579 549 0
28.579 107 0
28.751 686 0
28.837 203 0
28.924 784 0
28.924 776 0.086
29.01 537 0
29.096 238 0
29.096 682 0
29.268 632 0
29.268 588 0
29.441 208 0
29.527 504 0
29.613 305 0
29.613 116 0
29.786 216 0
29.786 347 0.086
29.958 775 0
29.958 427 0
30.13 273 0
30.13 197 0
30.217 170 0
30.303 350 0
30.389 209 0
30.389 53 0
30.475 527 0
30.648 514 0
30.648 34 0
30.648 398 0.086
30.82 54 0
30.906 407 0
30.906 264 0
30.992 260 0.044
30.992 643 0.044
30.992 667 0.044
31.165 646 0
31.165 560 0
31.222 461 0
31.28 845 0
31.337 719 0
31.395 597 0
31.452 758 0
31.51 145 0
31.596 362 0
31.682 751 0
31.682 764 0
31.768 483 0
31.855 321 0
31.855 382 0
31.855 546 0
32.027 809 0
32.027 887 0
32.199 290 0
32.242 510 0
32.286 738 0
32.329 22 0
32.372 163 0
32.372 539 0
32.544 193 0
32.544 218 0
32.544 8 0
32.602 632 0
32.659 792 0
32.717 586 0
32.803 74 0
32.889 505 0
32.889 63 0
32.975 73 0
33.061 616 0
33.148 647 0
33.234 379 0
33.234 368 0
33.234 803 0
33.406 225 0.043
33.406 707 0.043
33.579 117 0
33.751 409 0.043
33.751 562 0.043
33.924 89 0
33.924 71 0
33.981 289 0
34.038 421 0
34.096 445 0
34.153 552 0
34.211 338 0
34.268 181 0
34.311 827 0
34.355 777 0
34.383 328 0
34.441 719 0
34.441 456 0
34.527 139 0
34.613 687 0
34.613 428 0
34.786 597 0
34.786 896 0
34.843 748 0
34.901 53 0
34.958 303 0
34.958 61 0
35.001 137 0
35.044 700 0
35.087 367 0
35.13 506 0
35.13 642 0
35.303 39 0
35.303 440 0
35.346 805 0
35.389 55 0
35.432 833 0
35.475 218 0
35.533 178 0
35.59 358 0
35.648 627 0
35.648 243 0
35.734 210 0
35.734 576 0
35.82 527 0
35.906 284 0
35.992 492 0
35.992 368 0
36.079 751 0
36.165 757 0.043
36.165 451 0.043
36.165 49 0
36.337 149 0
36.51 634 0.043
36.51 206 0.043
36.682 695 0
36.682 562 0
36.74 467 0
36.797 515 0
36.855 868 0
36.941 5 0
37.027 166 0
37.113 890 0
37.199 850 0
37.286 376 0
37.372 520 0
37.372 228 0
37.458 488 0
37.544 381 0
37.544 637 0
37.602 154 0
37.659 206 0
37.717 192 0
37.76 716 0
37.803 900 0
37.846 169 0
37.889 267 0
37.889 196 0
38.061 758 0
38.105 509 0
38.148 532 0
38.191 610 0
38.234 880 0
38.291 829 0
38.349 573 0
38.406 509 0
38.406 574 0
38.492 210 0
38.579 57 0
38.665 693 0
38.751 686 0
38.751 200 0
38.751 815 0
38.924 275 0.043
38.924 842 0.043
39.096 434 0
39.268 699 0.043
39.268 878 0.043
39.441 446 0
39.484 16 0
39.527 890 0
39.57 574 0
39.613 675 0
39.613 389 0
39.699 419 0
39.786 368 0
39.872 534 0
39.958 239 0
39.958 600 0
40.044 648 0
40.13 563 0
40.13 655 0
40.303 229 0.043
40.303 759 0.043
40.475 572 0
40.648 379 0.043
40.648 854 0.043
40.82 535 0
40.82 300 0
40.992 78 0
40.992 67 0
41.165 860 0
41.165 694 0
41.251 117 0
41.337 725 0
41.424 695 0
41.424 638 0
41.51 515 0
41.51 116 0
41.51 69 0
41.682 152 0
41.682 493 0
41.855 254 0
41.855 427 0
41.941 11 0
41.941 581 0
42.027 607 0
42.027 282 0
42.027 774 0
42.199 589 0
42.242 685 0
42.286 361 0
42.329 193 0
42.372 838 0
42.429 514 0
42.487 164 0
42.544 392 0
42.63 357 0
42.717 291 0
42.717 582 0
42.803 631 0
42.889 634 0
42.889 598 0
43.061 685 0
43.061 462 0
43.119 225 0
43.176 18 0
43.234 69 0
43.277 856 0
43.32 554 0
43.363 172 0
43.406 475 0
43.406 745 0
43.579 125 0
43.579 264 0
43.622 859 0
43.665 599 0
43.708 287 0
43.751 479 0
43.809 256 0
43.866 692 0
43.924 63 0
43.924 234 0
44.01 520 0
44.096 693 0
44.182 339 0
44.268 354 0
44.268 221 0
44.268 506 0
44.441 246 0.043
44.441 611 0.043
44.613 16 0
44.786 135 0.043
44.786 433 0.043
44.958 277 0
45.001 457 0
45.044 386 0
45.087 574 0
45.13 564 0
45.13 345 0
45.217 35 0
45.303 424 0
45.389 743 0
45.475 58 0
45.561 88 0
45.648 859 0
45.648 552 0
45.82 351 0
45.82 549 0
45.82 110 0
45.878 804 0
45.935 705 0
45.992 521 0
46.036 849 0
46.079 478 0
46.122 209 0
46.165 265 0
46.165 758 0
46.337 321 0
46.38 162 0
46.424 457 0
46.467 406 0
46.51 828 0
46.51 482 0
46.596 491 0
46.682 586 0
46.682 279 0
46.768 733 0
46.768 220 0
46.855 18 0
46.941 95 0
47.027 374 0
47.027 330 0
47.027 417 0
47.113 333 0
47.199 105 0.043
47.199 403 0.043
47.372 588 0
47.544 403 0.043
47.544 169 0.043
47.717 104 0
47.774 542 0
47.832 459 0
47.889 391 0
47.889 37 0
48.061 420 0
48.061 627 0
48.148 142 0
48.234 460 0
48.234 728 0
48.291 769 0
48.349 271 0
48.406 371 0
48.406 445 0
48.579 275 0
48.579 171 0
48.579 146 0
48.665 396 0
48.751 350 0
48.809 580 0
48.866 809 0
48.924 701 0
48.924 258 0
49.01 174 0
49.096 742 0
49.096 392 0
49.182 605 0
49.268 661 0
49.326 756 0
49.383 824 0
49.441 196 0
49.441 248 0
49.527 216 0
49.613 458 0
49.699 600 0
49.786 884 0
49.786 687 0
49.843 898 0
49.901 190 0
49.958 571 0
49.958 720 0
50.044 24 0
50.13 821 0
50.13 369 0
50.217 880 0
50.303 384 0
50.303 370 0
50.303 803 0
50.389 142 0
50.475 694 0
50.475 106 0
50.561 105 0
50.561 708 0
50.648 874 0
50.734 253 0
50.734 462 0
50.82 95 0
50.82 152 0
50.906 737 0
50.906 476 0
50.992 737 0
51.079 410 0
51.079 796 0
51.165 126 0
51.165 82 0
51.251 93 0
51.251 196 0
51.337 194 0
51.424 453 0
51.424 746 0
51.51 621 0
51.51 253 0
51.596 144 0
51.596 294 0
51.682 476 0
51.682 284 0
51.74 115 0
51.74 772 0
51.797 37 0
51.855 319 0
51.855 599 0
51.912 735 0
51.969 452 0
52.027 783 0
52.027 252 0
52.084 397 0
52.142 236 0
52.199 145 0
52.257 829 0
52.314 694 0
52.372 106 0.606
52.447 858 0.317
52.709 234 0.269
53.061 798 0.69
53.061 615 0.69
53.061 875 0.69
53.061 717 0.69
54.441 859 0
54.441 114 0
54.441 273 0
54.441 309 0
54.527 66 0
54.613 62 0
54.699 863 0
54.785 74 0
54.872 833 0
54.958 171 0
54.958 65 0
54.958 144 0
54.958 303 0
55.044 572 0
55.13 8 0
55.216 668 0
55.303 350 0
55.389 245 0
55.475 500 0
55.475 555 0
55.475 69 0
55.532 14 0
55.59 321 0
55.647 5 0
55.705 181 0
55.762 275 0
55.82 549 0
55.877 511 0
55.935 508 0
55.992 572 0
56.05 582 0
56.107 893 0
56.165 584 0
57.199 157 0
57.199 540 0
57.199 414 0
57.199 611 0
57.285 321 0
57.371 155 0
57.457 591 0
57.543 419 0
57.63 500 0
57.63 684 0
57.716 519 0
57.716 388 0
57.716 789 0
57.716 180 0
57.802 540 0
57.888 146 0
57.974 288 0
58.061 718 0
58.147 427 0
58.147 9 0
58.233 367 0
58.233 177 0
58.233 226 0
58.29 321 0
58.348 613 0
58.405 81 0
58.463 250 0
58.52 616 0
58.578 789 0
58.635 861 0
58.693 423 0
58.75 574 0
58.808 254 0
58.865 790 0
58.923 404 0
58.923 854 0
59.956 232 0
59.956 424 0
59.956 743 0
59.956 337 0
60.042 227 0
60.128 714 0
60.214 197 0
60.3 309 0
60.387 288 0
60.387 677 0
60.473 500 0
60.473 599 0
60.473 390 0
60.559 416 0
60.588 22 0
60.645 287 0
60.703 679 0
60.76 382 0
60.818 8 0
60.904 671 0
60.99 707 0
60.99 137 0
60.99 615 0
61.047 371 0
61.076 95 0
61.105 475 0
61.162 170 0
61.22 806 0
61.249 110 0
61.292 130 0
61.335 355 0
61.378 625 0
61.421 594 0
61.464 331 0
61.507 17 0
61.55 158 0
61.593 700 0
61.637 232 0
61.68 491 0
62.714 337 0.689
62.714 793 0
62.714 841 0
62.714 282 0
63.058 217 0
63.058 405 0
63.403 445 0
63.403 162 0.604
63.576 46 0
63.576 592 0
63.748 562 0
63.748 786 0
64.093 475 0.689
64.093 602 0.689
64.093 427 0.689
64.093 699 0.689
65.472 600 0
65.472 386 0
65.472 773 0
65.472 893 0
65.558 328 0
65.644 176 0
65.73 186 0
65.816 67 0
65.903 126 0
65.989 14 0
65.989 286 0
65.989 461 0
65.989 482 0
66.075 428 0
66.161 243 0
66.247 754 0
66.334 449 0
66.42 324 0
66.506 155 0
66.506 51 0
66.506 479 0
66.506 333 0
66.592 483 0
66.621 684 0
66.678 47 0
66.736 75 0
66.793 764 0
66.851 49 0
66.908 833 0
66.966 63 0
67.023 282 0
67.081 629 0
67.138 203 0
68.234 585 0
68.234 16 0
68.234 409 0
68.234 652 0
68.32 470 0
68.406 248 0
68.492 849 0
68.578 331 0
68.665 441 0
68.751 6 0
68.751 413 0
68.751 823 0
68.751 601 0
68.837 70 0
68.923 890 0
69.009 149 0
69.096 589 0
69.182 890 0
69.268 694 0
69.268 626 0
69.268 898 0
69.268 219 0
69.354 389 0
69.383 251 0
69.44 47 0
69.505 223 0
69.555 449 0
69.613 278 0
69.677 174 0
69.728 520 0
69.785 289 0
69.828 736 0
69.871 494 0
69.915 244 0
69.958 404 0
70.993 340 0
70.993 445 0
70.993 307 0
70.993 653 0
71.079 180 0
71.165 709 0
71.251 590 0
71.337 2 0
71.424 124 0
71.424 268 0
71.51 365 0
71.51 349 0
71.51 771 0
71.567 131 0
71.625 308 0
71.682 0 0
71.74 39 0
71.797 346 0
71.855 312 0
71.941 437 0
72.027 882 0
72.027 784 0
72.027 330 0
72.084 1 0
72.142 819 0
72.199 583 0
72.257 651 0
72.314 612 0
72.372 848 0
72.429 882 0
72.487 382 0
72.544 53 0
72.544 612 0
72.602 240 0
72.659 563 0
72.717 339 0
72.717 305 0
72.774 866 0
72.832 123 0
72.889 235 0
72.947 412 0
73.004 64 0
73.061 830 0
73.119 811 0
73.176 797 0
73.234 42 0
73.234 657 0
73.291 565 0
73.349 277 0
73.406 439 0
73.406 583 0
73.464 627 0
73.521 447 0
73.579 465 0
73.636 183 0
73.694 416 0
73.751 831 0
73.809 100 0
73.866 642 0
73.924 485 0
73.924 33 0
73.981 538 0
74.038 698 0
74.096 461 0
74.096 181 0
74.153 318 0
74.211 213 0
74.268 473 0
74.326 144 0
74.383 492 0
74.441 556 0
74.498 342 0
74.556 263 0
74.613 862 0
74.613 166 0
74.671 704 0
74.728 754 0
74.786 812 0
74.786 674 0
74.843 326 0
74.901 757 0
74.958 367 0
75.015 106 0
75.073 340 0
75.13 742 0
75.13 401 0
75.13 323 0
75.217 737 0
75.303 209 0
75.303 19 0
75.389 17 0
75.475 588 0
75.475 415 0
75.561 71 0
75.648 847 0
75.648 317 0
75.734 506 0
75.82 725 0
75.82 526 0
75.906 236 0
75.993 538 0
75.993 729 0
76.079 765 0
76.165 76 0
76.165 699 0
76.222 664 0
76.28 818 0
76.337 703 0
76.337 877 0
76.395 408 0
76.452 883 0
76.51 336 0
76.51 136 0
76.596 638 0
76.682 375 0
76.682 148 0
76.768 531 0
76.855 844 0
76.855 352 0
76.941 24 0
77.027 685 0
77.027 349 0
77.113 260 0
77.199 446 0
77.199 567 0
77.286 869 0
77.372 130 0
77.372 690 0
77.458 335 0
77.544 680 0
77.544 683 0
77.602 792 0
77.659 612 0
77.717 885 0
77.717 254 0
77.774 2 0
77.832 618 0
77.889 261 0
77.889 173 0
77.975 499 0
78.061 8 0
78.061 133 0
78.148 68 0
78.234 770 0
78.234 873 0
78.32 554 0
78.406 100 0
78.406 336 0
78.493 732 0
78.579 357 0
78.579 498 0
78.665 470 0
78.751 243 0
78.837 616 0
78.924 691 0
78.924 778 0
78.981 327 0
79.038 326 0
79.096 277 0
79.096 36 0
79.153 727 0
79.211 782 0
79.268 109 0
79.268 637 0
79.355 445 0
79.441 847 0
79.441 489 0
79.527 355 0
79.613 204 0
79.613 185 0
79.699 136 0
79.786 319 0
79.786 840 0
79.872 206 0
79.958 425 0
79.958 5 0
80.044 224 0
80.13 502 0
80.13 30 0
80.217 425 0
80.303 637 0
80.303 362 0
80.36 350 0
80.418 154 0
80.475 83 0
80.475 56 0
80.533 64 0
80.59 755 0
80.648 614 0
80.648 855 0
80.734 886 0
80.82 830 0
80.82 499 0
80.906 362 0
80.993 120 0
80.993 270 0
80.993 589 0
81.079 772 0
81.165 359 0
81.165 639 0
81.251 483 0
81.337 573 0
81.337 197 0
81.337 245 0
81.424 604 0
81.51 716 0
81.51 488 0
81.596 604 0
81.682 157 0
81.682 891 0
81.682 277 0
81.768 552 0
81.855 181 0
81.855 202 0
81.941 880 0
82.027 620 0
82.027 228 0
82.027 8 0
82.113 206 0
82.199 643 0
82.199 196 0
82.286 75 0
82.372 372 0
82.372 752 0
82.372 218 0
82.458 259 0
82.544 160 0
82.544 840 0
82.63 406 0
82.717 706 0
82.717 564 0
82.717 145 0
82.803 267 0
82.889 718 0
82.889 798 0
82.975 674 0
83.061 219 0
83.061 583 0
83.061 798 0
83.148 654 0
83.234 660 0
83.234 707 0
83.32 876 0
83.406 643 0
83.406 666 0
83.493 423 0
83.493 637 0
83.579 210 0
83.579 272 0
83.665 533 0
83.665 261 0
83.751 306 0
83.837 9 0
83.837 304 0
83.924 368 0
83.924 377 0
84.01 289 0
84.01 815 0
84.096 335 0
84.139 357 0
84.182 392 0
84.225 245 0
84.268 202 0
84.311 161 0
84.355 91 0
84.398 547 0
84.441 849 0
84.484 786 0
84.527 274 0
84.57 342 0
84.613 270 0
84.656 895 0
84.699 87 0
84.699 588 0
84.743 504 0
84.786 502 0.344
84.786 347 0
85.13 235 0
85.173 209 0
85.217 361 0
85.26 345 0
85.475 149 0
85.533 99 0
85.561 244 0
85.604 555 0
85.648 83 0
85.734 660 0
85.82 272 0
85.82 799 0
85.906 828 0
85.906 660 0
85.992 50 0
86.079 480 0
86.165 10 0
86.165 348 0
86.165 82 0
86.251 490 0
86.337 635 0
86.395 876 0
86.452 857 0
86.51 822 0
86.51 324 0
86.567 715 0
86.625 786 0
86.682 859 0
86.682 821 0
86.768 445 0
86.854 599 0
86.912 596 0
86.969 173 0
87.027 603 0
87.027 449 0
87.084 138 0
87.142 572 0
87.199 639 0
87.199 571 0
87.286 706 0
87.372 332 0
87.429 442 0
87.487 573 0
87.544 800 0
87.544 859 0
87.602 718 0
87.659 855 0
87.717 705 0
87.717 636 0
87.803 678 0
87.889 4 0
87.946 769 0
88.004 286 0
88.061 729 0
88.061 519 0
88.148 68 0
88.234 474 0
88.234 232 0
88.234 357 0
88.32 357 0
88.406 342 0
88.406 745 0
88.464 64 0
88.521 439 0
88.579 273 0
88.579 440 0
88.579 785 0
88.665 767 0
88.751 50 0
88.751 660 0
88.837 110 0
88.923 482 0.058
88.981 144 0.057
89.038 208 0.058
89.096 382 0.057
89.153 387 0.058
89.211 860 0.057
89.268 441 0.172
89.268 116 0
89.354 117 0
89.44 329 0.173
89.44 384 0
89.527 372 0
89.613 641 0.173
89.613 566 0
89.699 33 0
89.786 520 0
89.786 581 0.172
89.872 178 0
89.958 555 0.345
89.958 880 0
90.044 388 0
90.13 91 0
90.13 546 0.173
90.217 496 0
90.303 311 0.345
90.389 709 0
90.475 813 0.173
90.561 217 0
90.648 79 0
90.648 784 0
90.734 623 0
90.734 528 0
90.82 719 0
90.82 217 0
90.906 271 0
90.992 204 0
90.992 766 0
91.079 117 0
91.079 314 0
91.165 569 0
91.165 474 0
91.251 884 0
91.337 703 0
91.38 143 0
91.394 421 0
91.452 842 0
91.466 492 0
91.509 894 0
91.552 772 0
91.595 263 0
91.638 19 0
91.682 384 0
91.682 279 0
91.768 54 0
91.854 837 0
91.911 690 0
91.969 605 0
92.026 756 0
92.026 643 0
92.084 247 0
92.141 702 0
92.199 847 0
92.199 414 0
92.285 208 0
92.371 510 0
92.429 64 0
92.486 1 0
92.544 379 0
92.544 277 0
92.601 104 0
92.659 197 0
92.716 274 0
92.716 15 0
92.802 824 0
92.888 148 0
92.946 454 0
93.003 755 0
93.061 854 0
93.061 788 0
93.118 431 0
93.176 528 0
93.233 654 0
93.233 252 0
93.319 353 0
93.406 699 0
93.463 827 0
93.521 147 0
93.578 790 0
93.578 880 0
93.664 286 0
93.75 620 0
93.75 647 0
93.75 66 0
93.837 284 0
93.923 333 0
93.923 492 0
93.98 327 0
94.038 835 0
94.095 40 0
94.095 442 0
94.095 829 0
94.182 382 0
94.268 781 0
94.268 215 0
94.354 578 0
94.44 208 0
94.44 485 0.058
94.498 279 0.057
94.555 834 0.058
94.613 758 0.057
94.67 38 0.057
94.727 630 0.058
94.785 845 0
94.828 851 0
94.871 450 0
94.914 720 0
94.957 47 0
95.0 368 0
95.044 557 0
95.087 518 0
95.13 569 0
95.13 707 0
95.187 423 0
95.245 466 0
95.245 307 0
95.302 467 0
95.36 384 0
95.36 526 0
95.417 173 0
95.46 478 0
95.46 692 0
95.46 284 0
95.562 2 0
95.648 708 0
95.648 563 0
95.734 531 0
95.82 384 0
95.82 198 0
95.879 819 0
95.936 462 0
95.994 691 0
95.994 522 0
96.051 630 0
96.109 534 0
96.165 385 0
96.165 344 0
96.221 322 0
96.221 674 0
96.278 429 0
96.335 390 0.175
96.335 46 0
96.335 191 0
96.51 57 0
96.553 549 0
96.596 328 0
96.639 352 0
96.681 431 0
96.77 463 0
96.77 868 0
96.856 863 0
96.856 900 0
96.856 731 0
96.942 165 0
97.028 335 0
97.028 79 0
97.086 852 0
97.143 225 0
97.201 542 0
97.201 433 0
97.201 134 0
97.287 140 0
97.373 641 0
97.373 625 0
97.459 121 0
97.546 12 0
97.546 614 0
97.603 771 0
97.661 199 0
97.718 315 0
97.718 377 0
97.718 763 0
97.804 290 0
97.89 643 0
97.977 786 0
98.063 480 0
98.063 358 0
98.12 699 0
98.178 570 0
98.235 868 0
98.235 378 0
98.235 231 0
98.321 537 0
98.408 512 0
98.494 194 0
98.58 650 0
98.58 552 0
98.638 287 0
98.695 265 0
98.752 138 0
98.752 9 0
98.752 681 0
98.839 758 0
98.925 722 0
99.011 476 0
99.097 617 0
99.097 718 0
99.155 533 0
99.212 879 0
99.27 394 0
99.27 42 0
99.27 96 0
99.356 365 0
99.442 108 0
99.442 763 0
99.528 341 0
99.615 87 0
99.615 850 0
99.672 182 0
99.729 709 0
99.787 193 0
99.787 93 0
99.873 727 0
99.959 825 0.173
99.959 249 0
99.959 673 0
100.046 73 0
100.132 100 0
100.132 394 0.172
100.218 296 0
100.304 203 0.17
100.388 461 0
100.474 703 0
100.474 261 0.172
100.56 99 0
100.646 437 0
100.646 362 0.173
100.733 471 0
100.819 667 0.172
100.905 157 0
100.991 525 0.175
100.991 433 0
101.08 741 0
101.166 9 0
101.166 354 0.172
101.252 439 0
101.338 616 0
101.338 891 0
101.425 50 0
101.511 511 0
101.511 871 0
101.597 826 0
101.683 731 0
101.683 721 0
101.683 386 0
101.769 796 0
101.856 187 0
101.856 723 0
101.942 311 0
102.028 355 0
102.028 358 0
102.114 660 0
102.114 813 0
102.2 239 0
102.2 513 0
102.287 878 0
102.373 348 0
102.373 545 0
102.373 669 0
102.416 325 0
102.473 75 0
102.473 467 0
102.531 690 0
102.588 50 0
102.588 767 0
102.646 716 0
102.703 427 0.187
102.703 843 0.187
103.062 568 0
103.062 77 0
103.12 805 0
103.177 265 0
103.235 610 0
103.235 101 0
103.235 850 0
103.321 624 0
103.407 514 0
103.493 243 0
103.58 807 0
103.58 762 0
103.637 622 0
103.695 211 0
103.752 687 0
103.752 198 0
103.752 868 0
103.838 820 0
103.924 802 0
104.011 566 0
104.097 851 0
104.097 416 0
104.154 831 0
104.212 502 0
104.269 295 0
104.269 77 0
104.269 203 0
104.355 208 0
104.442 472 0
104.528 740 0
104.614 805 0
104.614 878 0
104.672 262 0
104.729 630 0
104.786 604 0
104.786 235 0
104.83 635 0
104.873 356 0
104.916 16 0
104.959 246 0
105.016 732 0
105.074 804 0
105.131 193 0
105.131 501 0
105.189 693 0
105.246 177 0
105.304 750 0
105.304 462 0
105.39 459 0
105.476 260 0
105.476 432 0
105.476 67 0
105.562 718 0
105.649 414 0
105.735 505 0
105.821 732 0
105.821 10 0
105.876 462 0
105.934 111 0
105.993 786 0
106.048 202 0
106.107 503 0
106.162 328 0
106.162 335 0
106.237 576 0
106.324 476 0
106.324 897 0
106.324 197 0
106.424 805 0
106.51 713 0
106.51 388 0
106.596 610 0
106.682 377 0
106.768 572 0
106.854 660 0
106.854 213 0
106.854 857 0
106.941 352 0
107.027 748 0
107.027 810 0
107.113 429 0
107.199 625 0
107.199 209 0
107.199 638 0
107.285 174 0
107.372 85 0
107.372 704 0
107.458 496 0
107.544 84 0
107.544 178 0
107.544 763 0
108.234 705 0.602
108.234 598 0.602
108.234 530 0.602
108.234 471 0.602
108.925 565 0
108.925 255 0
108.925 105 0
109.011 664 0
109.097 170 0
109.097 751 0
109.183 86 0
109.183 375 0
109.269 631 0
109.269 99 0
109.356 230 0
109.356 715 0
109.442 672 0
109.442 588 0
109.442 633 0
109.442 445 0
109.528 767 0
109.528 844 0
109.614 134 0
109.614 320 0
109.7 815 0
109.7 408 0
109.787 786 0
109.787 177 0
109.873 861 0
109.873 707 0
109.959 425 0
109.959 544 0
109.959 215 0
109.959 698 0
110.045 441 0
110.045 75 0
110.131 69 0
110.131 3 0
110.218 80 0
110.218 338 0
110.304 5 0
110.304 130 0
110.304 210 0
110.361 732 0
110.419 244 0
110.476 144 0
110.476 135 0
110.562 607 0
110.591 505 0
110.649 753 0
110.677 699 0
110.735 215 0
110.764 487 0
110.821 499 0
110.85 44 0
110.907 617 0
110.95 229 0
110.993 342 0
111.022 353 0
111.08 815 0
111.137 654 0
111.195 434 0
111.252 720 0
111.252 44 0
111.338 527 0.043
111.682 125 0
111.682 493 0
111.682 566 0
111.74 543 0
111.797 513 0
111.855 88 0
111.912 733 0
111.97 501 0
112.027 65 0
112.07 216 0
112.113 763 0
112.156 256 0
112.2 159 0
112.243 826 0
112.286 57 0
112.329 687 0
112.372 893 0
112.372 642 0
112.372 891 0
112.429 301 0
112.487 569 0
112.544 738 0
112.602 261 0
112.631 84 0
112.717 838 0
112.717 834 0
112.803 728 0
112.889 35 0
112.889 707 0
112.975 313 0
112.975 259 0
113.062 821 0
113.062 597 0
113.119 750 0
113.177 532 0
113.234 785 0
113.292 641 0
113.349 131 0
113.406 695 0
113.406 90 0
113.493 225 0
113.579 431 0
113.579 439 0
113.636 149 0
113.694 523 0
113.751 45 0
113.751 169 0
113.794 167 0
113.837 6 0
113.88 254 0
113.923 542 0
113.966 164 0
114.009 93 0
114.052 798 0
114.096 686 0
114.139 737 0
114.182 543 0
114.225 321 0
114.268 353 0
114.311 23 0
114.354 241 0
114.397 430 0
114.441 868 0
114.441 506 0
114.527 594 0
114.527 858 0
114.613 881 0
114.613 667 0
114.699 470 0
114.699 169 0
114.785 235 0
114.785 517 0
114.872 284 0
114.872 114 0
114.958 893 0
114.958 192 0
114.958 602 0
114.958 817 0
115.044 873 0
115.044 124 0
115.13 799 0
115.13 25 0
115.216 697 0
115.216 217 0
115.303 234 0
115.303 728 0
115.389 487 0
115.389 363 0
115.475 548 0
115.475 618 0
115.475 537 0
115.475 252 0
115.561 291 0
115.561 212 0
115.647 228 0
115.647 164 0
115.734 143 0
115.734 565 0
115.82 646 0
115.82 887 0
115.82 835 0
115.877 291 0
115.935 804 0
115.992 396 0
115.992 589 0
116.078 296 0
116.107 555 0
116.165 326 0
116.208 271 0
116.251 495 0
116.294 879 0
116.337 829 0
116.38 308 0
116.423 413 0
116.466 213 0
116.509 329 0
116.509 696 0
116.566 696 0
116.624 221 0
116.681 590 0
116.739 197 0
116.796 666 0
116.854 271 0
116.854 611 0
116.911 818 0
116.969 22 0
117.026 395 0
117.084 601 0
117.141 617 0
117.2 553 0.344
117.2 311 0
117.2 873 0
117.372 697 0.172
117.544 92 0.173
117.717 886 0.172
117.76 812 0.129
117.803 124 0.086
117.889 855 0
118.062 534 0
118.062 417 0
118.234 35 0
118.234 884 0
118.406 404 0
118.406 700 0
118.406 104 0
118.579 326 0
118.579 85 0
118.751 841 0
118.751 264 0
118.924 586 0
118.924 445 0
118.924 859 0
118.924 381 0
119.01 756 0
119.01 298 0
119.096 893 0
119.096 682 0
119.182 67 0
119.182 457 0
119.268 277 0.518
119.268 565 0.345
119.613 417 0
119.671 550 0
119.728 264 0
119.786 483 0
119.843 842 0
119.958 456 0
119.958 369 0
119.958 466 0
119.958 795 0
120.044 326 0
120.044 138 0
120.131 873 0
120.131 294 0
120.217 375 0
120.217 148 0
120.303 895 0
120.303 689 0
120.389 853 0
120.389 806 0
120.475 338 0
120.475 575 0
120.475 522 0
120.475 272 0
120.562 693 0
120.562 76 0
120.648 518 0
120.648 514 0
120.734 207 0
120.734 347 0
120.82 729 0
120.82 761 0
120.906 177 0
120.906 291 0
120.993 140 0
120.993 621 0
120.993 323 0
120.993 330 0
121.079 616 0
121.079 880 0
121.165 297 0
121.165 522 0
121.251 489 0
121.251 637 0
121.337 145 0
121.337 311 0
121.337 708 0
121.395 858 0
121.452 679 0
121.51 470 0
121.51 583 0
121.596 424 0
121.682 376 0
121.768 280 0
121.768 668 0
121.768 392 0
121.855 375 0
121.941 695 0
122.027 737 0
122.027 192 0
122.085 108 0
122.142 204 0
122.2 691 0
122.257 379 0
122.314 620 0
122.372 577 0
122.372 146 0
122.372 290 0
122.458 872 0
122.544 864 0
122.544 287 0
122.631 170 0
122.717 50 0
122.76 153 0
122.774 122 0
122.832 651 0
122.889 277 0
122.932 182 0
122.947 781 0
123.004 544 0
123.062 579 0
123.105 500 0
123.119 747 0
123.177 117 0
123.234 163 0
123.277 577 0
123.291 216 0
123.349 146 0
123.406 211 0
123.406 896 0
123.464 53 0
123.521 673 0
123.579 516 0
123.636 287 0
123.694 844 0
123.751 408 0
123.751 398 0
123.794 758 0
123.837 359 0
123.881 57 0
123.924 876 0
123.924 205 0
124.01 414 0
124.01 252 0
124.096 358 0
124.096 804 0
124.139 505 0
124.182 449 0
124.225 877 0
124.268 682 0
124.312 535 0
124.355 195 0
124.398 188 0
124.441 716 0
124.441 77 0
124.527 364 0
124.613 248 0
124.613 815 0
124.7 876 0
124.786 766 0
124.786 282 0
124.829 747 0
124.872 541 0
124.915 62 0
124.958 446 0
125.001 201 0
125.044 323 0
125.087 744 0
125.131 120 0
125.174 812 0
125.217 413 0
125.26 476 0
125.303 863 0
125.346 542 0
125.389 693 0
125.432 67 0
125.476 805 0
125.476 558 0
125.562 764 0
125.562 163 0
125.648 596 0
125.648 496 0
125.734 458 0
125.734 572 0
125.82 502 0
125.82 494 0
125.907 417 0
125.907 831 0
125.993 654 0
125.993 308 0
125.993 180 0
125.993 811 0
126.079 9 0
126.079 777 0
126.165 253 0
126.165 891 0
126.251 136 0
126.251 719 0
126.338 10 0
126.338 373 0
126.424 120 0
126.424 62 0
126.51 308 0
126.51 547 0
126.51 506 0
126.51 346 0
126.596 664 0
126.596 520 0
126.682 441 0
126.682 849 0
126.769 407 0
126.769 573 0
126.855 176 0
126.855 666 0
126.855 495 0
126.912 153 0
126.97 12 0
127.027 695 0
127.085 389 0
127.142 75 0
127.2 620 0
127.2 406 0
127.257 839 0
127.315 456 0
127.372 151 0
127.43 159 0
127.487 525 0
127.544 892 0
127.544 13 0
127.602 309 0
127.659 497 0
127.717 491 0
127.717 183 0
127.774 43 0
127.832 284 0
127.889 305 0
127.889 668 0
127.947 138 0
128.004 614 0
128.062 729 0
128.062 264 0
128.119 69 0
128.177 621 0
128.234 62 0
128.234 591 0
128.292 613 0
128.349 436 0
128.407 342 0
128.407 774 0
128.464 464 0
128.521 619 0
128.579 389 0
128.579 184 0
128.636 191 0
128.694 665 0
128.751 504 0
128.751 421 0
128.809 724 0
128.866 561 0
128.924 142 0
129.01 237 0
129.039 321 0
129.096 237 0
129.182 201 0
129.182 333 0
129.24 713 0
129.269 48 0
129.326 498 0
129.355 446 0
129.384 166 0
129.441 343 0
129.47 515 0
129.527 372 0
129.527 133 0
129.613 729 0
129.613 706 0
129.671 327 0
129.7 891 0
129.728 305 0
129.786 612 0
129.872 602 0
129.958 45 0
129.958 889 0
130.044 372 0
130.128 656 0
130.128 651 0
130.216 659 0
130.216 176 0
130.303 163 0
130.303 884 0
130.303 228 0
130.303 722 0
130.475 879 0
130.647 509 0
130.82 211 0.172
130.992 881 0.043
131.165 52 0
131.337 745 0
131.509 503 0
131.682 44 0.172
131.854 637 0.043
132.027 343 0
132.199 93 0
132.371 516 0
132.544 413 0.172
132.716 382 0.087
132.716 565 0.043
132.889 870 0
133.061 256 0.043
133.061 884 0.086
133.234 172 0
133.406 228 0
133.578 518 0.173
133.751 849 0.086
133.923 210 0
134.096 755 0
134.268 675 0
134.44 697 0.173
134.613 465 0.086
134.785 389 0
134.958 412 0.043
134.958 712 0
135.13 521 0
135.303 820 0.172
135.475 543 0.043
135.475 410 0.086
135.647 889 0
135.82 384 0.043
135.82 224 0.086
135.992 232 0
136.165 17 0
136.337 170 0.172
136.509 568 0.044
136.682 795 0
136.854 159 0
137.027 589 0
137.199 588 0.172
137.371 324 0.044
137.544 464 0
137.716 378 0
137.889 341 0
138.061 522 0.173
138.234 140 0.086
138.234 556 0.043
138.406 408 0
138.578 880 0.043
138.578 209 0.087
138.751 323 0
138.923 483 0
139.096 506 0.172
139.268 803 0.086
139.44 810 0
139.613 742 0.043
139.613 396 0
139.785 611 0
139.958 388 0.172
139.958 565 0.043
140.13 840 0.086
140.303 252 0
140.475 49 0
140.647 163 0
140.647 354 0.173
140.82 370 0.172
140.992 138 0.173
141.165 455 0.172
141.337 134 0.173
141.337 55 2.414
141.51 862 0.172
141.682 415 0.173
141.855 263 0.172
142.027 528 0.172
142.199 102 0.173
142.372 482 0.172
142.544 801 0.173
142.717 48 0.172
142.889 124 0.172
143.061 867 0.173
143.234 804 0.172
143.406 358 0.173
143.579 323 0.172
143.751 833 0.345
143.751 758 0.173
143.924 676 0.172
144.096 435 1.896
144.096 356 0.172
144.268 710 0.173
144.441 543 0.172
144.613 79 0.173
144.786 745 0.172
144.958 544 0.172
145.13 183 0.173
145.303 266 0.172
145.475 900 0.173
145.648 808 0.172
145.82 277 0.172
145.992 715 0.173
145.992 831 0.518
146.165 762 0.172
146.337 210 0.173
146.51 777 0.172
146.51 865 0.345
146.682 204 0.173
146.855 397 0.172
146.855 570 2.413
147.027 141 0.172
147.199 851 0.173
147.372 389 0.172
147.544 424 0
147.544 14 0.173
147.717 150 0.172
147.889 691 0
147.889 38 0.172
148.061 478 0.173
148.234 438 0
148.234 263 0.172
148.406 742 0
148.406 645 0.173
148.579 746 0
148.579 280 0.172
148.751 256 0
148.751 730 0.173
148.924 308 0
148.924 209 0.172
149.096 410 0
149.096 144 0.172
149.268 33 0.173
149.268 199 0
149.441 17 0
149.441 4 0
149.441 269 0.172
149.613 432 0
149.699 52 0
149.786 559 0
149.786 49 0
149.872 434 0
149.872 685 0
149.958 64 0
149.958 383 0
150.045 740 0
150.045 37 0
150.131 572 0
150.217 274 0
150.217 733 0
150.303 357 0
150.303 614 0
150.389 290 0
150.389 513 0
150.476 338 0
150.562 397 0
150.562 639 0
150.648 19 0
150.648 879 0
150.734 756 0
150.734 450 0
150.82 93 0
150.907 500 0
150.907 376 0
150.993 376 0
151.036 200 0
151.079 271 0
151.122 382 0
151.165 172 0
151.208 620 0
151.251 382 0
151.294 347 0
151.337 60 0
151.38 577 0
151.423 714 0
151.466 597 0
151.509 156 0
151.552 734 0
151.595 734 0
151.638 778 0
151.66 443 0
151.726 475 0
151.769 704 0
151.833 647 0
151.941 344 0
152.049 409 0
152.243 340 0
152.372 143 0.686
152.372 435 0.686
152.372 154 0.686
152.372 379 0.686
153.751 890 0
153.751 333 0
153.751 185 0
153.751 600 0
153.837 138 0
153.923 534 0
154.009 863 0
154.095 900 0
154.182 495 0
154.268 513 0
154.268 143 0
154.268 350 0
154.268 873 0
154.354 530 0
154.44 874 0
154.526 261 0
154.613 876 0
154.699 848 0
154.785 21 0
154.785 29 0
154.785 849 0
154.785 755 0
154.871 671 0
154.9 759 0
154.957 748 0
155.001 5 0
155.044 758 0
155.087 642 0
155.13 678 0
155.187 417 0
155.245 665 0
155.302 121 0
155.36 598 0
155.417 356 0
155.472 490 0
156.509 447 0
156.509 449 0
156.509 766 0
156.509 158 0
156.595 320 0
156.595 232 0
156.681 767 0
156.767 793 0
156.853 567 0
156.853 814 0
156.94 450 0
157.026 478 0
157.026 844 0
157.026 124 0
157.026 8 0
157.112 323 0
157.112 208 0
157.198 855 0
157.284 479 0
157.371 618 0
157.371 194 0
157.457 886 0
157.543 858 0
157.543 577 0
157.543 100 0
157.543 394 0
157.629 322 0
157.672 73 0
157.715 336 0
157.773 375 0
157.802 300 0
157.845 22 0
157.888 803 0
157.931 108 0
157.974 463 0
158.017 774 0
158.06 784 0
158.103 479 0
158.146 39 0
158.19 493 0
158.23 56 0
159.266 832 0
159.266 642 0
159.266 234 0
159.266 317 0
159.352 83 0
159.352 361 0
159.438 765 0
159.524 51 0
159.61 651 0
159.61 362 0
159.697 749 0
159.783 249 0
159.783 734 0
159.783 696 0
159.783 506 0
159.869 871 0
159.869 293 0
159.955 883 0
160.013 830 0
160.07 149 0
160.128 181 0
160.214 45 0
160.3 723 0
160.3 557 0
160.3 214 0
160.3 252 0
160.386 871 0
160.415 518 0
160.472 547 0
160.472 840 0
160.53 12 0
160.559 587 0
160.645 704 0
160.688 336 0
160.731 80 0
160.774 761 0
160.817 231 0
160.86 556 0
160.903 283 0
160.947 678 0
160.99 678 0.181
161.171 91 0.077
161.248 110 0.103
161.351 854 0.078
161.351 304 0
161.429 875 0.086
161.515 244 0.087
161.602 823 0.086
161.688 289 0.086
161.774 28 0.087
161.86 295 0.086
161.946 543 0.081
162.027 676 0
162.027 871 0
162.027 591 1.379
162.371 23 0
162.371 642 0
162.716 801 0
162.716 651 0.345
162.889 51 0
163.061 848 0
163.061 702 0
163.147 395 0
163.233 804 0
163.32 260 0
163.406 239 0
163.406 78 0
163.492 216 0
163.578 734 0
163.578 445 0
163.664 643 0
163.751 720 0
163.751 8 0
163.751 202 0
163.837 641 0
163.923 721 0
163.923 299 0
164.009 686 0
164.095 536 0
164.095 341 0
164.182 218 0
164.268 537 0
164.268 455 0
164.354 582 0
164.44 360 0
164.44 502 0
164.44 287 0
164.498 745 0
164.555 646 0
164.555 660 0
164.613 261 0
164.67 403 0
164.67 324 0
164.728 612 0
164.785 12 0
164.785 733 0
164.871 137 0
164.958 587 0
164.958 420 0
165.044 459 0
165.13 581 0
165.13 488 0
165.13 91 0
165.216 610 0
165.302 583 0
165.302 889 0
165.389 535 0
165.475 243 0
165.475 741 0
165.561 126 0
165.647 66 0
165.647 134 0
165.733 670 0
165.82 614 0
165.82 679 0
165.82 163 0
165.877 242 0
165.935 711 0
165.935 174 0
165.992 656 0
166.049 293 0
166.049 763 0
166.107 759 0
166.164 248 0
166.164 815 0
166.251 262 0
166.337 295 0
166.337 877 0
166.423 560 0
166.509 818 0
166.509 276 0
166.509 120 0
166.595 306 0
166.682 822 0
166.682 275 0
166.768 732 0
166.854 613 0
166.854 72 0
166.94 667 0
167.027 839 0
167.027 59 0
167.113 583 0
167.199 193 0
167.199 154 0
167.199 86 0
167.256 728 0
167.314 690 0
167.314 354 0
167.371 486 0
167.429 172 0
167.429 512 0
167.486 365 0
167.544 888 0
167.544 656 0
167.544 663 0
167.63 478 0
167.716 429 0
167.716 29 0
167.802 730 0
167.889 577 0
167.889 287 0
167.889 241 0
167.975 471 0
168.061 591 0
168.061 13 0
168.147 381 0
168.233 841 0
168.233 303 0
168.32 153 0
168.406 554 0
168.406 385 0
168.492 524 0
168.578 326 0
168.578 809 0
168.578 668 0
168.636 658 0
168.693 623 0
168.693 492 0
168.751 532 0
168.808 736 0
168.866 284 0
168.923 380 0
168.923 436 0
168.923 224 0
169.009 615 0
169.095 56 0
169.095 514 0
169.182 134 0
169.268 804 0
169.268 659 0
169.268 412 0
169.354 310 0
169.44 129 0
169.44 710 0
169.527 304 0
169.613 725 0
169.613 214 0
169.613 829 0
169.699 0 0
169.785 809 0
169.785 482 0
169.871 730 0
169.958 896 0
169.958 456 0
169.958 877 0
170.044 116 0
170.13 128 0
170.13 514 0
170.216 656 0
170.302 889 0
170.302 360 0
170.302 17 0
170.389 569 0
170.475 782 0
170.475 49 0
170.561 843 0
170.647 801 0
170.647 262 0
170.647 422 0
170.733 195 0
170.82 389 0
170.82 423 0
170.906 148 0
170.992 167 0
170.992 859 0
170.992 646 0
171.078 576 0
171.164 18 0
171.164 411 0
171.251 447 0
171.337 497 0
171.337 323 0
171.423 837 0
171.509 813 0
171.509 410 0
171.595 809 0
171.682 77 0
171.682 374 0
171.768 386 0
171.768 340 0
171.854 291 0
171.854 507 0
171.94 53 0
171.94 869 0
172.027 765 0
172.113 279 0
172.113 867 0
172.199 18 0
172.199 826 0
172.285 814 0
172.285 51 0
172.371 492 0
172.414 460 0
172.457 409 0
172.5 499 0
172.543 784 0
172.586 302 0
172.629 87 0
172.672 882 0
172.716 422 0
172.759 126 0
172.802 526 0
172.845 519 0
172.888 135 0
172.931 148 0
172.974 485 0
173.017 89 0
173.039 373 0
173.039 797 0
173.039 757 0
173.148 397 0
173.234 750 0
173.32 852 0
173.349 382 0
173.406 818 0
173.406 404 0
173.464 407 0
173.521 680 0
173.837 171 0
173.88 182 0
173.924 243 0
174.01 546 0
174.096 189 0
174.096 260 0
174.182 452 0
174.268 829 0
174.268 539 0
174.355 374 0
174.441 341 0
174.441 25 0
174.441 781 0
174.527 331 0
174.613 590 0
174.613 440 0
174.671 37 0
174.728 529 0
174.786 592 0
174.786 492 0
174.872 857 0
174.958 63 0
174.958 171 0
175.016 755 0
175.073 175 0
175.13 409 0
175.13 772 0
175.217 424 0
175.303 813 0
175.303 514 0
175.36 292 0
175.418 849 0
175.475 564 0
175.475 374 0
175.562 895 0
175.648 102 0
175.648 613 0
175.705 76 0
175.763 434 0
175.82 130 0
175.82 186 0
175.906 851 0
175.993 708 0
175.993 309 0
176.05 534 0
176.107 528 0
176.165 571 0
176.165 666 0
176.251 376 0
176.337 794 0
176.337 797 0
176.395 468 0
176.452 741 0
176.51 826 0
176.51 577 0
176.596 415 0
176.682 846 0
176.682 27 0
176.74 663 0
176.797 116 0
176.855 612 0
176.855 55 0
176.941 852 0
177.027 631 0
177.027 256 0
177.084 541 0
177.142 692 0
177.199 831 0
177.199 809 0
177.286 372 0
177.372 1 0
177.372 612 0
177.429 122 0
177.487 234 0
177.544 861 0
177.544 870 0
177.63 748 0
177.717 529 0
177.717 724 0
177.774 536 0
177.832 375 0
177.889 572 0
177.889 840 0
177.975 679 0
178.062 888 0
178.062 640 0
178.119 236 0
178.176 657 0
178.234 569 0
178.234 861 0
178.32 758 0
178.406 311 0
178.406 244 0
178.464 780 0
178.521 508 0
178.579 784 0
178.579 236 0
178.665 799 0
178.751 30 0
178.751 585 0
178.809 622 0
178.866 839 0
178.924 190 0
178.924 698 0
179.01 753 0
179.096 471 0
179.096 5 0
179.153 20 0
179.211 32 0
179.268 475 0
179.268 867 0
179.355 782 0
179.441 568 0
179.441 379 0
179.498 448 0
179.556 505 0
179.613 761 0
179.613 889 0
179.656 427 0
179.699 817 0
179.743 646 0
179.786 575 0
179.829 305 0
179.872 686 0
179.915 508 0
179.958 755 0
179.958 123 0
180.044 40 0
180.13 402 0
180.13 770 0
180.188 851 0
180.245 65 0
180.303 804 0
180.303 593 0
180.389 55 0
180.475 106 0
180.475 338 0
180.533 427 0
180.59 65 0
180.648 477 0
180.648 881 0
180.734 437 0
180.82 406 0
180.82 494 0
180.878 582 0
180.935 14 0
180.993 121 0
180.993 508 0
181.079 150 0
181.165 201 0
181.165 100 0
181.222 770 0
181.28 242 0
181.337 251 0
181.337 83 0
181.424 426 0
181.51 304 0
181.51 392 0
181.567 287 0
181.625 565 0
181.682 207 0
181.682 175 0
181.682 686 0
181.768 584 0
181.855 315 0
181.855 533 0
181.912 287 0
181.97 472 0
182.027 797 0
182.027 1 0
182.113 334 0
182.113 479 0
182.199 867 0
182.199 401 0
182.257 137 0
182.314 316 0
182.372 752 0
182.372 625 0
182.458 29 0
182.544 570 0
182.544 107 0
182.602 487 0
182.659 509 0
182.717 263 0
182.717 870 0
182.803 698 0
182.889 217 0
182.889 405 0
182.947 421 0
183.004 381 0
183.062 402 0
183.105 192 0
183.148 335 0
183.191 678 0
183.234 541 0
183.277 665 0
183.32 105 0
183.363 579 0
183.406 118 0
183.406 38 0
183.493 218 0
183.521 92 0
183.6 415 0
183.665 611 0
183.665 331 0
183.751 701 0
183.751 373 0
183.837 75 0
183.924 763 0
183.924 145 0
183.981 197 0
184.039 443 0
184.096 415 0
184.096 891 0
184.182 238 0
184.268 367 0
184.268 367 0
184.326 331 0
184.383 49 0
184.441 137 0
184.441 81 0
184.498 9 0
184.556 752 0
184.613 365 0
184.613 289 0
184.699 287 0
184.699 335 0
184.743 462 0
184.786 859 0
184.829 183 0
184.872 279 0
184.915 554 0
184.958 737 0
184.987 6 0
185.016 293 0
185.044 435 0
185.073 860 0
185.475 717 0
185.475 728 0
185.475 672 0
185.562 349 0
185.648 488 0
185.648 421 0
185.734 104 0
185.82 32 0
185.82 164 0
185.82 750 0
185.82 872 0
185.906 256 0
185.993 521 0
185.993 462 0
186.079 326 0
186.165 463 0
186.165 298 0
186.165 782 0
186.251 80 0
186.337 58 0
186.337 337 0
186.424 773 0
186.51 702 0
186.51 644 0
186.51 827 0
186.51 112 0
186.596 539 0
186.682 388 0
186.682 678 0
186.768 600 0
186.855 374 0
186.855 154 0
186.855 530 0
186.941 873 0
187.027 798 0
187.027 724 0
187.113 729 0
187.199 116 0
187.199 369 0
187.199 160 0
187.199 650 0
187.286 376 0
187.372 152 0
187.372 627 0
187.458 712 0
187.544 273 0
187.544 117 0
187.544 823 0
187.63 413 0
187.717 289 0
187.717 251 0
187.803 822 0
187.889 25 0
187.889 794 0
187.889 449 0
187.889 704 0
187.975 693 0
188.062 309 0
188.062 375 0
188.148 528 0
188.234 809 0
188.234 218 0
188.234 235 0
188.32 214 0
188.406 368 0
188.406 85 0
188.493 151 0
188.579 285 0
188.579 631 0
188.579 399 0
188.579 834 0
188.665 445 0
188.751 332 0
188.751 446 0
188.837 599 0
188.924 66 0
188.924 316 0
188.924 678 0
189.01 565 0
189.096 127 0
189.096 865 0
189.182 394 0
189.268 388 0
189.268 547 0
189.268 622 0
189.268 167 0
189.355 597 0
189.441 887 0
189.441 478 0
189.527 807 0
189.613 546 0
189.613 263 0
189.613 836 0
189.699 839 0
189.786 202 0
189.786 652 0
189.872 552 0
189.958 275 0
189.958 758 0
189.958 532 0
189.958 518 0
190.044 325 0
190.13 263 0
190.13 494 0
190.217 552 0
190.303 836 0
190.303 393 0
190.303 355 0
190.389 747 0
190.475 730 0
190.475 452 0
190.475 177 0
190.562 846 0
190.648 202 0
190.705 686 0
190.734 476 0
190.763 293 0
190.82 0 0
190.82 65 0
190.878 696 0
190.906 506 0
190.935 389 0
190.993 436 0
190.993 566 0
191.079 280 0
191.165 683 0
191.222 569 0
191.28 513 0
191.337 342 0
191.337 570 0
191.337 879 0
191.424 625 0
191.51 244 0
191.51 98 0
191.567 660 0
191.625 254 0
191.682 405 0
191.682 242 0
191.682 174 0
191.768 189 0
191.855 92 0
191.855 614 0
191.912 708 0
191.97 165 0
192.027 268 0
192.027 893 0
192.027 841 0
192.113 217 0
192.199 633 0
192.199 456 0
192.257 185 0
192.314 115 0
192.372 210 0
192.372 801 0
192.372 762 0
192.458 376 0
192.544 494 0
192.544 362 0
192.602 74 0
192.659 750 0
192.717 382 0
192.717 669 0
192.717 36 0
192.803 635 0
192.889 208 0
192.889 182 0
192.947 60 0
193.004 74 0
193.062 696 0
193.062 747 0
193.062 525 0
193.148 605 0
193.176 434 0
193.234 602 0
193.277 603 0
193.32 777 0
193.363 834 0
193.406 443 0
193.406 175 0
193.464 372 0
193.521 312 0
193.579 461 0
193.636 743 0
193.694 59 0
193.751 480 0
193.751 408 0
193.751 692 0
193.837 615 0
193.924 555 0
193.924 171 0
194.01 137 0
194.096 61 0
194.096 50 0
194.153 43 0
194.211 247 0
194.268 133 0
194.268 364 0
194.326 183 0
194.383 117 0
194.441 577 0
194.441 231 0
194.498 188 0
194.556 306 0
194.556 689 0
194.613 608 0
194.671 400 0
194.728 858 0
194.786 852 0
194.786 167 0
194.786 114 0
194.872 741 0
194.958 577 0
194.958 685 0
195.044 217 0
195.13 270 0
195.13 275 0
195.217 13 0
195.217 9 0
195.303 670 0
195.303 325 0
195.389 269 0
195.389 163 0
195.475 524 0
195.475 653 0
195.562 49 0
195.562 441 0
195.648 749 0
195.648 738 0
195.734 699 0
195.734 290 0
195.82 345 0.345
195.82 250 0
195.906 846 0.087
195.993 410 0.086
196.079 535 0.086
196.165 721 0.086
196.251 412 0.086
196.337 336 0
196.337 466 0
196.337 870 0.087
196.424 493 0.086
196.51 77 0
196.51 32 0
196.596 444 0
196.682 16 0
196.682 325 0
196.682 760 0
196.768 186 0
196.855 63 0
196.855 221 0
196.912 388 0
196.97 640 0
197.027 703 0
197.027 433 0
197.027 638 0
197.113 483 0
197.199 365 0
197.199 597 0
197.286 318 0
197.372 581 0
197.372 390 0
197.429 46 0
197.487 874 0
197.544 679 0
197.544 818 0
197.544 518 0
197.63 856 0
197.717 583 0
197.717 391 0
197.803 112 0
197.889 161 0
197.889 417 0
197.947 142 0
198.004 35 0
198.062 504 0
198.062 103 0
198.062 208 0
198.148 516 0
198.234 478 0
198.234 466 0
198.32 797 0
198.406 246 0
198.406 862 0
198.464 33 0
198.521 544 0
198.579 65 0
198.579 194 0
198.579 360 0
198.665 317 0
198.751 232 0
198.751 632 0
198.837 199 0
198.924 267 0
198.924 235 0
198.981 539 0
199.039 366 0
199.096 77 0
199.096 217 0
199.182 779 0
199.268 293 0.345
199.268 662 0
199.355 741 0
199.441 709 0
199.527 164 0
199.613 77 0.172
199.613 309 0
199.699 184 0
199.785 275 0
199.785 868 0.173
199.87 166 0
199.958 723 0
199.958 25 0.171
200.044 658 0
200.129 368 0
200.129 740 0.172
200.215 766 0
200.301 108 0
200.301 837 0.172
200.387 821 0
200.473 263 0
200.473 675 0.173
200.56 10 0
200.646 360 0.172
200.732 642 0
200.818 855 0.173
200.904 891 0
200.991 26 0
200.991 105 0
201.077 149 0
201.077 351 0
201.163 679 0
201.163 212 0
201.249 476 0
201.249 745 0
201.335 219 0
201.335 504 0
201.335 828 0
201.422 217 0
201.508 54 0
201.508 43 0
201.594 132 0
201.594 755 0
201.68 647 0
201.68 303 0
201.737 341 0
201.795 420 0
201.852 422 0
201.895 346 0
201.938 697 0
201.981 618 0
202.025 767 0
202.025 448 0
202.111 384 0
202.139 545 0
202.197 79 0
202.254 131 0
202.312 891 0
202.369 462 0
202.369 473 0
202.456 260 0
202.456 412 0
202.542 440 0
202.542 449 0
202.628 47 0
202.657 844 0
202.714 120 0
202.772 584 0
202.829 665 0
202.887 734 0
202.887 286 0
202.973 201 0
202.973 723 0
203.059 351 0
203.059 87 0
203.145 804 0
203.174 258 0
203.231 276 0
203.289 145 0
203.346 859 0
203.404 829 0
203.404 760 0
203.49 341 0
203.49 504 0
203.576 234 0
203.576 895 0
203.662 643 0
203.691 255 0
203.749 732 0
203.806 888 0
203.864 719 0
203.921 123 0
203.921 529 0
204.007 265 0
204.007 193 0
204.093 324 0
204.093 435 0
204.18 840 0
204.208 5 0
204.266 15 0
204.323 248 0
204.381 130 0
204.438 133 0
204.438 83 0
204.525 464 0
204.525 219 0
204.611 418 0
204.611 387 0
204.697 586 0
204.697 212 0
204.783 744 0
204.783 857 0
204.841 49 0
204.898 45 0
204.956 276 0
204.956 782 0
205.042 172 0
205.128 8 0
205.128 311 0
205.171 315 0
205.214 208 0
205.257 718 0
205.3 395 0
205.343 686 0
205.387 118 0
205.43 222 0
205.473 193 0
205.473 268 0
205.559 258 0
205.588 366 0
205.645 355 0
205.731 439 0
205.76 721 0
205.819 527 0
205.819 248 0
205.876 649 0
205.933 584 0
205.991 821 0
206.034 174 0
206.077 362 0
206.12 617 0
206.163 778 0
206.222 388 0
206.279 513 0
206.337 496 0
206.394 217 0
206.452 247 0
206.508 514 0
206.508 449 0
206.567 618 0
206.567 169 0
206.624 92 0
206.624 545 0
206.681 639 0
206.767 284 0
206.854 438 0
206.854 405 0
206.896 710 0
206.939 541 0
206.982 214 0
207.027 401 0
207.027 564 0
207.113 58 0
207.113 521 0
207.199 65 0
207.199 222 0
207.256 547 0
207.314 472 0
207.371 720 0
207.371 336 0
207.429 211 0
207.486 408 0
207.544 888 0
207.544 627 0.172
207.716 520 0
207.716 777 0.173
207.802 668 0
207.889 73 0
207.889 396 0.172
207.975 486 0
208.061 502 0
208.061 376 0.172
208.147 124 0
208.233 229 0
208.233 881 0
208.32 201 0
208.406 229 0
208.406 623 0
208.492 117 0
208.492 409 0
208.578 357 0
208.578 734 0
208.636 578 0
208.693 354 0
208.751 736 0
208.837 881 0
208.923 222 0
208.923 2 0
208.923 630 0
209.009 45 0
209.009 617 0
209.095 354 0
209.095 118 0
209.153 779 0
209.21 741 0
209.268 695 0
209.354 240 0
209.44 850 0
209.44 743 0
209.44 715 0
209.527 187 0
209.527 332 0
209.613 134 0
209.613 544 0
209.67 413 0
209.728 294 0
209.785 198 0
209.871 104 0
209.958 573 0
209.958 753 0
209.958 592 0
210.044 45 0
210.044 475 0
210.13 93 0
210.13 748 0
210.187 673 0
210.245 156 0
210.302 817 0.345
210.302 390 0
210.36 739 0
210.417 541 0
210.475 684 0
210.532 73 0
210.59 131 0
210.647 752 0.172
210.733 96 0.086
210.819 331 0.086
210.819 107 0.086
210.905 287 0.087
210.992 802 0.086
210.992 728 0.086
211.078 420 0.086
211.164 67 0.086
211.164 641 0.086
211.25 242 0.087
211.337 156 0.086
211.337 529 0.086
211.423 727 0.086
211.509 295 0.086
211.509 850 0.086
211.595 173 0.086
211.681 855 0.087
211.681 579 0.345
211.768 201 0.086
211.854 457 0.086
211.94 154 0.086
212.026 99 0
212.112 274 0
212.199 211 0
212.199 789 0
212.285 775 0
212.285 678 0
212.371 518 0
212.457 43 0
212.457 626 0
212.543 350 0
212.543 293 0
212.63 771 0
212.716 217 0
212.716 634 0
212.773 873 0
212.831 308 0
212.831 797 0
212.888 644 0
212.946 610 0
212.946 182 0
213.003 766 0
213.061 893 0
213.061 819 0
213.061 265 0
213.233 681 0
213.233 330 0
213.233 422 0
213.405 673 0
213.405 7 0
213.405 53 0
213.578 631 0.172
213.578 99 0
213.578 66 0
213.75 74 0
213.75 168 0
213.75 91 0
213.923 601 0
213.923 76 0
213.923 688 0
214.095 48 0.172
214.095 237 0
214.095 64 0
214.267 31 0
214.267 832 0
214.267 295 0
214.44 71 0
214.44 326 0
214.44 708 0
214.44 353 0
214.612 632 0
214.612 793 0
214.612 696 0.173
214.785 307 0
214.785 780 0
214.785 653 0
214.957 449 0
214.957 265 0
214.957 229 0
215.129 584 0
215.129 460 0
215.129 793 0.173
215.302 622 0
215.302 543 0
215.302 109 0
215.474 70 0
215.474 443 0
215.474 303 0
215.532 863 0
215.589 508 0
215.589 461 0
215.647 109 0
215.733 700 0
215.733 593 0
215.819 747 0.173
215.819 547 0.173
215.992 108 0
215.992 218 0
216.078 527 0
216.078 123 0
216.164 458 0.172
216.164 143 0.172
216.336 604 0
216.336 723 0
216.422 895 0
216.422 246 0
216.509 123 0.172
216.509 369 0.172
216.681 294 0
216.681 105 0
216.767 100 0
216.767 421 0
216.839 28 0.188
216.839 122 0.188
217.027 624 0
217.027 62 0
217.113 530 0
217.113 298 0
217.199 208 0
217.199 303 0
217.286 199 0
217.372 383 0
217.372 390 0
217.372 895 0
217.458 201 0
217.458 173 0
217.544 348 0
217.544 870 0
217.63 425 0
217.63 852 0
217.717 102 0
217.717 769 0
217.803 467 0
217.803 91 0
217.889 608 0
217.889 617 0
217.975 589 0
217.975 581 0
217.975 491 0
218.061 281 0
218.061 214 0
218.061 289 0
218.148 442 0
218.148 294 0
218.579 346 0.086
218.579 723 0.043
218.579 827 0.086
218.579 671 0.043
