1.647 631 0.1
1.647 117 0
1.647 730 3.2
1.647 838 0
2.047 652 0
2.047 893 0.1
2.447 384 0
2.447 630 0.1
2.847 468 0
3.247 540 0
4.047 899 0
4.047 82 0
4.747 185 0
4.747 78 0
4.847 308 0
4.847 715 1.6
5.247 782 0
5.247 847 0
5.447 809 0
5.647 306 0
5.647 204 0
6.047 844 0
6.247 435 0
6.347 145 0
6.447 762 1.2
6.447 614 0
6.847 451 0
6.847 124 0
7.047 107 0
7.247 720 0
7.247 874 0
7.447 767 0
7.647 842 0
7.747 625 0
7.847 360 0
7.947 678 0
8.047 816 0.2
8.047 345 0
8.047 531 0
8.047 296 3.2
8.247 52 0.2
8.347 29 0.1
8.847 55 0
8.847 357 0
9.147 420 0
9.197 221 0
9.447 143 0
9.547 733 0
9.647 217 0
9.647 22 0
10.047 431 0
10.047 777 0
10.447 121 0
10.447 561 0
10.647 233 0
10.847 887 0
10.947 117 0
11.047 702 0
11.147 585 0
11.247 571 1.6
11.247 609 0
11.647 744 0
11.647 269 0
11.847 717 0
12.047 135 0
12.047 469 0
12.447 752 0
12.647 727 0
12.747 52 0
12.847 209 0
12.847 20 1.5
13.247 170 0
13.247 319 0
13.447 24 0.9
13.847 196 0.5
14.447 316 0.1
14.447 878 0
14.447 821 0
14.447 796 0
14.847 470 0
15.247 808 0
15.247 396 0
15.647 1 0
15.847 536 0
15.947 315 0
16.047 190 0
16.047 18 0
16.447 831 0
16.847 84 0
16.847 876 0
17.247 867 0
17.447 598 0
17.547 199 0
17.647 276 0
18.047 125 0
18.247 67 0
18.447 707 0
18.847 415 0
19.147 773 0
19.247 266 0
19.247 771 0
19.647 434 0
20.047 336 0
20.447 605 0
20.547 261 0
20.647 799 0
20.747 219 0
20.847 543 0
20.847 243 0
21.047 887 0
21.047 240 0
21.247 285 0
21.247 678 0
21.447 538 0
21.447 23 0
21.647 612 0
21.647 515 0
21.847 199 0
21.847 171 0
22.047 96 0
22.047 199 0
22.247 735 0
22.347 562 0
22.447 40 0
22.447 885 0
22.447 719 0
22.647 507 0
22.647 613 0
22.847 155 0
22.847 321 0
23.047 145 0
23.247 307 0
23.447 101 0
23.447 503 0
23.647 149 0
23.747 9 0
23.847 849 0
23.947 191 0
24.047 326 0
24.047 468 0
24.047 894 0
24.247 550 0
24.247 883 0
24.447 627 0
24.447 6 0
24.647 421 0
24.747 30 0
24.847 481 0
24.847 64 0
25.047 782 0
25.047 89 0
25.247 427 0
25.347 16 0
25.447 268 0
25.547 709 0
25.597 15 0
25.647 547 0
25.747 381 0
25.847 837 0
25.947 375 0
26.047 257 0
26.047 52 0
26.097 172 0
26.147 212 0
26.247 647 0
26.247 743 0
26.347 290 0
26.447 833 0
26.447 608 0
26.547 899 0
26.647 240 0
26.747 543 0
26.847 588 0
26.897 553 0
26.947 470 0
26.997 634 0
27.047 676 0
27.097 75 0
27.147 668 0
27.197 766 0
27.247 284 0
27.247 661 0
27.247 813 0
27.647 748 0
28.047 309 0
28.447 113 0
28.847 455 0
28.847 8 0.1
29.247 357 0
29.247 710 0.1
29.647 357 0
29.647 437 0.1
29.847 264 0
29.897 370 0
29.947 893 0
29.997 31 0
30.047 209 0
30.047 417 0.4
30.447 437 0
30.447 669 0
30.647 325 0
30.647 774 0
30.647 610 0
30.847 842 0
30.847 50 0
30.847 267 0
31.047 868 0
31.047 733 0
31.047 216 0
31.247 159 0
31.247 737 0
31.247 651 0
31.447 817 0
31.447 525 0
31.447 853 0
31.647 556 0
31.647 777 0
31.647 202 0
31.847 737 0
31.847 325 0
31.947 169 0
31.947 212 0
32.047 83 0
32.047 5 0
32.247 898 0
32.247 322 0
32.247 224 0
32.447 641 0
32.447 340 0
32.447 291 0
32.647 331 0
32.647 251 0
32.647 749 0
32.847 120 0
32.847 838 0
32.847 657 0
33.047 263 0
33.047 879 0
33.047 827 0
33.247 726 0
33.297 727 0
33.347 884 0
33.397 124 0
33.447 603 0
33.447 682 0
33.547 839 0
33.547 490 0
33.647 384 0
33.647 814 0
33.847 658 0
33.847 772 0
33.847 496 0
34.047 239 0
34.047 552 0
34.047 630 0
34.247 93 0
34.247 618 0
34.247 641 0
34.447 219 0
34.447 722 0
34.447 689 0
34.547 61 0
34.647 536 0
34.747 55 0
34.847 51 0.2
34.847 362 0.2
35.047 189 0
35.047 705 0
35.247 278 0
35.247 372 0
35.247 292 0
35.447 334 0
35.447 178 0
35.447 647 0
35.647 102 0
35.647 64 0
35.647 127 0
35.847 573 0
35.847 579 0
35.847 241 0
36.047 20 0
36.047 594 0
36.147 66 0
36.197 246 0
36.247 227 0
36.347 327 0
36.397 875 0
36.447 225 0
36.547 854 0
36.547 91 0
36.647 866 0
36.697 854 0
36.747 426 0
36.797 147 0
36.847 704 0
36.847 616 0
37.047 412 0
37.047 664 0
37.147 307 0
37.197 253 0
37.247 556 0
37.347 679 0
37.347 175 0
37.447 262 0
37.447 420 0
37.647 584 0
37.647 480 0
37.647 74 0
37.847 119 0
37.847 439 0
37.847 740 0
38.047 579 0
38.047 621 0
38.047 710 0
38.247 184 0
38.247 767 0
38.347 561 0
38.347 702 0
38.447 60 0
38.447 624 0
38.647 171 0
38.647 320 0
38.747 39 0
38.847 342 0
38.847 43 0
39.047 285 0
39.047 493 0
39.047 260 0
39.247 880 0
39.297 281 0
39.347 829 0
39.447 777 0
39.447 501 0
39.547 758 0
39.597 656 0
39.647 843 0
39.747 508 0
39.747 763 0
39.847 18 0.2
39.847 299 0.2
40.047 111 0
40.047 367 0
40.247 86 0
40.347 425 0
40.447 750 0
40.447 668 0
40.547 264 0
40.647 97 0
40.747 772 0
40.847 792 0
40.847 111 0
41.047 249 0
41.047 569 0
41.147 518 0
41.147 16 0
41.247 572 0
41.247 443 0
41.347 539 0
41.447 66 0
41.547 466 0
41.547 756 0
41.647 660 0
41.697 788 0
41.747 522 0
41.797 650 0
41.847 27 0
41.897 416 0
41.947 709 0.1
42.047 899 0
42.147 135 0
42.197 271 0
42.247 893 0
42.347 811 0.1
42.347 246 0
42.447 471 0.1
42.447 254 0
42.647 350 0
42.697 393 0
42.747 451 0
42.797 553 0
42.847 474 0.4
42.847 498 0
42.847 579 0
43.247 616 0
43.247 360 0
43.347 514 0
43.447 810 0
43.447 315 0
43.547 627 0
43.647 417 0
43.647 485 0
43.747 580 0
43.847 69 0
43.847 545 0
43.947 293 0
44.047 147 0
44.047 770 0
44.147 13 0
44.247 627 0
44.247 284 0
44.347 669 0
44.447 450 0
44.447 346 0
44.547 40 0
44.647 820 0
44.647 311 0
44.747 757 0
44.847 703 0
44.847 786 0
44.947 29 0
45.047 460 0
45.047 725 0
45.147 319 0
45.247 284 0
45.247 345 0
45.347 421 0
45.447 640 0
45.447 636 0
45.547 246 0
45.647 91 0
45.647 606 0
45.747 229 0
45.847 183 0
45.847 620 0
45.947 78 0
46.047 129 0
46.047 812 0
46.147 756 0
46.247 348 0
46.247 146 0
46.347 304 0
46.397 420 0
46.447 519 0
46.447 830 0.2
46.547 257 0
46.647 471 0
46.647 28 0
46.747 433 0
46.847 187 0
46.847 275 0
46.947 399 0
47.047 430 0
47.047 319 0
47.147 242 0
47.247 632 0
47.247 387 0
47.347 474 0
47.447 310 0
47.447 513 0
47.547 266 0
47.647 797 0
47.647 132 0
47.747 485 0
47.847 207 0
47.847 92 0
47.947 437 0
48.047 708 0.2
48.047 631 0
48.147 80 0
48.247 35 0
48.247 187 0
48.347 822 0
48.447 669 0
48.447 652 0
48.547 745 0
48.647 179 0
48.647 516 0
48.747 235 0
48.847 93 0
48.947 258 0
49.047 370 0
49.047 780 0
49.147 259 0
49.247 125 0
49.247 576 0
49.347 37 0
49.447 857 0
49.497 807 0
49.547 185 0
49.597 326 0
49.647 306 0.2
49.647 632 0
49.747 360 0
49.847 814 0
49.847 451 0
49.947 786 0
50.047 112 0
50.047 170 0
50.047 813 0
50.147 286 0
50.247 46 0.2
50.247 148 0
50.247 635 0
50.347 282 0
50.447 298 0.2
50.447 273 0
50.547 400 0
50.647 580 0
50.647 226 0
50.747 230 0
50.847 235 0
50.847 493 0
50.847 611 0
50.947 25 0
51.047 899 0.2
51.047 265 0
51.047 67 0
51.147 200 0
51.247 92 0.2
51.247 565 0
51.347 222 0
51.447 856 0
51.447 288 0
51.547 881 0
51.647 665 0
51.647 640 0
51.647 396 0
51.747 721 0
51.847 449 0.2
51.847 307 0
51.847 554 0
51.947 739 0
52.047 115 0
52.047 681 0
52.147 550 0
52.247 271 0
52.247 199 0
52.347 512 0
52.447 225 0
52.447 319 0
52.547 114 0
52.647 82 0
52.647 461 0
52.747 398 0
52.797 887 0
52.847 318 0
52.847 119 0
52.947 835 0
52.947 99 0
53.047 605 0
53.047 124 0
53.147 153 0
53.147 647 0
53.247 1 0
53.247 729 0
53.347 768 0
53.347 884 0
53.447 420 0
53.447 430 0
53.547 404 0
53.547 887 0
53.647 668 0
53.647 800 0
53.747 369 0
53.747 290 0
53.847 870 0
53.847 492 0
53.947 120 0
53.947 214 0
53.997 52 0
54.047 521 0
54.097 669 0
54.147 890 0
54.197 345 0
54.247 582 0.2
54.447 130 0
54.447 97 0
54.447 888 0
54.647 525 0
54.647 659 0
54.647 848 0
54.747 542 0
54.747 575 0
54.747 748 0
55.047 177 0
55.047 866 0
55.047 254 0
55.247 699 0
55.247 424 0
55.247 536 0
55.447 652 0
55.447 858 0
55.547 451 0
55.547 607 0
55.547 16 0
55.747 276 0
55.747 123 0
55.847 503 0
55.897 88 0
55.947 200 0
55.997 502 0
56.047 807 0.2
56.047 335 0.4
56.447 829 0
56.447 680 0.3
56.847 428 0
56.947 343 0
57.047 899 0
57.147 613 0
57.247 790 0
57.247 88 0.2
57.447 395 0
57.447 28 0.1
57.547 597 0
57.647 75 0.3
57.647 721 0.6
57.947 824 0
57.947 851 0
58.247 413 0
58.247 55 0
58.447 798 0
58.447 439 0
58.447 410 0.2
58.447 303 0.1
58.647 569 0
58.747 270 0
58.847 887 0
58.847 157 0.3
59.047 272 0
59.147 7 0
59.197 295 0
59.247 498 0.8
59.647 569 0
59.647 142 0.2
59.647 385 0.3
60.047 351 0
60.047 841 0
60.147 875 0
60.247 545 0
60.347 151 0
60.447 289 0
60.447 416 0
60.547 16 0
60.647 790 0
60.647 613 0
60.747 26 0
60.747 104 0
60.847 188 0.3
60.847 420 0
60.847 560 0.6
61.147 611 0
61.147 30 0
61.447 474 0
61.447 270 0
61.647 17 0
61.647 540 0
61.647 175 0
61.647 765 0
61.847 138 0.2
61.947 185 0
62.047 407 0
62.047 525 0.2
62.247 861 0
62.313 898 0
62.38 331 0
62.447 619 0.2
62.447 582 0.4
62.847 353 0
62.847 404 0
62.947 597 0.2
63.247 274 0
63.247 204 0
63.347 566 0
63.347 663 0
63.447 594 0
63.447 394 0
63.547 763 0
63.547 15 0
63.647 757 0
63.647 727 0
63.747 527 0
63.747 766 0
63.847 675 0
63.847 5 0
63.897 831 0
63.947 33 0
63.997 565 0
64.047 500 0.3
64.047 866 0
64.147 685 0
64.247 173 0
64.347 437 0.3
64.347 58 0
64.647 256 0
64.647 220 0
64.647 844 0.2
64.847 59 0
64.847 787 0
64.947 797 0
64.997 537 0
65.047 497 0
65.147 658 0
65.247 30 0
65.247 545 0.2
65.347 23 0
65.447 628 0
65.547 282 0
65.597 146 0
65.647 18 0
65.647 628 0.8
66.047 276 0.3
66.047 659 0.2
66.047 756 0
66.447 533 0
66.547 628 0
66.647 38 0
66.747 671 0
66.847 264 0
66.847 844 0
66.947 166 0
67.047 79 0
67.047 0 0
67.097 66 0
67.147 159 0
67.197 474 0
67.247 749 0
67.247 353 0.2
67.447 498 0.2
67.647 187 0
67.847 63 0
67.847 173 0
67.947 503 0
67.997 762 0
68.047 196 0
68.047 372 0
68.147 335 0
68.247 380 0
68.347 174 0
68.447 111 0
68.547 32 0
68.647 733 0
68.747 716 0
68.797 520 0
68.847 713 0
68.847 832 0
68.847 552 0
68.947 481 0
69.047 893 0
69.147 714 0
69.147 610 0
69.247 684 0
69.247 332 0
69.347 95 0
69.447 217 0
69.547 679 0
69.647 835 0
69.647 254 0
69.747 63 0
69.847 134 0
69.947 461 0
70.047 608 0
70.147 283 0
70.247 390 0
70.347 892 0
70.447 382 0
70.547 479 0
70.647 634 0
70.747 183 0
70.847 644 0
70.947 288 0
71.047 623 0
71.147 618 0
71.247 358 0
71.347 395 0
71.447 734 0
71.547 244 0
71.647 457 0
71.747 198 0
71.847 432 0
71.947 123 0
72.047 763 0
72.047 654 0
72.047 392 0
72.147 169 0
72.247 364 0
72.247 74 0
72.347 348 0
72.447 613 0
72.447 664 0
72.547 821 0
72.647 269 0
72.647 507 0
72.747 15 0
72.847 606 0
72.847 433 0
72.847 581 0
72.947 56 0
73.047 865 0
73.147 776 0
73.247 557 0
73.247 867 0
73.247 474 0
73.347 570 0
73.447 666 0
73.447 38 0
73.547 896 0
73.547 811 0
73.747 862 0
73.747 274 0
73.747 142 0
73.947 194 0
73.947 788 0
73.947 603 0
74.147 785 0
74.147 330 0
74.147 2 0
74.347 502 0
74.347 677 0
74.347 208 0
74.547 715 0
74.547 297 0
74.647 313 0
74.697 628 0
74.747 405 0
74.797 223 0
74.847 833 0
74.847 646 0
75.247 821 0
75.247 175 0
75.247 570 0
75.313 668 0
75.38 422 0
75.447 318 0
75.513 558 0
75.58 620 0
75.647 476 0
75.713 159 0
75.78 804 0
75.847 334 0
75.913 208 0
75.98 556 0
76.047 322 0
76.113 724 0
76.18 727 0
76.247 830 0
76.313 710 0
76.38 249 0
76.447 221 0
76.513 894 0
76.58 416 0
76.647 357 0
76.713 477 0
76.78 645 0
76.847 138 0
76.913 723 0
76.98 258 0
77.047 492 0
77.113 206 0
77.18 285 0
77.247 146 0
77.313 396 0
77.38 391 0
77.447 460 0
77.513 41 0
77.58 344 0
77.647 13 0
77.713 47 0
77.78 765 0
77.847 433 0
77.913 187 0
77.98 386 0
78.047 183 0
78.047 609 0
78.047 612 0
78.447 290 0
78.447 140 0
78.447 366 0
78.58 702 0
78.647 501 0
78.713 595 0
78.78 230 0
78.847 587 0
78.913 142 0
78.98 845 0
79.047 760 0
79.113 303 0
79.18 237 0
79.247 409 0
79.313 693 0
79.38 278 0
79.447 884 0
79.513 179 0
79.58 569 0
79.647 101 0
79.713 43 0
79.78 438 0
79.847 740 0
79.913 62 0
79.98 697 0
80.047 400 0
80.097 613 0
80.147 118 0
80.197 668 0
80.247 744 0
80.297 237 0
80.347 271 0
80.397 424 0
80.447 792 0
80.497 744 0
80.547 385 0
80.597 718 0
80.647 400 0
80.697 697 0
80.747 397 0
80.797 398 0
80.847 753 0.2
80.847 772 0
81.047 743 0
81.097 816 0
81.197 679 0
81.247 729 0
81.247 450 0.4
81.647 170 0
81.647 97 0
81.647 671 0
81.847 563 0
81.847 289 0
81.847 257 0
82.047 445 0
82.047 103 0
82.047 858 0
82.247 596 0
82.247 378 0
82.247 467 0
82.447 698 0
82.447 15 0
82.447 653 0
82.647 342 0
82.647 481 0
82.647 527 0
82.847 6 0
82.847 218 0
82.847 170 0
83.047 648 0
83.097 46 0
83.147 797 0
83.197 778 0
83.247 326 0
83.247 847 0
83.247 385 0
83.447 520 0
83.447 765 0
83.447 231 0
83.647 463 0
83.647 512 0
83.647 848 0
83.847 138 0
83.847 335 0
83.847 540 0
84.047 329 0
84.047 387 0
84.047 94 0
84.147 796 0
84.197 750 0
84.247 126 0
84.297 346 0
84.347 166 0
84.347 693 0
84.347 629 0
84.447 352 0
84.497 443 0
84.547 337 0
84.597 746 0
84.647 431 0
84.697 675 0
84.747 539 0
84.797 817 0
84.847 122 0
84.847 374 0
84.847 282 0
85.047 359 0
85.047 849 0
85.047 718 0
85.247 704 0
85.247 299 0
85.247 263 0
85.447 358 0
85.447 670 0
85.447 122 0
85.647 841 0
85.647 83 0
85.647 179 0
85.847 46 0
85.847 730 0
85.847 767 0
86.047 9 0
86.047 680 0
86.247 206 0
86.297 569 0
86.347 49 0
86.397 266 0
86.447 590 0
86.447 594 0
86.447 238 0
86.647 499 0
86.647 67 0
86.647 239 0
86.847 553 0
86.847 205 0
86.847 163 0
87.047 296 0
87.047 291 0
87.047 460 0
87.197 260 0
87.197 337 0
87.247 478 0
87.247 239 0
87.347 614 0
87.397 755 0
87.447 648 0
87.497 741 0
87.547 608 0
87.597 14 0
87.647 459 0
87.697 123 0
87.747 660 0
87.797 790 0
87.847 194 0
87.897 12 0
87.947 332 0
87.997 12 0
88.047 637 0.2
88.047 709 0
88.247 135 0
88.247 460 0
88.347 563 0
88.397 216 0
88.447 156 0
88.447 343 0
88.547 605 0
88.547 15 0
88.647 651 0
88.647 269 0
88.747 670 0
88.747 262 0
88.847 211 0
88.847 795 0
88.847 623 0
89.047 442 0
89.047 510 0
89.047 601 0
89.247 2 0
89.247 75 0
89.247 121 0
89.447 473 0
89.497 698 0
89.547 167 0
89.597 221 0
89.647 90 0
89.647 623 0
89.847 197 0
89.847 36 0
89.847 777 0
90.047 561 0
90.047 494 0
90.047 782 0
90.247 590 0
90.247 574 0
90.247 342 0
90.447 218 0
90.447 764 0
90.447 63 0
90.647 84 0
90.647 259 0
90.747 438 0
90.797 40 0
90.847 360 0
90.897 798 0
90.947 159 0
90.997 425 0
91.047 832 0
91.097 84 0
91.147 675 0
91.197 69 0
91.247 323 0
91.247 700 0
91.347 634 0
91.347 518 0
91.447 891 0
91.447 167 0
91.547 493 0
91.547 681 0
91.647 738 0
91.647 850 0
91.747 738 0
91.747 506 0
91.847 619 0
91.847 29 0
91.947 815 0
91.997 709 0
92.047 793 0
92.047 823 0
92.147 834 0
92.147 540 0
92.247 245 0
92.247 202 0
92.347 12 0
92.397 211 0
92.447 787 0
92.497 670 0
92.547 234 0
92.597 616 0
92.647 867 0
92.697 116 0
92.747 701 0
92.797 482 0
92.847 352 0
92.897 416 0
92.947 630 0
92.997 69 0
93.047 849 0
93.097 410 0
93.147 98 0
93.197 642 0
93.247 723 0
93.297 392 0
93.347 14 0
93.397 561 0
93.447 106 0
93.497 418 0
93.547 847 0
93.597 14 0
93.647 899 0
93.647 624 0
93.647 819 0
93.797 495 0
93.797 247 0
93.797 742 0
93.897 713 0
93.897 150 0
93.897 828 0
94.047 178 0.4
94.047 382 0.4
94.447 14 0
94.447 834 0
94.547 433 0
94.547 677 0
94.647 413 0
94.647 517 0
94.747 132 0
94.747 880 0
94.847 634 0
94.847 404 0
94.947 289 0
94.947 692 0
95.047 304 0
95.047 402 0
95.147 144 0
95.197 532 0
95.247 747 0
95.347 765 0
95.347 562 0
95.447 369 0
95.447 374 0
95.547 840 0
95.547 494 0
95.647 310 0
95.647 294 0
95.747 449 0
95.747 732 0
95.847 535 0
95.897 193 0
95.947 677 0
95.997 28 0
96.047 143 0
96.047 403 0
96.147 554 0
96.147 763 0
96.247 407 0
96.247 421 0
96.347 676 0
96.347 218 0
96.447 822 0
96.447 757 0
96.547 623 0
96.547 426 0
96.647 146 0
96.647 694 0
96.747 575 0
96.797 691 0
96.847 661 0
96.847 231 0
96.947 238 0
96.997 692 0
97.047 23 0
97.097 194 0
97.147 397 0
97.197 58 0
97.247 568 0
97.247 415 0
97.347 848 0
97.397 285 0
97.447 279 0
97.447 421 0
97.547 143 0
97.597 6 0
97.647 572 0
97.647 496 0
97.747 519 0
97.747 772 0
97.847 225 0
97.847 559 0
97.947 220 0
97.947 602 0
98.047 488 0
98.047 657 0
98.147 573 0
98.147 535 0
98.247 79 0
98.247 873 0
98.347 552 0
98.397 472 0
98.447 868 0
98.547 785 0
98.547 257 0
98.647 558 0
98.647 458 0
98.747 80 0
98.747 785 0
98.847 72 0
98.847 230 0
98.947 244 0
98.947 100 0
99.047 716 0
99.097 660 0
99.147 864 0
99.197 295 0
99.247 535 0
99.247 773 0
99.347 715 0
99.347 58 0
99.447 391 0
99.447 786 0
99.547 429 0
99.547 438 0
99.647 653 0
99.647 829 0
99.747 145 0
99.747 209 0
99.847 517 0
99.847 297 0
99.947 801 0
99.997 214 0
100.047 448 0
100.047 177 0
100.147 264 0
100.147 114 0
100.197 495 0
100.197 100 0
100.247 518 0
100.297 678 0
100.347 288 0
100.397 88 0
100.447 34 0
100.497 83 0
100.547 161 0
100.597 569 0
100.647 61 0.2
100.847 744 0
100.847 104 0
100.947 410 0
100.997 813 0
101.047 647 0
101.097 12 0
101.147 170 0
101.197 641 0
101.247 362 0
101.297 691 0
101.347 107 0
101.397 170 0
101.447 145 0
101.497 115 0
101.547 545 0
101.597 329 0
101.647 373 0
101.697 819 0
101.747 291 0
101.797 368 0
101.847 313 0
101.897 546 0
101.947 29 0
101.997 507 0
102.047 354 0
102.047 249 0
102.147 267 0
102.147 367 0
102.247 656 0
102.247 360 0
102.347 553 0
102.347 167 0
102.447 511 0
102.447 551 0
102.547 860 0
102.597 433 0
102.647 868 0
102.697 464 0
102.747 295 0
102.797 496 0
102.847 323 0
102.897 247 0
102.947 660 0
102.997 771 0
103.047 821 0
103.097 374 0
103.147 432 0
103.197 439 0
103.247 679 0
103.297 672 0
103.347 626 0
103.397 464 0
103.447 551 0
103.497 801 0
103.547 194 0
103.597 597 0
103.647 289 0
103.647 456 0
103.747 442 0
103.747 313 0
103.847 271 0
103.897 171 0
103.947 807 0.2
104.147 221 0
104.147 157 0
104.247 553 0
104.247 51 0
104.347 428 0
104.347 480 0
104.447 292 0
104.447 231 0
104.497 560 0
104.547 139 0
104.597 321 0
104.647 744 0
104.647 596 0
104.747 825 0
104.747 229 0
104.847 562 0
104.897 430 0
104.947 108 0
105.047 63 0
105.047 607 0
105.147 413 0
105.147 178 0
105.247 230 0
105.297 55 0
105.347 713 0
105.397 809 0
105.447 762 0.2
105.647 590 0
105.697 51 0
105.747 838 0.2
105.947 550 0
105.997 229 0
106.047 664 0
106.097 353 0
106.147 631 0
106.197 359 0
106.247 671 0.2
106.447 543 0
106.447 34 0
106.447 892 0
106.547 761 0
106.597 648 0
106.647 380 0
106.697 868 0
106.747 21 0
106.797 671 0
106.847 189 0
106.897 220 0
106.947 87 0
106.997 164 0
107.047 516 0
107.097 750 0
107.147 38 0
107.197 870 0
107.247 7 0.2
107.247 783 0.2
107.447 371 0
107.447 268 0
107.547 680 0.2
107.547 74 0.2
107.747 680 0
107.747 197 0
107.847 279 0.2
107.847 32 0.2
108.047 53 0
108.047 339 0
108.147 730 0
108.247 512 0
108.247 709 0
108.347 767 0
108.347 67 0
108.447 622 0
108.547 590 0
108.597 648 0
108.647 357 0
108.647 119 0
108.747 773 0
108.747 706 0
108.847 292 0.2
108.847 889 0.2
109.047 593 0
109.047 751 0
109.147 559 0.2
109.147 714 0.2
109.347 560 0
109.347 624 0
109.447 784 0.2
109.447 635 0.2
109.647 870 0
109.647 659 0
109.747 340 0
109.847 52 0
109.847 213 0
109.947 811 0
109.947 270 0
110.047 214 0
110.147 39 0
110.197 795 0
110.247 388 0
110.247 91 0
110.347 341 0
110.347 764 0
110.447 521 0.2
110.447 740 0.2
110.647 111 0
110.647 332 0
110.747 523 0.2
110.747 846 0.2
110.947 562 0
110.947 164 0
111.047 130 0.2
111.047 301 0.2
111.247 723 0
111.247 737 0
111.347 504 0
111.447 553 0
111.447 504 0
111.547 44 0
111.547 107 0
111.647 476 0
111.747 802 0
111.797 589 0
111.847 175 0
111.847 593 0
111.897 193 0
111.947 757 0
111.997 87 0
112.047 12 0.2
112.047 306 0.2
112.247 524 0
112.247 298 0
112.347 298 0.2
112.347 744 0.2
112.547 709 0
112.547 327 0
112.647 588 0.2
112.647 616 0.2
112.847 461 0
112.847 747 0
113.047 179 0
113.047 507 0
113.147 686 0
113.147 572 0
113.147 55 0
113.247 725 0
113.297 440 0
113.347 123 0
113.397 710 0
113.447 288 0
113.447 168 0
113.547 175 0
113.547 780 0
113.647 57 0.2
113.647 64 0.2
113.847 614 0
113.847 791 0
113.947 66 0.2
113.947 288 0.2
114.147 498 0
114.147 470 0
114.247 389 0.2
114.247 447 0.2
114.447 267 0
114.447 372 0
114.547 704 0
114.647 476 0
114.647 21 0
114.747 755 0
114.747 187 0
114.847 355 0
114.947 752 0
114.997 487 0
115.047 626 0
115.047 635 0
115.147 350 0
115.147 287 0
115.247 666 0.2
115.247 95 0.2
115.447 32 0
115.447 529 0
115.547 168 0.2
115.547 580 0.2
115.747 478 0
115.747 218 0
115.847 672 0.2
115.847 717 0.2
116.047 178 0
116.047 253 0
116.147 9 0
116.247 520 0
116.247 854 0
116.347 184 0
116.347 483 0
116.447 684 0
116.547 707 0
116.597 672 0
116.647 322 0
116.647 81 0
116.747 144 0
116.747 91 0
116.847 878 0.2
116.847 841 0.2
117.047 857 0
117.047 573 0
117.147 349 0.2
117.147 255 0.2
117.347 482 0
117.347 833 0
117.447 799 0.2
117.447 41 0.2
117.647 529 0
117.647 848 0
117.747 568 0
117.847 140 0
117.847 7 0
117.947 597 0
117.947 285 0
118.047 592 0
118.147 800 0
118.197 405 0
118.247 580 0
118.247 560 0
118.297 487 0
118.347 672 0
118.397 291 0
118.447 720 0.2
118.447 541 0.2
118.747 584 0.2
118.747 299 0.2
119.047 361 0
119.047 557 0
119.147 638 0
119.147 535 0
119.247 693 0
119.247 350 0
119.347 657 0
119.347 551 0
119.397 149 0
119.447 286 0
119.547 148 0
119.547 409 0
119.647 583 0
119.647 787 0
119.697 527 0
119.697 856 0
119.747 836 0
119.747 424 0
119.797 505 0
119.797 799 0
119.847 899 0
119.897 576 0
119.947 769 0
119.997 248 0
120.047 268 0
120.047 41 0.1
120.047 55 0
120.447 189 0.1
120.847 522 0.1
121.647 205 0
121.697 599 0
123.247 110 0
123.297 520 0
124.847 691 0
124.897 392 0
125.647 621 0
125.647 296 0
125.647 642 0
125.647 638 0
125.847 547 0
125.847 385 0
125.947 692 0
125.947 462 0
126.047 18 0
126.047 17 0
126.147 538 0
126.197 282 0
126.247 691 0
126.247 172 0
126.347 390 0
126.347 869 0
126.447 68 0.1
126.447 869 0
126.447 47 0
126.447 681 0
126.847 146 0.1
127.247 701 0.1
127.647 792 0
128.047 773 0
128.097 471 0
129.647 207 0
129.697 756 0
131.247 325 0
131.247 899 0
131.247 79 0
131.447 707 0
131.447 714 0
131.447 542 0
131.547 13 0
131.547 266 0
131.747 488 0
131.747 133 0
131.747 129 0
131.847 261 0
131.847 765 0
131.947 39 0
131.947 405 0
131.947 206 0
132.047 504 0
132.047 188 0
132.147 257 0
132.147 590 0
132.247 527 0
132.247 874 0
132.347 2 0
132.347 517 0
132.447 364 0
132.497 74 0
132.547 163 0
132.597 787 0
132.647 616 0
132.697 718 0
132.747 445 0
132.797 332 0
132.847 332 0
132.847 593 0
132.847 368 0
133.247 710 0
133.647 345 0
134.047 171 0
134.447 634 0
134.497 340 0
134.497 526 0
135.247 212 0
136.047 749 0
136.097 610 0
136.097 134 0
137.647 31 0
137.697 73 0
137.697 417 0
138.447 395 0
138.497 248 0
138.497 275 0
138.847 285 0
139.247 513 0
139.297 695 0
139.297 609 0
140.047 323 0
140.847 148 0
140.897 834 0
140.897 333 0
141.747 538 0
142.747 881 0
142.747 13 0
142.797 514 2.85
142.797 696 0
142.947 375 2.7
144.047 259 3.2
