0.294 288 0
0.481 336 0
0.669 445 0
0.856 836 0
1.044 157 0
1.231 18 0
1.419 28 0
1.606 70 0
1.794 130 0
1.981 182 0
2.169 235 0
2.356 437 0
2.544 437 0
2.731 572 0
2.919 2 0
3.106 149 0
3.294 172 0
3.481 74 0
3.669 682 0
3.856 100 0
4.044 109 0
4.231 189 0
4.419 192 0
4.606 1 0
4.7 789 0
4.794 762 0
4.981 193 0
5.169 745 0
5.356 281 0
5.544 826 0
5.731 759 0
5.919 21 0
6.106 699 0
6.294 466 0
6.481 72 0
6.669 381 0
6.856 687 0
7.044 164 0
7.231 695 0
7.419 439 0
7.606 620 0
7.794 786 0
7.981 178 0
8.169 339 0
8.356 520 0
8.544 25 0
8.731 732 0
8.919 200 0
9.106 593 0
9.294 501 0
9.481 0 0
9.669 144 0
9.856 354 0
10.044 20 0
10.231 345 0
10.419 351 0
10.606 34 0
10.7 328 0
10.794 193 0
10.981 426 0
11.169 30 0
11.356 152 0
11.544 245 0
11.731 777 0
11.919 591 0
12.106 412 0
12.294 164 0
12.294 519 0
12.481 582 0
12.481 827 0
12.669 178 0
12.669 708 0
12.856 615 0
13.044 450 0
13.044 12 0
13.231 866 0
13.231 429 0
13.419 559 0
13.419 345 0
13.606 122 0
13.606 720 0
13.794 678 0
13.794 129 0
13.981 364 0
13.981 734 0
14.169 193 0
14.169 727 0
14.356 358 0
14.356 702 0
14.45 181 0
14.544 830 0
14.544 191 0
14.637 196 0
14.731 286 0
14.731 361 0
14.919 396 0
14.919 398 0
15.106 665 0
15.106 765 0
15.294 780 0
15.294 272 0
15.481 263 0
15.481 763 0
15.669 769 0
15.669 835 0
15.856 411 0
15.856 54 0
16.044 192 0
16.044 201 0
16.231 107 0
16.231 25 0
16.419 899 0
16.419 411 0
16.606 194 0
16.606 604 0
16.7 171 0
16.794 350 0
16.794 404 0
16.981 547 0
16.981 803 0
17.169 374 0
17.169 775 0
17.356 628 0
17.356 254 0
17.544 306 0
17.544 15 0
17.731 96 0
17.731 851 0
17.919 814 0
17.919 167 0
18.106 0 0
18.106 592 0
18.294 86 0
18.294 653 0
18.481 533 0
18.481 805 0
18.669 643 0
18.856 885 0
18.856 624 0
18.95 713 0
19.044 239 0
19.044 888 0
19.137 727 0
19.231 625 0
19.231 668 0
19.325 219 0
19.419 612 0
19.606 587 0
19.606 432 0
19.7 15 0
19.794 531 0
19.794 584 0
19.981 639 0
19.981 790 0
20.169 866 0
20.169 187 0
20.356 627 0
20.356 478 0
20.45 626 0
20.544 256 0
20.544 451 0
20.637 78 0
20.731 406 0
20.731 595 0
20.919 31 0
20.919 196 0
21.106 779 0
21.106 156 0
21.294 741 0
21.294 629 0
21.481 486 0
21.481 486 0
21.669 898 0
21.669 69 0
21.856 130 0
21.856 656 0
22.044 414 0
22.044 167 0
22.231 742 0
22.231 493 0
22.419 733 0
22.419 811 0
22.606 764 0
22.7 111 0
22.794 428 0
22.794 44 0
22.887 569 0
22.981 422 0
22.981 231 0
23.169 396 0
23.169 768 0
23.356 536 0
23.356 262 0
23.544 580 0
23.544 519 0
23.731 834 0
23.731 812 0
23.919 541 0
23.919 170 0
24.106 446 0
24.106 544 0
24.294 194 0.375
24.294 456 0
24.294 282 0
24.481 419 0
24.669 397 0
24.669 703 0
24.856 843 0
25.044 302 0.375
25.044 491 0
25.044 81 0
25.231 227 0
25.419 740 0
25.419 829 0
25.606 757 0
25.606 476 0
25.7 187 0
25.794 178 0
25.794 36 0.375
25.794 360 0
25.981 877 0
25.981 657 0
26.169 429 0
26.169 24 0
26.356 722 0
26.45 369 0
26.544 221 0.375
26.544 456 0
26.544 184 0
26.731 795 0
26.919 736 0
26.919 2 0
27.106 419 0
27.294 857 0.375
27.294 685 0
27.294 282 0
27.481 698 0
27.669 136 0
27.669 473 0
27.856 58 0
28.044 68 0.375
28.044 729 0
28.044 626 0
28.231 229 0
28.419 171 0
28.419 331 0
28.606 133 0
28.606 852 0
28.7 123 0
28.794 889 0
28.794 426 0.187
28.794 774 0
28.981 156 0
28.981 860 0
28.981 76 0.188
29.169 805 0
29.169 568 0.187
29.169 575 0
29.356 655 0
29.356 520 0.188
29.544 743 0
29.544 742 0
29.544 809 0.187
29.731 489 0
29.731 746 0.188
29.919 509 0
29.919 123 0.187
29.919 29 0
30.106 30 0
30.106 846 0.188
30.294 739 0.375
30.294 896 0
30.294 141 0
30.669 345 0
30.669 735 0
30.856 329 0
30.856 363 0
30.95 405 0
31.044 587 0.375
31.044 206 0
31.044 234 0
31.231 207 0
31.419 434 0
31.419 682 0
31.606 664 0
31.606 831 0
31.7 217 0
31.794 602 0
31.794 73 0.375
31.794 126 0
31.981 257 0
31.981 802 0
32.169 760 0
32.169 894 0
32.356 651 0
32.356 592 0
32.45 659 0
32.544 241 0.375
32.544 343 0
32.544 746 0
32.731 153 0
32.919 470 0
32.919 166 0
33.106 349 0
33.294 43 0.375
33.294 526 0
33.294 162 0
33.481 454 0
33.669 75 0
33.669 346 0
33.856 169 0
34.044 491 0.375
34.044 84 0
34.044 778 0
34.419 410 0
34.419 227 0
34.606 607 0
34.606 84 0
34.7 534 0
34.794 667 0
34.794 204 0
34.794 581 0.187
34.981 214 0
34.981 551 0
34.981 667 0.188
35.169 407 0
35.169 68 0.187
35.169 815 0
35.356 38 0
35.356 692 0.188
35.544 431 0.187
35.544 188 0
35.544 397 0
35.731 252 0.188
35.731 375 0
35.731 437 0
35.919 446 0
35.919 353 0
36.012 172 0
36.012 67 0
36.106 882 0
36.106 749 0
36.2 318 0
36.2 504 0
36.294 586 0
36.294 295 0
36.294 834 1.125
36.294 378 0.375
36.481 268 0
36.669 867 0
36.856 479 0
37.044 859 0
37.044 792 0.375
37.231 432 0
37.419 313 0
37.606 119 0
37.794 243 0
37.794 678 0.375
38.169 742 0
38.356 61 0
38.45 399 0
38.544 174 0
38.544 591 0.375
38.919 595 0
38.919 684 0
39.106 252 0
39.294 862 0
39.294 752 0
39.294 557 0.375
39.481 571 0
39.669 281 0
39.669 473 0
39.856 191 0
40.044 295 0
40.044 280 0
40.044 874 0.375
40.231 655 0
40.419 243 0
40.606 386 0
40.7 435 0
40.794 561 0
40.794 839 0.375
40.794 663 0
40.981 10 0
40.981 799 0
41.169 705 0
41.169 686 0
41.356 262 0
41.356 887 0
41.544 886 0
41.544 208 0.375
41.544 872 0
41.731 732 0
41.731 635 0
41.919 272 0
41.919 792 0
42.106 503 0
42.106 571 0
42.294 699 0
42.294 480 0
42.294 29 1.125
42.294 519 0.375
42.481 524 0
42.669 39 0
42.856 494 0
43.044 673 0
43.044 161 0.375
43.231 815 0
43.419 537 0
43.606 762 0
43.7 575 0
43.794 615 0.375
43.794 644 0
43.981 446 0
44.169 146 0
44.356 164 0
44.356 518 0
44.45 414 0
44.544 133 0
44.544 789 0
44.544 320 0.375
44.731 421 0
44.731 246 0
44.919 168 0
44.919 858 0
45.106 334 0
45.106 47 0
45.294 498 0
45.294 539 0
45.294 633 0.375
45.669 134 0
45.856 659 0
45.856 199 0
46.044 66 0
46.044 682 0.375
46.419 736 0
46.606 20 0
46.606 632 0
46.7 831 0
46.794 161 0
46.794 646 0
46.794 460 0.375
46.981 286 0
46.981 766 0
47.169 860 0
47.169 472 0
47.356 721 0
47.356 626 0
47.544 295 0
47.544 424 0.375
47.544 885 0
47.731 645 0
47.731 744 0
47.919 853 0
47.919 99 0
48.106 493 0
48.106 47 0
48.294 488 0
48.294 108 1.125
48.294 116 0.375
48.294 650 0
48.481 39 0
48.669 316 0
48.856 365 0
49.044 267 0
49.044 320 0.375
49.231 98 0
49.419 323 0
49.606 472 0
49.794 552 0.375
49.794 354 0
49.981 486 0
50.169 486 0
50.356 545 0
50.356 123 0
50.45 231 0
50.544 588 0
50.544 396 0
50.544 505 0.375
50.731 511 0
50.919 663 0
50.919 69 0
51.106 431 0
51.294 487 0
51.294 488 0
51.294 555 1.125
51.294 510 0.375
51.481 513 0
51.669 13 0
51.856 238 0
52.044 839 0
52.044 17 0.375
52.231 448 0
52.419 675 0
52.606 895 0
52.606 353 0
52.7 867 0
52.794 826 0
52.794 516 0.375
52.794 266 0
52.981 373 0
52.981 520 0
53.169 154 0
53.169 188 0
53.356 310 0
53.356 839 0
53.544 345 0
53.544 841 0.375
53.544 13 0
53.731 53 0
53.731 182 0
53.919 843 0
53.919 194 0
54.106 616 0
54.106 170 0
54.294 256 0
54.294 184 1.125
54.294 829 0.375
54.294 639 0
54.481 216 0
54.669 251 0
54.856 388 0
55.044 289 0
55.044 225 0.375
55.231 628 0
55.419 245 0
55.606 895 0
55.7 858 0
55.794 424 0
55.794 240 0
55.794 548 1.125
55.794 337 0.375
55.981 1 0
56.169 691 0
56.356 263 0
56.544 139 0
56.544 191 0.375
56.731 676 0
56.919 148 0
57.106 27 0
57.106 799 0
57.294 149 0
57.294 288 0.562
57.294 744 0.375
57.294 90 0
57.481 389 0
57.669 273 0
57.856 513 0
58.044 352 0
58.044 161 0
58.044 889 0.562
58.044 526 0.375
58.231 172 0
58.419 772 0
58.606 557 0
58.606 672 0
58.7 83 0
58.794 65 0
58.794 402 0
58.794 214 0.375
58.887 788 0.188
58.981 474 0
59.169 121 0
59.169 844 0
59.262 528 0.188
59.356 620 0
59.544 612 0
59.544 828 0
59.544 260 0.375
59.637 148 0.188
59.731 489 0
59.919 765 0
59.919 644 0
60.012 72 0.188
60.106 265 0
60.294 410 0
60.294 496 0
60.294 8 0
66.294 579 0
66.294 380 0
66.294 341 1.125
66.481 236 0
66.575 335 0
66.669 606 0
66.669 594 0
66.669 748 0
66.762 758 0
66.856 711 0
67.044 174 0
67.044 35 0
67.137 407 0
67.231 781 0
67.419 252 0
67.419 277 0
67.419 755 0.375
67.606 722 0
67.7 747 0
67.794 445 0
67.794 848 1.5
67.981 871 0
68.075 625 0
68.169 222 0
68.169 95 0
68.169 405 0
68.262 473 0
68.356 437 0
68.544 616 0
68.544 261 0
68.637 148 0
68.731 854 0
68.919 420 0
68.919 598 0
68.919 365 0
69.106 374 0
69.2 472 0
69.294 466 0
69.294 851 0
69.294 679 0.75
69.481 814 0
69.575 678 0
69.669 6 0
69.669 92 0
69.669 620 0
69.762 588 0
69.856 614 0
70.044 352 0
70.044 533 0
70.044 890 0.281
70.137 155 0
70.231 421 0
70.325 401 0.281
70.419 378 0
70.419 669 0
70.419 127 0
70.606 406 0.188
70.794 103 0.187
70.794 640 0
70.794 9 0.75
70.981 270 0.188
71.169 350 0
71.169 746 0.187
71.356 30 0
71.356 460 0.188
71.544 335 0.187
71.544 759 0.75
71.731 101 0
71.731 551 0.188
71.919 254 0
71.919 19 0.187
72.106 651 0
72.106 127 0.188
72.294 669 0
72.294 810 1.125
72.387 599 0
72.481 404 0
72.575 255 0
72.669 895 0
72.669 760 0
72.669 65 0
72.762 63 0
72.856 627 0
72.95 145 0
73.044 704 0
73.044 688 0
73.137 870 0
73.231 574 0
73.231 73 0
73.419 859 0
73.419 813 0
73.419 515 0.375
73.512 269 0
73.606 196 0
73.606 895 0
73.794 31 0.75
73.794 19 0
73.794 836 0
73.887 23 0
73.981 209 0
74.075 407 0
74.169 687 0
74.169 766 0
74.169 899 0
74.262 468 0
74.356 45 0
74.356 78 0
74.45 167 0
74.544 365 0
74.544 795 0.375
74.544 544 0
74.731 766 0
74.919 297 0
74.919 243 0
74.919 245 0.187
75.106 533 0
75.106 236 0
75.2 747 0
75.294 512 0
75.294 611 0
75.294 723 0.187
75.481 367 0
75.481 854 0.188
75.669 398 0
75.669 56 0
75.669 102 0.187
75.856 771 0
75.856 509 0.188
76.044 860 0
76.044 492 0.187
76.231 112 0
76.231 554 0.188
76.419 85 0
76.419 589 0
76.606 846 0.188
76.606 17 0
76.606 50 0
76.7 724 0
76.7 157 0
76.794 630 0
76.794 873 0
76.794 847 0.187
76.981 93 0
76.981 346 0.188
77.169 210 0
77.169 857 0
77.169 203 0.187
77.356 671 0
77.356 643 0.188
77.544 752 0
77.544 192 0
77.544 281 0.187
77.637 162 0
77.731 708 0
77.731 420 0.188
77.919 531 0
77.919 217 0
77.919 770 0.187
78.012 693 0
78.106 265 0
78.106 516 0.188
78.294 483 0
78.294 49 0
78.294 290 0.187
78.387 589 0
78.481 58 0
78.481 516 0.188
78.669 154 0
78.669 5 0
78.669 378 0.187
78.762 180 0
78.856 147 0
78.856 614 0.188
79.044 828 0
79.044 83 0
79.137 189 0
79.137 351 0
79.231 220 0
79.231 284 0
79.325 280 0
79.325 869 0
79.419 594 0
79.419 388 0
79.512 244 0
79.512 159 0
79.606 572 0
79.653 5 0
79.7 831 0
79.747 480 0
79.794 856 0
79.794 503 0
79.794 279 0
79.887 293 0
79.981 351 0
79.981 90 0
80.075 255 0
80.169 287 0
80.169 273 0
80.262 500 0
80.356 230 0
80.356 357 0
80.45 654 0
80.544 403 0
80.544 425 0
80.544 752 0
80.637 789 0
80.731 696 0
80.731 346 0
80.825 591 0
80.919 695 0
80.919 759 0
81.012 460 0
81.106 645 0
81.106 457 0
81.2 354 0
81.2 19 0
81.294 439 0
81.294 735 0
81.294 666 0
81.387 693 0
81.481 435 0
81.481 753 0
81.575 793 0
81.669 112 0
81.669 597 0
81.762 190 0
81.856 838 0
81.856 370 0
81.95 664 0
82.044 218 0
82.044 823 0
82.044 616 0
82.137 95 0
82.231 104 0
82.231 708 0
82.325 0 0
82.419 371 0
82.419 738 0
82.512 853 0
82.512 767 0
82.559 523 0
82.559 49 0
82.606 852 0
82.606 705 0
82.7 789 0
82.7 681 0
82.794 576 0
82.794 459 0
82.794 660 0
82.887 451 0
82.981 618 0
82.981 289 0
83.075 347 0
83.169 39 0
83.169 481 0
83.262 172 0
83.356 525 0
83.356 527 0
83.45 405 0
83.544 767 0
83.544 765 0
83.544 61 0
83.637 189 0
83.731 406 0
83.731 804 0
83.825 10 0
83.919 643 0
83.919 399 0
84.012 47 0
84.106 53 0
84.106 228 0
84.2 589 0
84.2 565 0
84.294 76 0
84.294 276 0
84.294 720 0
84.387 599 0
84.481 600 0
84.481 732 0
84.575 80 0
84.669 114 0
84.669 770 0
84.762 15 0
84.856 880 0
84.856 513 0
84.95 378 0
85.044 284 0
85.044 774 0
85.044 184 0
85.137 434 0
85.137 117 0
85.231 342 0
85.231 622 0
85.325 26 0
85.325 99 0
85.419 121 0
85.442 684 0
85.465 13 0
85.489 710 0
85.512 57 0
85.536 847 0
85.559 284 0
85.583 533 0
85.606 448 0
85.629 73 0
85.653 850 0
85.676 230 0
85.7 520 0
85.723 205 0
85.747 435 0
85.77 825 0
85.794 276 0
85.794 60 0
85.887 465 0
85.981 674 0
85.981 516 0
86.075 648 0
86.169 391 0
86.169 333 0
86.262 483 0
86.356 63 0
86.356 273 0
86.45 296 0
86.544 707 0
86.544 176 0
86.544 59 0
86.637 42 0
86.731 39 0
86.731 149 0
86.825 37 0
86.919 391 0
86.919 531 0
87.012 290 0
87.106 78 0
87.106 597 0
87.2 276 0
87.2 585 0
87.294 552 0
87.294 730 0
87.294 81 0
87.387 452 0
87.481 489 0
87.481 874 0
87.575 295 0
87.669 1 0
87.669 210 0
87.762 311 0
87.856 440 0
87.856 595 0
87.95 109 0
88.044 878 0
88.044 516 0
88.044 133 0
88.137 549 0
88.231 784 0
88.231 55 0
88.325 308 0
88.419 301 0
88.419 831 0
88.512 728 0
88.512 696 0
88.559 672 0
88.559 351 0
88.606 753 0
88.606 542 0
88.7 193 0
88.7 452 0
88.794 132 0
88.794 848 0
88.794 566 0
88.887 727 0
88.981 69 0
88.981 129 0
89.075 506 0
89.169 476 0
89.169 486 0
89.262 423 0
89.356 885 0
89.356 148 0
89.45 270 0
89.544 798 0
89.544 785 0
89.544 110 0
89.637 103 0
89.731 794 0
89.731 761 0
89.825 306 0
89.919 462 0
89.919 282 0
90.012 775 0
90.106 737 0
90.106 116 0
90.2 888 0
90.2 724 0
90.294 420 0
90.294 711 0
90.294 707 0
90.387 305 0
90.481 234 0
90.481 369 0
90.575 44 0
90.669 825 0
90.669 377 0
90.762 106 0
90.856 608 0
90.856 864 0
90.95 174 0
91.044 228 0
91.044 856 0
91.044 799 0
91.137 755 0
91.137 778 0
91.231 323 0
91.231 267 0
91.325 819 0
91.325 663 0
91.419 139 0.187
91.419 493 0
91.419 467 0
91.512 884 0.094
91.606 140 0
91.606 738 0
91.7 385 0
91.7 236 0
91.794 277 0
91.794 633 0
91.794 52 0
91.887 535 0
91.981 39 0
91.981 104 0
92.075 654 0
92.169 458 0
92.169 805 0
92.262 387 0
92.356 32 0
92.356 630 0
92.45 664 0
92.544 262 0
92.544 443 0
92.544 644 0
92.637 353 0
92.731 846 0
92.731 187 0
92.825 77 0
92.919 715 0
92.919 873 0
93.012 358 0
93.106 606 0
93.106 822 0
93.2 763 0
93.2 383 0
93.294 755 0
93.294 408 0
93.294 839 0
93.387 697 0
93.481 792 0
93.481 350 0
93.575 451 0
93.669 756 0
93.669 810 0
93.762 113 0
93.856 685 0
93.856 107 0
93.95 161 0
94.044 16 0
94.044 536 0
94.044 523 0
94.137 569 0
94.231 336 0
94.231 166 0
94.325 336 0
94.419 765 0
94.419 18 0
94.512 739 0
94.512 153 0
94.559 693 0
94.559 16 0
94.606 507 0
94.606 201 0
94.7 424 0
94.7 476 0
94.794 704 0
94.794 381 0
94.794 477 0
94.887 597 0
94.981 125 0
94.981 359 0
95.075 596 0
95.169 312 0
95.169 390 0
95.262 568 0
95.356 819 0
95.356 13 0
95.45 494 0
95.544 451 0
95.544 581 0
95.544 653 0
95.637 200 0
95.731 526 0
95.731 538 0
95.825 526 0
95.919 870 0
95.919 511 0
96.012 810 0
96.106 487 0
96.106 37 0
96.2 644 0
96.2 855 0
96.294 410 0
96.294 620 0
96.294 756 0
96.387 854 0
96.481 424 0
96.481 695 0
96.575 766 0
96.669 424 0
96.669 465 0
96.762 210 0
96.856 759 0
96.856 878 0
96.95 241 0
97.044 160 0
97.044 177 0
97.044 491 0
97.137 846 0
97.137 755 0
97.231 209 0
97.231 166 0
97.325 127 0
97.325 413 0
97.419 565 0
97.442 785 0
97.465 865 0
97.489 781 0
97.512 233 0
97.536 154 0
97.559 287 0
97.583 445 0
97.606 485 0
97.629 353 0
97.653 841 0
97.676 201 0
97.7 318 0
97.723 860 0
97.747 389 0
97.77 358 0
97.794 634 0
97.794 557 0
97.887 445 0
97.981 890 0
97.981 498 0
98.075 188 0
98.169 344 0
98.169 45 0
98.262 801 0
98.356 6 0
98.356 643 0
98.45 487 0
98.544 110 0
98.544 737 0
98.544 839 0
98.637 385 0
98.731 74 0
98.731 713 0
98.825 587 0
98.919 787 0
98.919 897 0
99.012 631 0
99.106 540 0
99.106 226 0
99.2 8 0
99.2 828 0
99.294 248 0
99.294 843 0
99.294 637 0
99.387 546 0
99.481 115 0
99.481 252 0
99.575 139 0
99.669 13 0
99.669 294 0
99.762 872 0
99.856 759 0
99.856 775 0
99.95 726 0
100.044 875 0
100.044 709 0
100.044 770 0
100.137 595 0
100.231 177 0
100.231 457 0
100.325 323 0
100.419 607 0
100.419 701 0
100.512 176 0
100.512 171 0
100.559 143 0
100.559 894 0
100.606 326 0
100.606 663 0
100.7 291 0
100.7 481 0
100.794 678 0
100.794 563 0
100.84 751 0
100.887 576 0
100.934 271 0
100.981 423 0
101.028 820 0
101.075 812 0
101.122 685 0
101.169 835 0
101.215 763 0
101.262 455 0
101.309 57 0
101.356 719 0
101.403 818 0
101.45 775 0
101.497 185 0
101.544 474 0
101.59 448 0
101.637 204 0
101.684 286 0
101.731 896 0
101.778 645 0
101.825 116 0
101.872 507 0
101.919 115 0
101.965 585 0
102.012 690 0
102.059 191 0
102.106 55 0
102.153 632 0
102.2 94 0
102.247 726 0
102.294 674 0
102.34 4 0
102.387 321 0
102.434 61 0
102.481 862 0
102.528 10 0
102.575 439 0
102.622 147 0
102.669 467 0
102.715 737 0
102.762 253 0
102.809 865 0
102.856 204 0
102.903 420 0
102.95 425 0
102.997 206 0
103.044 714 0
103.075 875 0
103.106 527 0
103.137 555 0
103.169 423 0
103.2 593 0
103.231 214 0
103.262 813 0
103.294 553 0
103.325 496 0
103.356 349 0
103.387 282 0
103.419 299 0
103.45 786 0
103.481 813 0
103.512 113 0
103.544 237 0
103.575 480 0
103.606 144 0
103.637 261 0
103.669 169 0
103.7 57 0
103.731 189 0
103.762 704 0
103.794 845 0
103.794 618 0
103.887 651 0
103.981 514 0
103.981 112 0
104.075 93 0
104.169 599 0
104.169 800 0
104.262 196 0
104.356 240 0
104.356 740 0
104.45 329 0
104.544 649 0
104.544 225 0
104.637 350 0
104.731 27 0
104.731 358 0
104.825 71 0
104.919 431 0
104.919 252 0
105.012 548 0
105.106 827 0
105.106 561 0
105.2 29 0
105.294 790 0
105.294 595 0
105.387 730 0
105.481 555 0
105.481 184 0
105.575 322 0
105.669 219 0
105.669 299 0
105.762 412 0
105.856 733 0
105.856 834 0
105.95 822 0
106.044 550 0
106.044 188 0
106.137 56 0
106.231 41 0
106.231 346 0
106.325 93 0
106.419 880 0
106.419 507 0
106.512 586 0
106.606 147 0
106.606 56 0
106.7 432 0
106.7 425 0
106.794 565 0
106.794 889 0
106.887 584 0
106.981 10 0
106.981 479 0
107.075 39 0
107.169 254 0
107.169 80 0
107.262 643 0
107.356 15 0
107.356 888 0
107.45 780 0
107.544 472 0
107.544 351 0
107.637 78 0
107.731 154 0
107.731 139 0
107.825 759 0
107.919 87 0
107.919 878 0
108.012 297 0
108.106 853 0
108.106 253 0
108.2 320 0
108.2 146 0.187
108.294 749 0
108.387 48 0
108.387 487 0.094
108.481 502 0
108.481 639 0.094
108.575 283 0
108.575 11 0.094
108.669 876 0
108.669 836 0.14
108.762 813 0
108.809 508 0
108.856 377 0
108.95 17 0
108.95 852 0.469
109.044 421 0
109.044 814 0
109.231 169 0
109.231 239 0
109.419 674 0
109.419 121 0
109.512 846 0
109.512 257 0
109.559 70 0
109.559 605 0
109.606 552 0
109.606 415 0
109.7 388 0
109.7 578 0
109.794 626 0
109.794 215 0
109.794 565 0
109.887 693 0
109.981 418 0
109.981 811 0
110.075 885 0
110.169 475 0
110.169 631 0
110.262 204 0
110.356 213 0
110.356 461 0
110.45 621 0
110.544 11 0
110.544 603 0
110.637 614 0
110.731 750 0
110.731 707 0
110.825 840 0
110.919 7 0
110.919 232 0
111.012 863 0
111.106 487 0
111.106 351 0
111.2 205 0
111.294 511 0
111.294 647 0.093
111.387 575 0
111.387 659 0.094
111.481 461 0
111.481 793 0.094
111.575 368 0
111.575 501 0.094
111.669 209 0
111.669 608 0.093
111.762 511 0
111.762 459 0.094
111.856 9 0
111.856 813 0.094
111.95 789 0
111.95 435 0.469
112.044 552 0
112.044 84 0
112.231 281 0
112.231 193 0
112.419 671 0
112.419 710 0
112.512 233 0
112.606 450 0
112.606 466 0
112.7 149 0
112.7 115 0
112.794 555 0
112.794 763 0
112.887 110 0
112.981 796 0
112.981 890 0
113.075 218 0
113.169 163 0
113.169 394 0
113.262 589 0
113.356 366 0
113.356 278 0
113.45 779 0
113.544 438 0
113.544 816 0
113.637 403 0
113.731 793 0
113.731 674 0
113.825 819 0
113.919 682 0
113.919 223 0
114.012 400 0
114.106 76 0
114.106 132 0
114.2 23 0
114.2 539 0
114.294 352 0
114.34 70 0
114.387 97 0
114.434 894 0
114.481 330 0
114.528 605 0
114.575 133 0
114.622 234 0
114.669 199 0
114.715 648 0
114.762 866 0
114.809 538 0
114.856 814 0
114.903 563 0
114.95 223 0
114.997 62 0
115.044 216 0
115.044 298 0
115.09 804 0
115.137 478 0
115.137 686 0
115.184 444 0
115.231 719 0
115.231 880 0
115.278 463 0
115.325 735 0
115.325 212 0
115.372 336 0
115.419 736 0
115.442 231 0
115.465 149 0
115.489 203 0
115.512 652 0
115.536 342 0
115.559 616 0
115.583 710 0
115.606 819 0
115.629 881 0
115.653 475 0
115.676 560 0
115.7 221 0
115.723 695 0
115.747 577 0
115.77 864 0
115.794 844 0.562
115.794 90 0
116.169 766 0
116.169 498 0
116.356 746 0
116.356 879 0.938
116.544 421 0
116.544 431 1.312
116.731 77 0
116.731 321 0
116.919 269 0
116.919 750 0
117.106 835 0
117.294 891 0
117.294 874 0.562
117.481 876 0
117.669 429 0
117.669 866 0
117.856 399 0.188
117.856 381 0
117.95 49 0.469
118.044 46 0.281
118.044 582 0.75
118.231 898 0
118.419 423 0
118.419 653 0.375
118.606 11 0
118.794 539 0
118.794 23 0.562
118.887 3 0
118.981 328 0
119.075 750 0
119.169 616 0
119.262 317 0
119.356 31 0
119.356 96 0.188
119.45 431 0
119.544 178 0
119.544 513 0.375
119.637 323 0
119.731 582 0
119.825 255 0
119.919 455 0
119.919 787 0.187
120.012 462 0
120.106 674 0.188
120.106 880 0
120.2 750 0
120.294 393 0
120.294 519 0
120.294 409 0
120.387 269 0
120.434 787 0
120.481 570 0
120.481 153 0
120.575 733 0
120.669 286 0
120.669 674 0
120.762 482 0
120.856 558 0
120.95 541 0
120.997 486 0
121.044 671 0
121.044 768 0
121.137 267 0
121.231 481 0
121.231 578 0
121.325 187 0
121.419 569 0
121.419 657 0
121.512 267 0
121.606 477 0
121.7 700 0
121.747 210 0
121.794 357 0
121.794 649 0
121.887 583 0
121.981 154 0
121.981 91 0
122.075 233 0
122.169 572 0
122.169 117 0
122.262 833 0
122.356 850 0
122.45 442 0
122.497 18 0
122.544 31 0
122.544 336 0
122.637 398 0
122.731 254 0
122.731 451 0
122.825 782 0
122.919 444 0
122.919 177 0
122.919 455 0
123.012 854 0
123.106 814 0
123.153 471 0
123.2 393 0
123.247 44 0
123.294 51 0
123.294 733 0
123.294 871 0
123.387 384 0
123.481 789 0
123.481 308 0
123.481 105 0
123.575 308 0
123.669 722 0
123.669 363 0
123.669 847 0
123.762 218 0
123.856 458 0
123.856 746 0
123.856 606 0
123.95 743 0
123.997 415 0
124.044 267 0
124.044 237 0
124.044 6 0
124.137 606 0
124.231 256 0
124.231 301 0
124.231 676 0
124.325 873 0
124.419 744 0
124.419 135 0
124.419 604 0
124.512 342 0
124.606 337 0
124.606 78 0
124.7 58 0
124.747 337 0
124.794 711 0
124.794 533 0
124.887 458 0
124.887 223 0
124.981 560 0
124.981 579 0
125.075 358 0
125.075 703 0
125.169 81 0
125.169 342 0
125.262 354 0
125.262 416 0
125.356 815 0
125.356 894 0
125.45 829 0
125.45 277 0
125.544 846 0
125.575 112 0
125.606 401 0
125.637 16 0
125.669 750 0
125.7 472 0
125.731 272 0
125.762 223 0
125.794 29 0
125.825 153 0
125.856 563 0
125.887 537 0
125.919 702 0
125.95 778 0
125.981 878 0
126.012 407 0
126.044 898 0
126.075 526 0
126.106 539 0
126.137 553 0
126.169 565 0
126.2 665 0
126.231 506 0
126.262 596 0
126.294 646 0
126.294 818 2.25
127.794 742 0.75
128.731 502 0.563
128.731 387 0.563
129.294 342 0
129.294 380 0
129.874 165 0
130.455 840 0
130.842 579 0
131.422 162 0
131.616 795 0
132.003 865 0
132.197 608 0
132.39 187 0
132.971 177 0
133.551 834 0
133.745 13 0
133.938 38 0
134.326 269 0
134.713 390 0.774
134.713 319 0
135.1 83 0
135.487 492 0
136.068 225 0
136.648 187 0
137.035 717 0
137.616 145 0
137.809 422 0
138.197 21 0
138.39 448 0
138.584 95 0
138.971 100 0
139.358 600 0
139.745 62 0
140.132 250 0
140.519 881 0
140.906 1 0
141.293 590 0
141.68 211 0
142.261 471 0
142.842 582 0
143.229 393 0
143.809 206 0
144.003 818 0
144.39 469 0
144.584 62 0
144.777 205 0
145.358 132 0
145.938 448 0
146.132 159 0
146.326 362 0
146.713 739 0
147.1 184 0
147.487 116 0
147.874 371 0
148.455 391 0
149.035 274 0
149.422 808 0
150.003 513 0
150.197 865 0
150.584 813 0
150.777 590 0
150.971 846 0
151.358 490 0
151.745 864 0
152.132 781 0
152.519 658 0.29
152.519 311 0
152.713 559 0
152.906 158 0
152.906 223 0.387
153.1 190 0
153.293 301 0.291
153.293 633 0
153.487 643 0
153.68 750 0.387
153.68 535 0
153.874 417 0
154.068 529 0
154.068 44 0.58
154.068 600 0
154.261 810 0
154.455 663 0
154.648 427 0.194
154.842 156 0
154.842 885 0
155.035 112 0
155.229 340 0
155.229 608 0.193
155.422 488 0
155.422 594 0
155.422 444 0.194
155.616 381 0.193
155.616 59 0
155.809 208 0
155.809 668 0
155.809 228 0.194
156.003 687 0.194
156.003 843 0
156.197 792 0.193
156.197 809 0
156.39 290 0
156.39 523 0
156.584 717 0
156.777 499 0
156.777 892 0.194
156.971 96 0
156.971 122 0.193
157.164 429 0.194
157.164 485 0
157.358 110 0.193
157.358 840 0
157.551 79 0.194
157.551 669 0
157.745 190 0.097
157.745 596 0
157.938 192 0.097
157.938 657 0
157.938 299 0
158.132 93 0.097
158.326 477 0.387
158.326 211 0
158.519 877 0
158.519 551 0
158.713 583 0
158.906 239 0
158.906 519 0
159.1 879 0
159.293 597 0
159.487 812 0
159.487 427 0
159.487 502 0.387
159.68 25 0
159.874 278 0
159.874 217 0.387
160.068 489 0
160.261 724 0.29
160.261 637 0
160.455 293 0
160.648 380 0
160.648 27 0.194
160.842 443 0
161.035 192 0
161.035 682 0
161.229 780 0
161.422 414 0.194
161.422 107 0
161.616 14 0
161.616 838 0
161.809 790 0
161.809 383 0.194
162.003 839 0
162.003 30 0
162.003 622 0.194
162.197 763 0
162.197 34 0.193
162.39 289 0
162.39 213 0.194
162.584 282 0.193
162.584 554 0
162.584 558 0
162.777 300 0.194
162.971 631 0.193
162.971 878 0
163.164 313 0.194
163.358 509 0
163.551 306 0
163.551 283 0.194
163.745 582 0.193
163.745 2 0
163.938 288 0
163.938 691 0.194
164.132 831 0.194
164.132 217 0
164.132 706 0
164.326 122 0
164.519 178 0.194
164.519 405 0
164.713 819 0
164.713 364 0
164.906 894 0.194
164.906 680 0
165.1 113 0
165.1 112 0
165.293 269 0.194
165.293 767 0
165.293 549 0
165.487 553 0
165.68 111 0.388
165.68 721 0
165.68 143 0
166.068 625 0.387
166.068 721 0
166.261 0 0
166.455 35 0.29
166.455 450 0
166.842 129 0.29
166.842 703 0
167.035 504 0
167.229 104 0.387
167.229 448 0
167.229 559 0
167.616 578 0.193
167.616 567 0
167.809 560 0
167.809 216 0
168.003 623 0
168.003 712 0.194
168.197 638 0.193
168.197 416 0
168.197 543 0
168.39 455 0.194
168.39 200 0
168.584 315 0.58
168.777 535 0
168.777 297 0
168.971 83 0
169.164 666 0
169.164 685 0.194
169.358 459 0.193
169.551 677 0
169.551 782 0.194
169.745 529 0
169.745 519 0.193
169.938 387 0.194
169.938 288 0
170.132 881 0.194
170.132 180 0
170.326 86 0
170.326 472 0.193
170.326 714 0
170.519 482 0
170.519 739 0.194
170.713 782 0.193
170.713 295 0
170.906 798 0
170.906 1 0.387
170.906 698 0
171.1 787 0
171.293 15 0.194
171.293 310 0
171.293 572 0
171.487 446 0
171.487 434 0.193
171.68 369 0
171.68 725 0.194
171.874 481 0
171.874 314 0
171.874 244 0.193
172.067 305 0
172.067 803 0.194
172.261 827 0.194
172.261 620 0
172.455 521 0.193
172.648 439 0.774
172.648 85 0
172.842 538 0
173.035 609 0
173.229 54 0.193
173.422 587 0
173.422 878 0
173.616 875 0
173.809 47 0
173.809 202 0.194
174.003 344 0
174.003 827 0
174.003 282 0.194
174.197 780 0.29
174.197 155 0
174.39 892 0
174.39 786 0
174.584 641 0.096
174.584 266 0
174.777 374 0.097
174.777 791 0
174.971 245 0.387
174.971 821 0
174.971 93 0
175.358 331 0
175.358 57 0.387
175.551 270 0
175.745 872 0
175.745 234 0.581
176.132 234 0
176.326 360 0
176.326 852 0.58
176.519 524 0
176.519 602 0
176.906 165 0
176.906 732 0.387
177.1 247 0
177.1 526 0
177.293 657 0.387
177.293 507 0
177.487 638 0
177.487 532 0
177.68 279 0
177.874 5 0
178.067 490 0.388
178.067 762 0
178.067 295 0
178.261 368 0
178.455 113 0
178.455 309 0
178.551 281 0
178.551 189 0
178.648 675 0
178.648 82 0
178.745 339 0
178.745 892 0
178.842 594 0.387
178.842 570 0
178.842 816 0
178.842 466 0
179.035 717 0
179.229 505 0
179.422 10 0.581
179.616 116 0
179.616 671 0.387
179.809 536 0
180.003 855 0.194
180.197 872 0.193
180.39 666 0
180.39 408 0.387
180.584 326 0.193
180.777 133 0
180.777 251 0.194
180.971 43 0.58
181.164 602 0.387
181.551 24 0.387
181.745 193 0.193
181.938 40 0.388
181.938 406 0.388
182.132 47 0.387
182.326 182 0.387
182.519 872 0.097
182.713 504 0.387
182.713 642 0.096
182.906 533 0.097
183.1 706 0.193
183.1 709 0.387
183.293 490 0.194
183.487 111 0.193
183.487 664 0.387
183.68 352 0.194
183.874 446 0.387
184.067 832 0.194
184.261 764 0.387
184.261 458 0.387
184.648 886 0.387
184.842 110 0
185.035 584 0.194
185.035 419 0
185.035 606 0.387
185.229 127 0
185.422 414 0
185.422 673 0.194
185.616 202 0.193
185.616 329 0
185.809 663 0.388
185.809 464 0.194
186.197 119 0
186.197 489 0.193
186.39 469 0
186.584 874 0.387
186.584 72 0.193
186.777 172 0.387
186.971 182 0.387
187.164 472 0.387
187.358 654 0
187.358 54 0.387
187.551 560 0.387
187.745 354 0.387
187.938 295 0.194
188.132 809 0.387
188.132 875 0
188.326 316 0.193
188.519 209 0.387
188.713 765 0.193
188.906 229 0.581
188.906 36 0.387
189.1 726 0.193
189.293 800 0.387
189.39 290 0
189.487 275 0.097
189.68 188 0.387
189.68 463 0.194
189.874 32 0.193
190.067 879 0.388
190.067 520 0
190.261 504 0.194
190.261 716 0
190.455 376 0.387
190.455 395 0.387
190.842 241 0.387
191.035 703 0
191.229 486 0.387
191.229 703 0
191.229 591 0.29
191.422 82 0
191.616 327 0
191.616 60 0.29
191.809 502 0
192.003 80 0.387
192.003 221 0.387
192.197 682 0
192.39 198 0
192.39 305 0.194
192.584 283 0
192.777 94 0.387
192.777 469 0
192.777 373 0.194
193.164 102 0
193.164 66 0.194
193.358 703 0.58
193.551 686 0.387
193.551 97 0
193.938 743 0.388
194.132 486 0.194
194.326 166 0
194.326 647 0.387
194.519 822 0
194.519 581 0.387
194.713 630 0
194.713 543 0.387
194.906 398 0.387
195.1 504 0
195.1 836 0.387
195.293 685 0
195.293 298 0.194
195.487 626 0
195.487 614 0.58
195.68 408 0.194
195.874 49 0.387
195.874 798 0
196.067 441 0.194
196.261 562 0.387
196.455 690 0.193
196.648 325 0.387
196.648 125 0.194
196.842 32 0.387
197.035 307 0
197.229 207 0.193
197.422 338 0.387
197.422 149 0.775
197.422 97 0
197.616 800 0
198.003 568 0
198.003 70 0.581
198.197 436 0.387
198.584 655 0
198.584 127 0.193
198.777 377 0.194
198.971 223 0.387
198.971 881 0
198.971 73 1.161
199.164 240 0
199.358 714 0
199.551 702 0
199.745 858 0.387
200.132 718 0.387
200.519 320 0
200.519 537 1.548
200.519 282 1.548
201.293 853 0
201.293 886 0
202.067 289 0
202.067 439 0
202.197 767 0
202.326 587 0
202.455 880 0
202.455 126 0
202.584 381 0
202.713 81 0
202.842 357 0
202.842 238 0
202.971 725 0
203.1 560 0
203.229 720 0
203.229 462 0
203.358 493 0
203.487 71 0
203.616 629 0
203.616 648 0
203.616 174 0
204.003 392 0
204.003 558 0
204.39 304 0
204.39 749 0
204.777 227 0
204.777 371 0
205.164 896 0
205.164 529 0
205.164 442 0
205.516 514 0
205.516 897 0
205.869 756 0
205.869 210 0
206.222 759 0
206.222 659 0
206.575 388 0
206.575 311 0
206.575 833 0
206.899 646 0
206.899 19 0
207.223 727 0
207.223 267 0
207.547 26 0
207.547 753 0
207.872 16 0
207.872 630 0
207.872 215 0
208.172 631 0
208.172 12 0
208.472 701 0
208.472 491 0
208.772 488 0
208.772 440 0
209.072 138 0
209.072 165 0
209.072 703 0
209.351 686 0
209.351 560 0
209.63 337 0
209.63 768 0
209.909 856 0
209.909 501 0
210.188 429 0
210.188 509 0
210.188 544 0
210.448 477 0
210.448 182 0
210.709 726 0
210.709 871 0
210.97 776 0
210.97 638 0
211.231 826 0
211.231 16 0
211.231 805 0
211.475 614 0
211.475 495 0
211.72 132 0
211.72 440 0
211.965 870 0
211.965 580 0
212.21 594 0
212.21 569 0
212.21 494 0
212.44 312 0
212.44 672 0
212.671 12 0
212.671 342 0
212.902 21 0
212.902 56 0
213.133 327 0
213.133 816 0
213.133 866 0
213.351 52 0
213.351 679 0
213.569 226 0
213.569 589 0
213.787 473 0
213.787 179 0
214.005 144 0
214.005 362 0
214.005 383 0
214.211 514 0
214.211 796 0
214.418 655 0
214.418 695 0
214.625 801 0
214.625 714 0
214.832 890 0
214.832 855 0
214.832 640 0
215.028 72 0
215.028 658 0
215.225 353 0
215.225 488 0
215.422 317 0
215.422 763 0
215.618 727 0
215.618 834 0
215.618 322 0
215.805 124 0
215.805 337 0
215.993 435 0
215.993 675 0
216.18 24 0
216.18 618 0
216.368 500 0
216.368 379 0
216.368 355 0
216.547 420 0
216.547 352 0
216.726 507 0
216.726 566 0
216.905 241 0
216.905 380 0
217.084 452 0
217.084 501 0
217.084 330 0
217.255 336 0
217.255 198 0
217.426 115 0
217.426 667 0
217.598 232 0
217.598 497 0
217.769 135 0
217.769 675 0
217.769 815 0
217.933 841 0
217.933 668 0
218.097 629 0
218.097 15 0
218.262 662 0
218.262 529 0
218.426 692 0
218.426 468 0
218.426 570 0
218.583 124 0
218.583 242 0
218.741 118 0
218.741 458 0
218.899 761 0
218.899 708 0
219.057 160 0
219.057 368 0
219.057 757 0
219.208 707 0
219.208 17 0
219.36 161 0
219.36 783 0
219.512 677 0
219.512 350 0
219.664 425 0
219.664 511 0
219.664 258 0
219.81 498 0
219.81 174 0
219.956 763 0
219.956 495 0
220.103 229 0
220.103 475 0
220.249 879 0
220.249 162 0
220.249 499 0
220.39 393 0
220.39 96 0
220.531 271 0
220.531 833 0
220.672 247 0
220.672 440 0
220.813 64 0
220.813 604 0
220.813 861 0
220.949 477 0
220.949 312 0
221.085 50 0
221.085 828 0
221.222 473 0
221.222 192 0
221.358 503 0
221.358 167 0
221.358 220 0
221.489 191 0
221.489 631 0
221.621 595 0
221.621 135 0
221.753 116 0
221.753 34 0
221.885 555 0
221.885 816 0
221.885 232 0
222.012 277 0
222.012 826 0
222.14 293 0
222.14 741 0
222.267 879 0
222.267 107 0
222.395 37 0
222.395 416 0
222.395 64 0
222.518 228 0
222.518 618 0
222.642 679 0
222.642 185 0
222.766 506 0
222.766 832 0
222.889 168 0
222.889 127 0
222.889 609 0
223.009 482 0
223.009 776 0
223.129 272 0
223.129 873 0
223.249 407 0
223.249 522 0
223.369 92 0
223.369 56 0.116
223.369 144 0
223.485 253 0
223.485 766 0
223.602 210 0.116
223.602 313 0
223.718 747 0
223.718 547 0
223.835 782 0
223.835 283 0.116
223.835 786 0
223.951 580 0
223.951 679 0
224.068 537 0.116
224.068 41 0
224.184 707 0
224.184 410 0
224.301 25 0
224.301 522 0.116
224.301 564 0
224.417 585 0
224.417 614 0
224.534 672 0.116
224.534 483 0
224.65 375 0
224.65 705 0
224.767 856 0
224.767 433 0.116
224.767 512 0
224.883 624 0
224.883 872 0
225.0 281 0.116
225.0 323 0
225.116 139 0
225.116 45 0
225.233 618 0
225.233 410 0
225.291 714 0
225.291 422 0
225.349 579 0
225.349 837 0
225.407 356 0
225.407 808 0
225.466 295 0.116
225.466 16 0
225.582 487 0
225.582 8 0
225.699 810 0.116
225.699 3 0
225.815 200 0
225.815 877 0
225.932 59 0.116
225.932 125 0
226.048 506 0
226.048 218 0
226.165 638 0
226.165 193 0
226.223 279 0
226.223 368 0
226.281 280 0
226.281 22 0
226.339 8 0
226.339 762 0
226.398 510 0
226.398 679 0
226.456 197 0
226.456 770 0
226.514 58 0
226.514 555 0
226.572 240 0
226.572 843 0
226.631 634 0
226.631 271 0
226.689 31 0
226.689 196 0
226.747 399 0
226.747 79 0
226.805 429 0
226.805 552 0
226.864 528 0
226.864 61 0
226.922 588 0
226.922 865 0
226.98 282 0
226.98 634 0
227.038 73 0
227.038 545 0
227.097 562 4.0
227.097 737 4.0
231.097 732 0.666
231.763 663 0.167
231.763 486 0.5
231.93 541 0.167
232.097 835 0.166
232.263 90 0
232.43 46 0
232.43 706 0
232.43 42 0
232.513 80 0
232.597 734 0
232.597 521 0
232.68 147 0
232.763 113 0
232.763 784 0
232.847 767 0
232.93 266 0
232.93 272 0
233.013 323 0
233.097 122 0
233.097 53 0
233.18 233 0
233.263 14 0
233.263 702 0
233.347 225 0
233.43 491 0
233.43 534 0
233.43 20 0
233.513 632 0
233.597 418 0
233.597 364 0
233.597 832 0
233.68 223 0
233.763 695 0
233.763 141 0
233.763 222 0
233.847 651 0
233.93 224 0
233.93 718 0
234.013 42 0
234.097 219 0
234.097 767 0
234.18 60 0
234.263 277 0
234.263 39 0
234.347 546 0
234.43 304 0
234.43 809 0
234.513 219 0
234.597 106 0
234.597 619 0
234.68 254 0
234.763 384 0
234.763 601 0
234.763 771 0
234.847 346 0
234.93 805 0
234.93 287 0
234.93 75 0
235.013 106 0
235.013 643 0
235.097 760 0
235.097 605 0
235.097 509 0
235.18 323 0
235.263 305 0
235.263 648 0
235.347 181 0
235.43 552 0
235.43 265 0
235.513 680 0
235.597 313 0
235.597 240 0
235.597 620 0
235.68 21 0
235.763 110 0
235.763 147 0
235.847 351 0
235.93 179 0
235.93 864 0
236.013 612 0
236.097 848 0
236.097 792 0
236.18 701 0
236.263 601 0
236.263 315 0
236.347 503 0
236.43 16 0
236.43 91 0
236.513 376 0
236.597 743 0
236.597 240 0
236.638 240 0
236.638 873 0
236.68 338 0
236.68 473 0
236.763 392 0
236.763 86 0
236.847 591 0
236.93 740 0
236.93 399 0
237.013 141 0
237.097 730 0
237.097 462 0
237.138 377 0
237.138 593 0
237.18 243 0
237.18 757 0
237.222 403 0
237.222 869 0
237.263 594 0
237.263 586 0
237.347 290 0
237.347 828 0
237.43 88 0
237.43 780 0
237.513 211 0
237.597 192 0
237.624 383 0
237.652 39 0
237.68 784 0
237.708 660 0
237.735 620 0
237.763 330 0
237.763 279 0
237.847 210 0
237.93 300 0
237.93 766 0
238.013 880 0
238.097 118 0
238.097 210 0
238.18 687 0
238.263 359 0
238.263 84 0
238.347 498 0
238.43 701 0
238.43 699 0
238.513 842 0
238.597 145 0
238.597 325 0
238.68 757 0
238.763 251 0
238.763 165 0
238.763 675 0
238.847 705 0
238.93 342 0
238.93 424 0
239.013 347 0
239.097 204 0
239.097 244 0
239.097 201 0
239.18 552 0
239.263 340 0
239.263 422 0
239.263 817 0
239.347 535 0
239.43 706 0
239.43 878 0
239.43 794 0
239.513 878 0
239.597 368 0
239.597 454 0
239.597 760 0
239.68 676 0
239.763 813 0
239.763 570 0
239.763 477 0
239.847 622 0
239.93 807 0
239.93 434 0
240.013 347 0
240.013 84 0
240.097 610 0
240.097 357 0
240.18 392 0
240.263 571 0
240.263 502 0
240.263 863 0
240.347 15 0
240.347 370 0
240.43 255 0
240.43 298 0
240.513 545 0
240.597 319 0
240.597 351 0
240.68 222 0
240.763 591 0
240.763 785 0
240.847 865 0
240.93 598 0
240.93 199 0
241.013 218 0
241.097 224 0
241.097 283 0
241.18 871 0
241.263 658 0
241.263 816 0
241.347 239 0
241.43 855 0
241.43 443 0
241.513 297 0
241.597 662 0
241.597 534 0
241.68 451 0
241.763 856 0
241.763 48 0
241.847 10 0
241.93 855 0
241.93 65 0
241.972 524 0
241.972 548 0
242.013 80 0
242.013 602 0
242.097 605 0
242.097 130 0
242.263 336 0
242.263 560 0
242.347 317 0
242.347 638 0
242.43 44 0
242.43 47 0
242.472 218 0
242.472 815 0
242.513 241 0
242.513 897 0
242.555 668 0
242.555 321 0
242.597 578 0
242.597 263 0
242.68 796 0
242.68 99 0
242.763 414 0
242.791 248 0
242.819 292 0
242.847 580 0
242.874 586 0
242.902 186 0
242.93 735 0
242.958 327 0
242.985 21 0
243.013 326 0
243.041 770 0
243.069 594 0
243.097 50 0
243.097 17 0
243.18 39 0
243.263 443 0
243.263 583 0
243.347 323 0
243.43 467 0
243.43 302 0
243.513 526 0
243.597 740 0
243.597 831 0
243.68 202 0
243.763 864 0
243.763 401 0
243.847 538 0
243.93 466 0
243.93 49 0
244.013 877 0
244.097 40 0
244.097 626 0
244.097 512 0
244.18 210 0
244.263 436 0
244.263 59 0
244.347 399 0
244.43 263 0
244.43 350 0
244.43 702 0
244.513 717 0
244.597 406 0
244.597 104 0
244.68 35 0
244.763 728 0
244.763 452 0
244.847 300 0
244.93 667 0
244.93 95 0
244.93 535 0
245.013 274 0
245.097 318 0
245.097 722 0
245.18 776 0
245.263 60 0
245.263 617 0
245.347 497 0
245.43 406 0
245.43 364 0
245.43 614 0
245.513 705 0
245.597 134 0
245.597 417 0
245.597 439 0
245.68 759 0
245.68 477 0
245.763 548 0
245.763 852 0
245.763 572 0
245.847 38 0
245.93 173 0
245.93 317 0
245.93 170 0
246.013 209 0
246.097 769 0
246.097 608 0
246.097 563 0
246.18 467 0
246.263 348 0
246.263 384 0
246.263 696 0
246.347 334 0
246.43 550 0
246.43 543 0
246.43 108 0
246.513 479 0
246.597 30 0
246.597 295 0
246.597 874 0
246.68 796 0
246.763 609 0
246.763 432 0
246.847 143 0
246.93 356 0
246.93 701 0
246.93 732 0
247.013 123 0
247.097 463 0.166
247.097 714 0.166
247.097 899 0
247.097 453 0
247.347 763 0
247.347 509 0
247.43 296 0
247.43 382 0
247.472 459 0
247.472 712 0
247.513 522 0
247.513 702 0
247.555 5 0
247.555 224 0
247.597 153 0
247.597 145 0
247.763 810 0
247.763 887 0
247.847 504 0
247.847 849 0
247.93 858 0
247.93 167 0
248.013 258 0
248.013 161 0
248.097 752 0
248.124 99 0
248.152 100 0
248.18 559 0
248.208 202 0
248.235 216 0
248.263 537 0
248.291 779 0
248.319 5 0
248.347 310 0
248.374 330 0
248.402 741 0
248.43 876 0
248.43 296 0
248.513 583 0
248.597 849 0
248.597 789 0
248.68 276 0
248.763 490 0
248.763 823 0
248.847 497 0
248.93 754 0
248.93 356 0
249.013 829 0
249.097 263 0
249.097 48 0
249.18 223 0
249.263 351 0
249.263 563 0
249.347 148 0
249.43 130 0
249.43 558 0
249.43 497 0
249.513 246 0
249.597 638 0
249.597 361 0
249.597 183 0
249.68 575 0
249.763 382 0
249.763 473 0
249.763 177 0
249.847 429 0
249.93 707 0
249.93 687 0
250.013 780 0
250.097 832 0
250.097 185 0
250.18 834 0
250.263 719 0
250.263 188 0
250.347 327 0
250.43 501 0
250.43 354 0
250.513 644 0
250.597 262 0
250.597 654 0
250.68 730 0
250.763 697 0
250.763 658 0
250.763 744 0
250.847 288 0
250.93 232 0
250.93 518 0
251.013 197 0
251.013 334 0
251.097 341 0
251.097 603 0
251.097 484 0
251.18 280 0
251.263 226 0
251.263 512 0
251.347 138 0
251.43 829 0
251.43 694 0
251.513 613 0
251.597 603 0
251.597 697 0
251.597 631 0
251.68 630 0
251.763 43 0
251.763 271 0
251.847 726 0
251.93 642 0
251.93 631 0
252.013 666 0
252.097 652 0
252.097 176 0
252.097 159 0
252.18 729 0
252.263 412 0
252.263 393 0
252.347 354 0
252.43 148 0
252.43 794 0
252.513 54 0
252.597 118 0
252.597 537 0
252.68 778 0
252.763 641 0
252.763 621 0
252.847 508 0
252.93 513 0
252.93 344 0
253.013 518 0
253.097 87 0
253.097 858 0
253.18 793 0
253.18 79 0
253.263 112 0
253.263 611 0
253.347 492 0
253.347 644 0
253.43 203 0
253.458 587 0
253.485 133 0
253.513 537 0
253.541 363 0
253.569 378 0
253.597 62 0
253.624 828 0
253.652 60 0
253.68 697 0
253.708 54 0
253.735 766 0
253.763 756 0
253.763 604 0
253.847 528 0
253.93 745 0
253.93 643 0
254.013 263 0
254.097 762 0
254.097 815 0
254.18 741 0
254.263 348 0
254.263 434 0
254.347 508 0
254.43 793 0
254.43 118 0
254.513 739 0
254.597 892 0
254.597 260 0
254.68 98 0
254.763 667 0
254.763 394 0
254.763 363 0
254.847 762 0
254.93 23 0
254.93 660 0
254.93 9 0
255.013 107 0
255.097 574 0
255.097 674 0
255.097 10 0
255.18 518 0
255.263 273 0
255.263 84 0
255.347 449 0
255.43 344 0
255.43 633 0
255.513 423 0
255.597 116 0
255.597 629 0
255.68 685 0
255.763 62 0
255.763 9 0
255.847 708 0
255.93 386 0
255.93 237 0
256.013 751 0
256.097 379 0
256.097 674 0
256.097 24 0
256.18 640 0
256.263 228 0
256.263 630 0
256.263 836 0
256.347 463 0
256.347 603 0
256.43 609 0
256.43 609 0
256.43 316 0
256.513 216 0
256.597 322 0
256.597 697 0
256.68 200 0
256.763 663 0
256.763 380 0
256.847 793 0
256.93 894 0
256.93 267 0
256.93 512 0
257.013 620 0
257.097 37 0
257.097 459 0
257.18 571 0
257.263 137 0
257.263 311 0
257.347 832 0
257.43 442 0
257.43 382 0
257.513 658 0
257.597 806 0
257.597 554 0
257.68 635 0
257.763 180 0
257.763 487 0
257.847 795 0
257.93 391 0
257.93 407 0
257.972 634 0
257.972 589 0
258.013 385 0
258.013 224 0
258.097 889 0
258.097 469 0
258.18 569 0
258.263 53 0
258.263 153 0
258.347 87 0
258.43 304 0
258.43 407 0
258.472 560 0
258.472 594 0
258.513 282 0
258.513 567 0
258.555 39 0
258.555 626 0
258.597 385 0
258.597 194 0
258.68 243 0
258.68 311 0
258.763 214 0
258.763 483 0
258.847 214 0
258.93 105 0
258.958 553 0
258.985 826 0
259.013 888 0
259.041 530 0
259.069 201 0
259.097 499 0
259.097 748 0
259.18 516 0
259.263 475 0
259.263 531 0
259.347 680 0
259.43 193 0
259.43 638 0
259.513 564 0
259.597 815 0
259.597 534 0
259.68 216 0
259.763 486 0
259.763 101 0
259.847 304 0
259.93 853 0
259.93 320 0
260.013 377 0
260.097 326 0
260.097 21 0
260.18 394 0
260.263 139 0
260.263 35 0
260.347 595 0
260.43 275 0
260.43 600 0
260.43 781 0
260.513 239 0
260.597 254 0
260.597 80 0
260.597 203 0
260.68 707 0
260.763 443 0
260.763 24 0
260.763 543 0
260.847 234 0
260.93 118 0
260.93 58 0
260.93 569 0
261.013 696 0
261.097 538 0
261.097 110 0
261.097 437 0
261.18 833 0
261.263 196 0
261.263 287 0
261.347 43 0
261.347 573 0
261.43 599 0
261.43 247 0
261.513 720 0
261.597 662 0
261.597 49 0
261.597 74 0
261.68 201 0
261.68 339 0
261.763 279 0
261.763 273 0
261.847 208 0
261.93 420 0
261.93 692 0
262.013 140 0
262.097 6 0
262.097 364 0
262.18 513 0
262.263 453 0
262.263 674 0
262.347 15 0
262.43 6 0
262.43 350 0
262.513 73 0
262.597 126 0
262.597 291 0
262.68 350 0
262.763 545 0
262.763 246 0
262.847 241 0
262.93 635 0
262.93 622 0
263.013 239 0
263.097 801 0
263.097 27 0
263.18 493 0
263.263 728 0
263.263 63 0
263.305 24 0
263.305 415 0
263.347 685 0
263.347 621 0
263.43 559 0
263.43 303 0
263.597 782 0
263.597 9 0
263.68 856 0
263.68 186 0
263.763 816 0
263.763 880 0
263.805 473 0
263.805 430 0
263.847 162 0
263.847 138 0
263.888 117 0
263.888 263 0
263.93 71 0
263.93 49 0
264.013 412 0
264.013 398 0
264.097 857 0
264.124 324 0
264.152 837 0
264.18 576 0
264.208 83 0
264.235 678 0
264.319 185 0
264.347 252 0
264.374 770 0
264.402 859 0
264.43 184 0
264.43 412 0
264.513 596 0
264.597 889 0
264.597 602 0
264.68 411 0
264.763 81 0
264.763 427 0
264.847 568 0
264.93 14 0
264.93 137 0
265.013 21 0
265.097 465 0
265.097 54 0
265.18 317 0
265.263 790 0
265.263 690 0
265.347 157 0
265.43 606 0
265.43 560 0
265.43 777 0
265.513 72 0
265.597 151 0
265.597 168 0
265.68 485 0
265.763 77 0
265.763 690 0
265.763 258 0
265.847 69 0
265.93 309 0
265.93 734 0
266.013 667 0
266.097 747 0
266.097 820 0
266.18 525 0
266.263 529 0
266.263 666 0
266.263 778 0
266.347 428 0
266.43 542 0
266.43 58 0
266.513 282 0
266.597 74 0
266.597 759 0
266.68 327 0
266.763 455 0
266.763 596 0
266.763 755 0
266.847 170 0
266.93 777 0
266.93 100 0
266.93 80 0
267.013 212 0
267.013 269 0
267.097 530 0
267.097 561 0
267.097 611 0
267.18 190 0
267.263 564 0
267.263 758 0
267.263 668 0
267.347 590 0
267.43 493 0
267.43 873 0
267.43 320 0
267.513 439 0
267.597 129 0
267.597 702 0
267.597 777 0
267.68 153 0
267.763 658 0
267.763 474 0
267.763 269 0
267.847 87 0
267.93 833 0
267.93 300 0
267.93 643 0
268.013 815 0
268.097 644 0
268.097 234 0
268.18 795 0
268.263 685 0
268.263 639 0
268.263 242 0
268.347 450 0
268.43 768 0
268.43 282 0
268.43 594 0.167
268.43 53 0.167
268.597 475 0
268.68 451 0
268.68 820 0
268.763 192 0
268.763 129 0
268.805 795 0
268.805 660 0
268.847 559 0
268.847 225 0
268.888 555 0
268.888 460 0
268.93 79 0
268.93 358 0
269.097 323 0
269.097 649 0
269.18 338 0
269.18 348 0
269.263 287 0
269.263 751 0
269.347 889 0
269.347 185 0
269.43 356 0
269.458 349 0
269.485 313 0
269.513 23 0
269.541 896 0
269.569 38 0
269.597 275 0
269.624 794 0
269.652 498 0
269.68 29 0
269.708 69 0
269.735 725 0
269.763 896 0
269.763 283 0
269.847 53 0
269.93 854 0
269.93 206 0
270.013 193 0
270.097 69 0
270.097 435 0
270.18 426 0
270.263 808 0
270.263 64 0
270.347 365 0
270.43 697 0
270.43 628 0
270.513 168 0
270.597 380 0
270.597 528 0
270.68 13 0
270.763 329 0
270.763 614 0
270.763 47 0
270.847 376 0
270.93 836 0
270.93 895 0
270.93 266 0
271.013 632 0
271.097 689 0
271.097 408 0
271.097 176 0
271.18 543 0
271.263 320 0
271.263 542 0
271.347 502 0
271.43 52 0
271.43 237 0
271.513 281 0
271.597 588 0
271.597 758 0
271.68 820 0
271.763 619 0
271.763 550 0
271.847 281 0
271.93 756 0
271.93 804 0
272.013 308 0
272.097 413 0
272.097 648 0
272.097 464 0
272.18 859 0
272.263 82 0
272.263 253 0
272.347 786 0
272.347 266 0
272.43 266 0
272.472 332 0
272.513 882 0
272.555 637 0
272.597 697 0
272.638 243 0
272.68 425 0
272.722 291 0
272.763 335 0
272.805 541 0
272.847 713 0
272.888 318 0
272.93 661 0
272.972 138 0
273.013 498 0
273.055 409 0
273.097 101 0
273.138 420 0
273.18 888 0
273.222 68 0
273.263 300 0
273.305 189 0
273.347 377 0
273.388 19 0
273.43 66 0
273.472 76 0
273.513 579 0
273.555 52 0
273.597 514 0
273.638 269 0
273.68 414 0
273.722 700 0
273.763 369 0
273.805 185 0
273.847 773 0
273.888 532 0
273.93 42 0
273.972 843 0
274.013 284 0
274.055 659 0
274.097 557 0
274.138 491 0
274.18 601 0
274.222 338 0
274.263 294 0
274.305 693 0
274.347 320 0
274.388 639 0
274.43 857 0
274.458 14 0
274.485 602 0
274.513 408 0
274.541 347 0
274.569 546 0
274.597 124 0
274.624 501 0
274.652 582 0
274.68 266 0
274.708 91 0
274.735 702 0
274.763 189 0
274.791 307 0
274.819 119 0
274.847 888 0
274.874 388 0
274.902 788 0
274.93 367 0
274.958 615 0
274.985 424 0
275.013 863 0
275.041 249 0
275.069 415 0
275.097 307 0
275.097 274 0
275.18 666 0
275.18 355 0
275.263 196 0
275.263 636 0
275.347 140 0
275.347 281 0
275.43 898 0
275.43 153 0
275.513 618 0
275.513 706 0
275.597 449 0
275.597 243 0
275.68 539 0
275.68 376 0
275.763 670 0
275.763 126 0
275.847 828 0
275.847 150 0
275.93 270 0
275.93 836 0
276.013 709 0
276.013 668 0
276.097 173 0
276.097 799 0
276.18 673 0
276.18 782 0
276.263 475 0
276.263 326 0
276.347 525 0
276.347 1 0
276.388 258 0
276.388 375 0
276.43 32 0
276.43 309 0
276.513 196 0
276.513 840 0
276.597 803 0
276.597 170 0
276.68 318 0
276.68 59 0
276.763 307 0
276.763 264 0
276.847 674 0
276.847 123 0
276.93 154 0
276.93 206 0
277.013 629 0
277.013 114 0
277.097 556 0
277.097 240 0
277.18 267 0
277.18 892 0
277.263 62 0
277.263 55 0
277.347 874 0
277.347 836 0
277.43 603 0
277.43 245 0
277.513 334 0
277.513 601 0
277.597 73 0
277.597 176 0
277.638 602 0
277.638 244 0
277.68 142 0
277.68 453 0
277.722 122 0
277.722 593 0
277.763 606 0
277.763 767 0
277.847 426 0
277.847 240 0
277.93 469 0
277.93 600 0
278.013 446 0
278.013 9 0
278.097 323 0
278.097 153 0
278.18 467 0
278.18 847 0
278.263 382 0
278.263 209 0
278.347 547 0
278.347 565 0
278.43 321 0
278.43 898 0
278.513 274 0
278.513 611 0
278.597 131 0
278.597 292 0
278.68 30 0
278.68 178 0
278.763 208 0
278.763 106 0
278.847 431 0
278.847 541 0
278.93 536 0
278.93 260 0
279.013 771 0
279.013 229 0
279.055 224 0
279.055 653 0
279.097 235 0
279.097 494 0
279.18 16 0
279.18 518 0
279.222 275 0
279.222 787 0
279.263 339 0
279.263 365 0
279.347 743 0
279.347 275 0
279.43 541 0
279.43 836 0
279.472 567 0
279.472 377 0
279.513 192 0
279.513 696 0
279.555 482 0
279.555 454 0
279.597 433 0
279.597 601 0
279.68 521 0
279.68 184 0
279.763 444 0
279.763 554 0
279.847 422 0
279.847 793 0
279.888 555 0
279.888 439 0
279.93 454 0
279.93 423 0
280.013 348 0
280.013 227 0
280.097 390 0
280.124 832 0
280.152 275 0
280.18 398 0
280.208 581 0
280.235 189 0
280.263 516 0
280.291 72 0
280.319 504 0
280.347 92 0
280.374 831 0
280.402 610 0
280.43 575 0
280.43 58 0
280.513 278 0
280.513 888 0
280.597 555 0
280.597 75 0
280.68 539 0
280.68 675 0
280.763 122 0
280.763 455 0
280.847 253 0
280.847 744 0
280.93 463 0
280.93 767 0
281.013 379 0
281.013 33 0
281.097 349 0
281.097 869 0
281.18 130 0
281.18 543 0
281.263 679 0
281.263 405 0
281.347 313 0
281.347 95 0
281.43 271 0
281.43 368 0
281.513 770 0
281.513 686 0
281.597 763 0
281.597 260 0
281.68 59 0
281.68 244 0
281.722 113 0
281.722 734 0
281.763 696 0
281.763 379 0
281.847 461 0
281.847 94 0
281.93 631 0
281.93 809 0
282.013 409 0
282.013 378 0
282.097 845 0
282.097 14 0
282.18 331 0
282.18 864 0
282.263 548 0
282.263 653 0
282.347 887 0
282.347 565 0
282.43 554 0
282.43 207 0
282.513 0 0
282.513 828 0
282.597 741 0
282.597 731 0
282.68 188 0
282.68 269 0
282.763 12 0
282.763 668 0
282.847 83 0
282.847 814 0
282.93 204 0
282.93 447 0
282.972 291 0
282.972 70 0
283.013 617 0
283.013 762 0
283.055 296 0
283.055 896 0
283.097 788 0
283.097 89 0
283.18 460 0
283.18 675 0
283.263 542 0
283.263 900 0
283.347 548 0
283.347 133 0
283.43 587 0
283.43 855 0
283.513 641 0
283.513 132 0
283.597 302 0
283.597 535 0
283.68 560 0
283.68 659 0
283.763 0 0
283.763 162 0
283.847 886 0
283.847 40 0
283.93 663 0
283.93 559 0
284.013 72 0
284.013 771 0
284.097 406 0
284.097 468 0
284.18 80 0
284.18 457 0
284.263 191 0
284.263 26 0
284.347 276 0
284.347 592 0
284.388 200 0
284.388 866 0
284.43 199 0
284.458 635 0
284.485 849 0
284.513 322 0
284.597 677 0
284.597 37 0
284.68 423 0
284.708 516 0
284.735 835 0
284.763 466 0
284.847 576 0
284.847 566 0
284.93 189 0
284.951 390 0
284.972 628 0
284.992 614 0
285.013 871 0
285.034 30 0
285.055 558 0
285.076 394 0
285.097 271 0
285.097 554 0
285.18 352 0
285.18 528 0
285.263 368 0
285.263 265 0
285.347 21 0
285.347 413 0
285.43 409 0
285.458 102 0
285.485 498 0
285.513 192 0
285.541 794 0
285.569 597 0
285.597 875 0
285.624 552 0
285.652 57 0
285.68 609 0
285.708 305 0
285.735 542 0
285.763 206 0
285.763 48 0
285.847 242 0
285.847 440 0
285.93 181 0
285.93 468 0
286.013 91 0
286.013 263 0
286.097 243 0
286.097 207 0
286.18 572 0
286.18 256 0
286.263 110 0
286.263 49 0
286.347 566 0
286.347 628 0
286.43 428 0
286.43 859 0
286.513 255 0
286.513 512 0
286.597 764 0
286.597 98 0
286.68 733 0
286.68 194 0
286.763 347 0
286.763 454 0
286.847 45 0
286.847 117 0
286.93 106 0
286.93 53 0
287.013 591 0
287.013 508 0
287.055 103 0
287.055 626 0
287.097 191 0
287.097 426 0
287.18 34 0
287.18 345 0
287.263 490 0
287.263 74 0
287.347 2 0
287.347 89 0
287.43 775 0
287.43 757 0
287.513 348 0
287.513 580 0
287.597 544 0
287.597 729 0
287.68 801 0
287.68 191 0
287.763 128 0
287.763 407 0
287.847 108 0
287.847 733 0
287.93 258 0
287.93 34 0
288.013 429 0
288.013 145 0
288.097 847 0
288.097 477 0
288.18 499 0
288.18 277 0
288.263 203 0
288.263 696 0
288.305 671 0
288.305 496 0
288.347 94 0
288.347 710 0
288.388 318 0
288.388 724 0
288.43 10 0
288.43 669 0
288.513 824 0
288.513 326 0
288.597 404 0
288.597 318 0
288.68 383 0
288.68 637 0
288.763 80 0
288.763 155 0
288.847 824 0
288.847 129 0
288.93 166 0
288.93 321 0
289.013 873 0
289.013 665 0
289.097 883 0
289.097 395 0
289.18 482 0
289.18 588 0
289.263 706 0
289.263 278 0
289.347 859 0
289.347 520 0
289.43 886 0
289.43 676 0
289.513 490 0
289.513 209 0
289.597 719 0
289.597 499 0
289.68 143 0
289.68 668 0
289.722 710 0
289.722 258 0
289.763 427 0
289.763 496 0
289.847 705 0
289.847 101 0
289.888 374 0
289.888 747 0
289.93 90 0
289.93 606 0
290.013 487 0
290.013 230 0
290.097 391 0
290.097 490 0
290.138 387 0
290.138 389 0
290.18 686 0
290.18 367 0
290.222 710 0
290.222 790 0
290.263 489 0
290.263 770 0
290.347 297 0
290.347 524 0
290.43 787 0
290.43 768 0
290.513 891 0
290.513 229 0
290.555 147 0
290.555 253 0
290.597 649 0
290.597 637 0
290.68 513 0
290.68 299 0
290.763 697 0
290.791 160 0
290.819 120 0
290.847 213 0
290.874 777 0
290.902 802 0
290.93 577 0
290.958 303 0
290.985 738 0
291.013 331 0
291.041 511 0
291.069 407 0
291.097 73 0
291.097 754 0
291.18 410 0
291.18 190 0
291.263 654 0
291.263 272 0
291.347 687 0
291.347 884 0
291.43 138 0
291.43 649 0
291.513 148 0
291.513 174 0
291.597 601 0
291.597 172 0
291.68 172 0
291.68 835 0
291.763 747 0
291.763 377 0
291.847 206 0
291.847 147 0
291.93 305 0
291.93 531 0
292.013 59 0
292.013 179 0
292.097 484 0
292.097 561 0
292.18 43 0
292.18 562 0
292.263 301 0
292.263 74 0
292.347 268 0
292.347 379 0
292.388 585 0
292.388 398 0
292.43 715 0
292.43 745 0
292.513 754 0
292.513 884 0
292.597 861 0
292.597 50 0
292.68 651 0
292.68 530 0
292.763 886 0
292.763 741 0
292.847 824 0
292.847 215 0
292.93 764 0
292.93 469 0
293.013 326 0
293.013 875 0
293.097 49 0
293.097 417 0
293.18 61 0
293.18 565 0
293.263 741 0
293.263 235 0
293.347 863 0
293.347 275 0
293.43 737 0
293.43 691 0
293.513 532 0
293.513 850 0
293.597 257 0
293.597 513 0
293.638 822 0
293.638 499 0
293.68 734 0
293.68 252 0
293.722 886 0
293.722 275 0
293.763 404 0
293.805 330 0
293.847 485 0
293.888 429 0
293.93 188 0
293.972 747 0
294.013 790 0
294.055 494 0
294.097 316 0
294.138 296 0
294.18 693 0
294.222 871 0
294.263 421 0
294.305 153 0
294.347 519 0
294.388 690 0
294.43 640 0
294.472 254 0
294.513 719 0
294.555 698 0
294.597 331 0
294.638 189 0
294.68 720 0
294.722 517 0
294.763 494 0
294.805 558 0
294.847 608 0
294.888 685 0
294.93 804 0
294.972 110 0
295.013 275 0
295.055 124 0
295.097 570 0
295.138 558 0
295.18 731 0
295.222 194 0
295.263 228 0
295.305 299 0
295.347 748 0
295.388 330 0
295.43 599 0
295.472 184 0
295.513 56 0
295.555 88 0
295.597 802 0
295.638 422 0
295.68 740 0
295.722 792 0
295.763 66 0
295.791 471 0
295.819 665 0
295.847 349 0
295.874 446 0
295.902 470 0
295.93 72 0
295.958 266 0
295.985 303 0
296.013 222 0
296.041 403 0
296.069 552 0
296.097 583 0
296.124 404 0
296.152 686 0
296.18 306 0
296.208 504 0
296.235 591 0
296.263 131 0
296.291 151 0
296.319 210 0
296.347 199 0
296.374 716 0
296.402 821 0
296.43 748 0.387
296.43 532 0.387
297.204 557 0
297.204 174 0
297.591 188 0
297.784 34 0
297.978 466 0
298.365 376 0
298.752 851 0
299.139 205 0
299.139 119 0
299.187 201 0
299.236 11 0
299.284 228 0
299.333 188 0
299.333 601 0
299.381 768 0
299.429 175 0
299.478 137 0
299.526 856 0
299.526 743 0
299.913 274 0
299.913 766 0
300.107 591 0
300.107 818 0
300.3 172 0
300.3 475 0
300.687 436 0
300.687 407 0
301.462 180 0
301.462 636 0
301.849 523 0
301.849 14 0
302.236 40 0
302.236 848 0
302.429 835 0
302.623 347 0
303.01 266 0
303.397 381 0
303.591 252 0
303.784 721 0
303.784 593 0
303.833 426 0
303.881 719 0
303.929 369 0
303.978 553 0
304.026 820 0
304.074 47 0
304.123 766 0
304.171 377 0
304.171 25 0
304.365 712 0
304.558 648 0
304.752 144 0
304.945 744 0
305.139 20 0
305.333 473 0
305.526 693 0
305.72 198 0
305.72 569 0
306.107 404 0
306.107 609 0
306.397 337 0
306.397 710 0
307.462 413 0
308.042 292 0
308.429 375 0
308.429 637 0
308.816 665 0
309.204 313 0
309.542 59 0.097
309.591 845 0.048
309.784 603 0
309.978 488 0
309.978 836 0
310.026 888 0
310.074 283 0
310.123 598 0
310.171 125 0
310.22 118 0
310.268 99 0
310.316 583 0
310.365 669 0
310.365 291 0
310.607 834 0
310.752 316 0
310.8 169 0
310.945 318 0
311.526 471 0
311.526 83 0
311.72 190 0
311.913 214 0
311.913 700 0
312.107 54 0
312.3 725 0
312.494 165 0
312.687 392 0
312.881 842 0
312.881 539 0
313.074 418 0
313.099 169 0
313.268 574 0
313.655 413 0
313.849 647 0
313.849 15 0
314.042 685 0
314.236 617 0
314.429 559 0
314.623 543 0
314.623 510 0
314.816 790 0
315.01 203 0
315.204 682 0
315.3 884 1.065
315.397 839 0
315.784 746 0
315.978 832 0
316.171 281 0
316.171 704 0
316.365 157 0
316.558 599 0
316.752 393 0
316.945 714 0
316.994 618 0
317.042 706 0
317.091 361 0
317.139 72 0
317.187 139 0
317.236 50 0
317.284 63 0
317.333 684 0
317.72 513 0
318.107 419 0
318.494 526 0
318.687 895 0
318.881 33 0
319.074 669 0
319.268 729 0
321.204 266 0
321.204 888 0.088
321.292 2 0
321.38 546 0
321.38 424 0.088
321.468 531 0
321.556 845 0
321.556 583 0
321.556 209 0.089
321.645 107 0
321.733 77 0
321.733 730 0.088
321.821 842 0
321.909 851 0
321.909 239 0.089
321.998 323 0
322.086 281 0
322.086 711 0.176
322.174 727 0
322.262 81 0
322.262 759 0
322.351 41 0
322.439 75 0
322.439 54 0.265
322.527 379 0
322.615 419 0
322.704 167 0
322.792 537 0
322.792 453 0.088
322.88 535 0
322.968 560 0
322.968 845 0
322.968 897 0.088
323.056 16 0
323.145 318 0
323.145 718 0.088
323.233 84 0
323.321 597 0
323.321 23 0.088
323.409 614 0
323.498 539 0
323.498 726 0.176
323.586 0 0
323.674 21 0
323.674 784 0
323.762 58 0
323.851 481 0
323.851 171 0.088
323.939 430 0
324.027 884 0.088
324.027 404 0
324.115 581 0
324.204 611 0.088
324.204 207 0
324.292 282 0
324.38 566 0
324.38 112 0
324.38 765 0.088
324.468 125 0
324.556 58 0
324.556 652 0.089
324.645 884 0
324.733 501 0.088
324.733 720 0
324.821 497 0
324.909 5 0
324.909 895 0.177
324.998 429 0
325.086 634 0
325.086 459 0
325.174 166 0
325.262 120 0
325.262 589 0.883
325.439 307 0
325.439 639 0
325.615 240 0
325.792 302 0
325.792 168 0
325.792 511 0
325.968 749 0
326.321 631 0
326.321 124 0
326.498 194 0
326.498 428 0
326.498 532 0.176
326.674 9 0
326.674 778 0
326.851 111 0.088
326.851 406 0
326.939 685 0
327.027 238 0
327.027 85 0.088
327.115 367 0
327.204 173 0
327.204 656 0.088
327.204 640 0
327.292 86 0
327.38 110 0
327.38 764 0.088
327.468 242 0
327.556 652 0
327.556 559 0.089
327.645 754 0
327.733 473 0.176
327.733 44 0
327.821 595 0
327.909 391 0
327.909 679 0
327.998 213 0
328.086 254 0
328.086 364 0.265
328.174 370 0
328.262 639 0
328.351 882 0
328.439 480 0.088
328.439 100 0
328.527 486 0
328.615 249 0
328.615 188 0
328.615 453 0.089
328.704 524 0
328.792 561 0.088
328.792 497 0
328.88 531 0
328.968 65 0.088
328.968 43 0
329.056 477 0
329.145 65 0
329.145 644 0.176
329.233 823 0
329.321 279 0
329.321 532 0
329.409 758 0
329.498 469 0
329.498 335 0.353
329.586 857 0
329.674 53 0
329.851 634 0
329.851 169 0.176
330.027 38 0
330.027 66 0
330.027 795 0.177
330.204 304 0
330.204 897 0.176
330.38 384 0
330.38 512 0.176
330.468 345 0
330.556 701 0
330.645 37 0
330.645 297 0.176
330.733 345 0
330.733 573 0
330.909 525 0
330.909 686 0.795
331.086 595 0
331.086 379 0
331.262 401 0
331.439 687 0
331.439 174 0
331.439 769 0
331.615 886 0
331.615 826 0
331.704 357 0
331.792 409 0
331.88 209 0
331.968 800 0
332.056 381 0
332.145 327 0
332.145 276 0
332.145 730 0.176
332.321 400 0
332.321 128 0
332.321 584 0.177
332.498 142 0.085
332.498 313 0
332.583 648 0
332.669 588 0
332.669 648 0.086
332.755 373 0
332.84 413 0
332.84 826 0
332.84 389 0.086
332.926 674 0
333.012 535 0
333.012 316 0.086
333.098 31 0
333.183 310 0
333.183 277 0.086
333.269 643 0
333.355 30 0
333.355 192 0.171
333.44 177 0
333.526 288 0
333.526 240 0
333.612 557 0
333.698 127 0
333.698 79 0.257
333.783 245 0
333.869 171 0
333.955 307 0
334.04 74 0
334.04 769 0.086
334.126 267 0
334.212 407 0
334.212 37 0
334.212 554 0.086
334.298 190 0
334.383 671 0
334.383 730 0.086
334.469 209 0
334.555 686 0
334.555 1 0.085
334.64 42 0
334.726 687 0
334.726 157 0.172
334.812 585 0
334.898 332 0
334.898 137 0
334.983 376 0
335.069 244 0
335.069 558 0.171
335.155 585 0
335.24 8 0
335.24 155 0
335.24 319 0.172
335.412 529 0
335.412 150 0.171
335.583 319 0
335.583 601 0
335.583 334 0.172
335.755 681 0
335.755 82 0.171
335.926 410 0
335.926 474 0.172
336.098 176 0
336.098 429 0.171
336.269 834 0
336.269 53 0
336.269 705 0.171
336.44 831 0
336.44 545 0.858
336.612 55 0
336.783 45 0
336.955 214 0
336.955 493 0
337.126 525 0
337.469 361 0
337.64 694 0
337.64 376 0
337.64 844 0.172
337.812 320 0.171
337.812 67 0
337.983 607 0.086
337.983 689 0
338.069 563 0
338.155 812 0
338.155 573 0.085
338.24 114 0
338.326 187 0
338.326 441 0
338.326 351 0.086
338.412 443 0
338.498 5 0
338.498 238 0.085
338.583 162 0
338.669 616 0
338.669 890 0.086
338.755 500 0
338.84 71 0
338.84 270 0.172
338.926 516 0
339.012 662 0
339.012 41 0
339.098 701 0
339.183 641 0
339.183 320 0.257
339.269 276 0
339.355 260 0
339.44 37 0
339.526 894 0
339.526 709 0.086
339.612 386 0
339.698 58 0
339.698 474 0
339.698 152 0.085
339.783 729 0
339.869 427 0
339.869 536 0.086
339.955 218 0
340.04 253 0
340.04 676 0.086
340.126 202 0
340.212 67 0
340.212 154 0.171
340.298 454 0
340.383 675 0
340.383 869 0
340.555 335 0.171
340.555 488 0
340.555 175 0
340.555 7 0
340.64 734 0
340.64 70 0
340.726 68 0
340.726 642 0
340.726 682 0.172
340.898 215 0
340.898 684 0.171
341.069 98 0
341.069 709 0
341.069 236 0.171
341.24 702 0
341.24 148 0.172
341.326 491 0
341.412 191 0.171
341.412 818 0
341.412 359 0
341.498 643 0
341.583 481 0
341.583 663 0.172
341.755 637 0
341.755 151 0
341.755 289 0.171
341.926 895 0
341.926 752 0.514
341.926 604 0.514
342.098 478 0
342.098 508 0
342.269 112 0
342.269 346 0
342.44 888 0
342.44 860 0
342.612 691 0
342.612 363 0
342.783 143 0
342.783 195 0
342.869 74 0
342.869 46 0
342.955 546 0
342.955 355 0
343.04 30 0
343.04 242 0
343.126 61 0
343.126 63 0
343.212 221 0
343.212 461 0
343.298 705 0
343.298 598 0
343.383 19 0
343.383 663 0
343.469 434 1.0
343.469 65 0.166
343.469 681 0
343.802 838 0.167
344.135 9 0
344.135 673 0.111
344.246 809 0.111
344.357 659 0.112
344.469 32 0.333
344.469 672 0.166
344.802 484 0.25
344.802 509 0
344.802 386 1.333
345.135 375 0.334
345.302 327 0
345.469 728 0
345.469 589 0
346.135 719 0
346.135 342 0.111
346.135 170 0.667
346.246 137 0.111
346.357 813 0.112
346.469 625 0.166
346.802 679 0
346.802 184 0
346.802 74 0.25
347.052 316 0.25
347.135 381 0.167
347.302 168 0.083
347.302 771 0.167
347.469 578 0
347.469 161 0.083
347.469 805 0.666
347.635 221 0.084
347.719 798 0
347.719 440 0
347.802 868 0.083
347.969 774 0
347.969 604 0
348.135 678 0
348.135 714 0
348.135 723 0.667
348.802 609 0.167
348.802 590 0
348.802 855 0.667
349.135 72 0.167
349.469 582 0.111
349.469 345 0
349.469 724 0
349.58 834 0.111
349.691 865 0.111
349.802 402 0.167
349.802 211 0.333
350.135 826 0.167
350.135 751 0
350.135 384 0.667
350.469 45 0.166
350.635 336 0
350.635 171 0
350.802 720 0
350.802 450 0
350.802 779 0.333
350.969 397 0
350.969 425 0
351.135 893 0.334
351.135 782 0
351.135 817 0
351.219 881 0
351.219 194 0
351.302 830 0
351.302 137 0
351.385 101 0
351.385 485 0
351.469 0 0
351.469 688 0
351.469 823 0.166
351.635 74 0
351.635 254 0.167
351.802 620 0
351.802 727 0
351.802 838 0.167
351.969 31 0
351.969 405 0.166
352.135 614 0
352.135 718 0
352.135 70 0.167
352.302 847 0
352.302 891 0.333
352.469 376 0
352.469 638 0
352.635 758 0
352.635 289 0
352.719 660 0
352.802 896 0
352.802 534 0
352.802 36 0.167
352.969 147 0
352.969 594 0.166
353.135 180 0
353.135 879 0
353.135 580 0.167
353.302 763 0
353.302 472 0.167
353.469 444 0
353.469 848 0
353.469 836 0.166
353.635 615 0
353.635 637 0.334
353.802 239 0
353.802 12 0
353.969 846 0
353.969 809 0
354.052 745 0
354.135 186 0
354.135 653 0
354.135 352 0.167
354.302 331 0
354.302 595 0.167
354.469 17 0
354.469 147 0
354.469 622 0.166
354.635 576 0
354.635 45 0.167
354.802 480 0
354.802 834 0
354.802 55 0.167
354.969 679 0
354.969 836 0.333
355.135 314 0
355.135 323 0
355.302 627 0
355.302 286 0
355.385 197 0
355.469 578 0
355.469 297 0
355.469 447 0.166
355.635 309 0
355.635 646 0.167
355.802 83 0
355.802 565 0
355.802 548 0.167
355.969 54 0
355.969 288 0.166
356.135 842 0
356.135 215 0
356.135 808 0.167
356.302 502 0
356.302 596 0
356.302 91 0.167
356.469 777 0
356.469 807 0
356.552 724 0
356.552 187 0
356.635 23 0
356.635 771 0
356.719 812 0
356.719 514 0
356.802 69 0
356.802 184 0.167
356.802 889 0
356.969 284 0
356.969 150 0.166
357.135 331 0
357.135 50 0
357.135 180 0.167
357.302 565 0
357.302 113 0.167
357.469 845 0
357.469 848 0
357.469 818 0.166
357.635 660 0
357.635 716 0.334
357.802 582 0
357.802 618 0
357.969 869 0
357.969 714 0
358.052 774 0
358.135 458 0
358.135 21 0
358.135 295 0.167
358.302 513 0
358.302 577 0.167
358.469 689 0
358.469 774 0
358.469 352 0.166
358.635 16 0
358.635 750 0.167
358.802 726 0
358.802 428 0
358.802 808 0.167
358.969 896 0.333
358.969 332 0
359.135 834 0
359.135 377 0
359.302 578 0
359.302 689 0
359.385 64 0
359.385 153 0
359.469 440 0
359.469 86 0
359.469 830 0
359.635 146 0
359.635 381 0
359.635 345 0
359.802 514 0
359.802 734 0
359.802 596 0
359.969 364 0
359.969 551 0
359.969 212 0
360.135 232 0
360.135 63 0
360.135 298 0
360.302 897 0
360.302 49 0
360.302 788 0
360.469 49 0
360.469 28 0
360.469 661 0
360.635 67 0
360.635 686 0
360.635 517 0
360.802 339 0
360.802 445 0
360.802 148 0
360.802 700 0
360.969 769 0
360.969 596 0
361.052 78 0
361.052 46 0
361.135 441 0
361.135 37 0
361.219 402 0
361.219 36 0
361.302 211 0
361.302 406 0
361.385 850 0
361.385 513 0
361.469 135 4.666
361.469 497 4.666
361.469 484 0.333
361.469 265 0.25
361.802 821 0.083
361.885 397 0.084
361.969 326 0.083
362.052 483 0.083
362.135 557 4.0
366.135 814 0.666
366.801 150 0.167
366.801 191 0.5
366.968 198 0.167
367.135 57 0.166
367.301 530 0
367.468 157 0
367.468 162 0
367.468 505 0
367.551 628 0
367.635 713 0
367.635 416 0
367.718 652 0
367.801 426 0
367.801 52 0
367.885 73 0
367.968 46 0
367.968 125 0
368.051 433 0
368.135 149 0
368.135 85 0
368.218 657 0
368.301 576 0
368.301 213 0
368.385 177 0
368.468 464 0
368.468 18 0
368.468 718 0
368.551 626 0
368.635 90 0
368.635 595 0
368.635 391 0
368.718 603 0
368.801 450 0
368.801 162 0
368.801 596 0
368.885 674 0
368.968 155 0
368.968 599 0
369.051 891 0
369.135 511 0
369.135 208 0
369.218 512 0
369.301 572 0
369.301 24 0
369.385 806 0
369.468 405 0
369.468 30 0
369.551 80 0
369.635 388 0
369.635 231 0
369.718 565 0
369.801 517 0
369.801 575 0
369.801 747 0
369.885 230 0
369.968 238 0
369.968 821 0
369.968 498 0
370.051 351 0
370.051 44 0
370.135 886 0
370.135 808 0
370.135 209 0
370.218 406 0
370.301 459 0
370.301 564 0
370.385 730 0
370.468 746 0
370.468 38 0
370.551 549 0
370.635 524 0
370.635 437 0
370.635 211 0
370.718 437 0
370.801 862 0
370.801 652 0
370.885 58 0
370.968 280 0
370.968 558 0
371.051 435 0
371.135 330 0
371.135 50 0
371.218 883 0
371.301 460 0
371.301 100 0
371.385 370 0
371.468 882 0
371.468 651 0
371.551 194 0
371.635 76 0
371.635 466 0
371.676 841 0
371.676 14 0
371.718 66 0
371.718 172 0
371.801 641 0
371.801 711 0
371.968 639 0
371.968 408 0
372.135 115 0
372.135 521 0
372.176 793 0
372.176 804 0
372.218 229 0
372.218 267 0
372.26 329 0
372.26 830 0
372.301 75 0
372.301 483 0
372.385 174 0
372.385 570 0
372.468 170 0
372.468 96 0
372.635 637 0
372.662 121 0
372.69 245 0
372.718 554 0
372.746 35 0
372.773 262 0
372.801 460 0
372.801 693 0
372.885 140 0
372.968 298 0
372.968 688 0
373.051 796 0
373.135 846 0
373.135 854 0
373.218 412 0
373.301 339 0
373.301 659 0
373.385 269 0
373.468 155 0
373.468 205 0
373.551 642 0
373.635 331 0
373.635 733 0
373.718 8 0
373.801 466 0
373.801 741 0
373.885 400 0
373.968 842 0
373.968 587 0
374.051 822 0
374.135 873 0
374.135 290 0
374.135 784 0
374.218 165 0
374.301 887 0
374.301 645 0
374.301 213 0
374.385 518 0
374.468 587 0
374.468 449 0
374.468 789 0
374.551 492 0
374.635 209 0
374.635 889 0
374.635 727 0
374.718 51 0
374.801 7 0
374.801 704 0
374.801 257 0
374.885 120 0
374.968 386 0
374.968 626 0
375.051 734 0
375.051 389 0
375.135 559 0
375.135 274 0
375.218 186 0
375.301 619 0
375.301 525 0
375.301 106 0
375.385 845 0
375.385 432 0
375.468 119 0
375.468 0 0
375.551 826 0
375.635 310 0
375.635 640 0
375.718 78 0
375.801 721 0
375.801 796 0
375.885 31 0
375.968 106 0
375.968 246 0
376.051 689 0
376.135 685 0
376.135 878 0
376.218 773 0
376.301 214 0
376.301 674 0
376.385 530 0
376.468 422 0
376.468 332 0
376.551 190 0
376.635 863 0
376.635 2 0
376.718 825 0
376.801 647 0
376.801 197 0
376.885 587 0
376.968 447 0
376.968 746 0
377.01 125 0
377.01 371 0
377.051 91 0
377.051 145 0
377.135 891 0
377.135 387 0
377.301 553 0
377.301 899 0
377.385 326 0
377.385 660 0
377.468 509 0
377.468 320 0
377.51 748 0
377.51 609 0
377.551 843 0
377.551 698 0
377.593 616 0
377.593 314 0
377.635 478 0
377.635 515 0
377.718 60 0
377.718 768 0
377.801 417 0
377.829 201 0
377.857 367 0
377.885 531 0
377.912 511 0
377.94 805 0
377.968 24 0
377.996 708 0
378.023 584 0
378.051 827 0
378.079 694 0
378.107 863 0
378.135 466 0
378.135 328 0
378.218 265 0
378.301 800 0
378.301 36 0
378.385 40 0
378.468 597 0
378.468 782 0
378.551 605 0
378.635 403 0
378.635 689 0
378.718 47 0
378.801 543 0
378.801 290 0
378.885 234 0
378.968 239 0
378.968 100 0
379.051 851 0
379.135 648 0
379.135 885 0
379.135 191 0
379.218 316 0
379.301 276 0
379.301 647 0
379.385 522 0
379.468 729 0
379.468 351 0
379.468 471 0
379.551 369 0
379.635 119 0
379.635 641 0
379.718 135 0
379.801 2 0
379.801 714 0
379.885 899 0
379.968 689 0
379.968 800 0
379.968 881 0
380.051 143 0
380.135 292 0
380.135 393 0
380.218 408 0
380.301 135 0
380.301 808 0
380.385 118 0
380.468 300 0
380.468 574 0
380.468 260 0
380.551 257 0
380.635 374 0
380.635 770 0
380.635 809 0
380.718 590 0
380.718 726 0
380.801 214 0
380.801 16 0
380.801 206 0
380.885 277 0
380.968 65 0
380.968 675 0
380.968 778 0
381.051 471 0
381.135 579 0
381.135 48 0
381.135 513 0
381.218 570 0
381.301 428 0
381.301 608 0
381.301 540 0
381.385 762 0
381.468 162 0
381.468 520 0
381.468 87 0
381.551 691 0
381.635 481 0
381.635 358 0
381.635 770 0
381.718 686 0
381.801 175 0
381.801 137 0
381.885 852 0
381.968 527 0
381.968 432 0
381.968 638 0
382.051 63 0
382.135 568 0
382.135 621 0.166
382.135 393 0.166
382.135 105 0
382.385 318 0
382.385 599 0
382.468 290 0
382.468 793 0
382.51 338 0
382.51 744 0
382.551 683 0
382.551 722 0
382.593 529 0
382.593 92 0
382.635 706 0
382.635 273 0
382.801 759 0
382.801 369 0
382.885 812 0
382.885 447 0
382.968 131 0
382.968 183 0
383.051 86 0
383.051 121 0
383.135 448 0
383.162 94 0
383.19 863 0
383.218 130 0
383.246 73 0
383.273 629 0
383.301 344 0
383.329 243 0
383.357 669 0
383.385 372 0
383.412 255 0
383.44 763 0
383.468 187 0
383.468 106 0
383.551 597 0
383.635 503 0
383.635 298 0
383.718 669 0
383.801 868 0
383.801 111 0
383.885 267 0
383.968 22 0
383.968 333 0
384.051 694 0
384.135 253 0
384.135 486 0
384.218 798 0
384.301 323 0
384.301 482 0
384.385 264 0
384.468 14 0
384.468 232 0
384.468 442 0
384.551 38 0
384.635 231 0
384.635 414 0
384.635 867 0
384.718 379 0
384.801 441 0
384.801 775 0
384.801 452 0
384.885 255 0
384.968 17 0
384.968 401 0
385.051 574 0
385.135 38 0
385.135 2 0
385.218 729 0
385.301 651 0
385.301 286 0
385.385 536 0
385.468 429 0
385.468 398 0
385.551 85 0
385.635 526 0
385.635 485 0
385.718 322 0
385.801 438 0
385.801 231 0
385.801 349 0
385.885 740 0
385.968 898 0
385.968 245 0
386.051 10 0
386.051 664 0
386.135 508 0
386.135 557 0
386.135 373 0
386.218 503 0
386.301 89 0
386.301 619 0
386.385 207 0
386.468 864 0
386.468 75 0
386.551 617 0
386.635 145 0
386.635 9 0
386.635 372 0
386.718 21 0
386.801 528 0
386.801 204 0
386.885 193 0
386.968 185 0
386.968 354 0
387.051 659 0
387.135 111 0
387.135 575 0
387.135 866 0
387.218 108 0
387.301 55 0
387.301 893 0
387.385 375 0
387.468 346 0
387.468 22 0
387.551 25 0
387.635 504 0
387.635 53 0
387.718 4 0
387.801 514 0
387.801 835 0
387.885 300 0
387.968 554 0
387.968 9 0
388.051 202 0
388.135 771 0
388.135 367 0
388.218 778 0
388.218 642 0
388.301 181 0
388.301 286 0
388.385 476 0
388.385 304 0
388.468 422 0
388.496 424 0
388.523 557 0
388.551 713 0
388.579 745 0
388.607 544 0
388.635 339 0
388.662 859 0
388.69 459 0
388.718 331 0
388.746 351 0
388.773 605 0
388.801 545 0
388.801 486 0
388.885 656 0
388.968 870 0
388.968 610 0
389.051 277 0
389.135 263 0
389.135 482 0
389.218 327 0
389.301 283 0
389.301 190 0
389.385 214 0
389.468 419 0
389.468 817 0
389.551 182 0
389.635 716 0
389.635 187 0
389.718 735 0
389.801 782 0
389.801 773 0
389.801 213 0
389.885 589 0
389.968 205 0
389.968 886 0
389.968 209 0
390.051 615 0
390.135 418 0
390.135 403 0
390.135 325 0
390.218 864 0
390.301 772 0
390.301 756 0
390.385 654 0
390.468 27 0
390.468 2 0
390.551 111 0
390.635 255 0
390.635 610 0
390.718 710 0
390.801 712 0
390.801 897 0
390.885 475 0
390.968 630 0
390.968 283 0
391.051 347 0
391.135 892 0
391.135 751 0
391.135 233 0
391.218 28 0
391.301 676 0
391.301 790 0
391.301 791 0
391.385 464 0
391.385 129 0
391.468 519 0
391.468 320 0
391.468 589 0
391.551 121 0
391.635 686 0
391.635 331 0
391.718 527 0
391.801 474 0
391.801 252 0
391.885 179 0
391.968 251 0
391.968 693 0
391.968 82 0
392.051 768 0
392.135 175 0
392.135 648 0
392.218 544 0
392.301 803 0
392.301 269 0
392.385 679 0
392.468 701 0
392.468 822 0
392.551 95 0
392.635 877 0
392.635 295 0
392.718 23 0
392.801 757 0
392.801 562 0
392.885 111 0
392.968 385 0
392.968 204 0
393.01 62 0
393.01 557 0
393.051 563 0
393.051 22 0
393.135 412 0
393.135 331 0
393.301 43 0
393.301 880 0
393.468 822 0
393.468 166 0
393.51 724 0
393.51 584 0
393.551 645 0
393.551 624 0
393.593 560 0
393.593 279 0
393.635 753 0
393.635 283 0
393.718 87 0
393.718 404 0
393.801 657 0
393.801 185 0
393.968 359 0
393.996 140 0
394.023 826 0
394.051 574 0
394.079 596 0
394.107 891 0
394.135 145 0
394.135 340 0
394.218 346 0
394.301 380 0
394.301 685 0
394.385 530 0
394.468 9 0
394.468 846 0
394.551 453 0
394.635 3 0
394.635 12 0
394.718 474 0
394.801 299 0
394.801 872 0
394.885 432 0
394.968 663 0
394.968 24 0
395.051 348 0
395.135 51 0
395.135 468 0
395.218 69 0
395.301 7 0
395.301 632 0
395.385 608 0
395.468 884 0
395.468 840 0
395.468 4 0
395.551 105 0
395.635 490 0
395.635 879 0
395.635 335 0
395.718 833 0
395.801 102 0
395.801 364 0
395.801 504 0
395.885 239 0
395.968 429 0
395.968 769 0
395.968 131 0
396.051 307 0
396.135 165 0
396.135 404 0
396.135 673 0
396.218 418 0
396.301 834 0
396.301 875 0
396.385 80 0
396.385 24 0
396.468 435 0
396.468 38 0
396.551 91 0
396.635 399 0
396.635 122 0
396.635 713 0
396.718 825 0
396.718 472 0
396.801 724 0
396.801 141 0
396.885 630 0
396.968 97 0
396.968 328 0
397.051 383 0
397.135 44 0
397.135 462 0
397.218 288 0
397.301 198 0
397.301 10 0
397.385 631 0
397.468 768 0
397.468 884 0
397.551 53 0
397.635 214 0
397.635 162 0
397.718 508 0
397.801 757 0
397.801 573 0
397.885 815 0
397.968 259 0
397.968 871 0
398.051 86 0
398.135 562 0
398.135 697 0
398.218 302 0
398.301 669 0
398.301 262 0
398.343 803 0
398.343 509 0
398.385 37 0
398.385 266 0
398.468 227 0
398.468 277 0
398.635 318 0
398.635 859 0
398.718 382 0
398.718 449 0
398.801 841 0
398.801 852 0
398.843 790 0
398.843 157 0
398.885 394 0
398.885 286 0
398.926 214 0
398.926 653 0
398.968 76 0
398.968 817 0
399.051 185 0
399.051 417 0
399.135 356 0
399.162 224 0
399.19 503 0
399.218 46 0
399.246 891 0
399.273 736 0
399.301 92 0
399.329 654 0
399.357 494 0
399.385 207 0
399.412 65 0
399.44 366 0
399.468 180 0
399.468 214 0
399.551 320 0
399.635 279 0
399.635 820 0
399.718 131 0
399.801 537 0
399.801 418 0
399.885 532 0
399.968 686 0
399.968 592 0
400.051 173 0
400.135 175 0
400.135 745 0
400.218 497 0
400.301 137 0
400.301 93 0
400.385 59 0
400.468 165 0
400.468 803 0
400.468 718 0
400.551 464 0
400.635 136 0
400.635 690 0
400.718 489 0
400.801 546 0
400.801 185 0
400.801 602 0
400.885 40 0
400.968 632 0
400.968 521 0
401.051 791 0
401.135 150 0
401.135 535 0
401.218 453 0
401.301 783 0
401.301 173 0
401.301 346 0
401.385 117 0
401.468 633 0
401.468 321 0
401.551 682 0
401.635 431 0
401.635 646 0
401.718 656 0
401.801 559 0
401.801 345 0
401.801 81 0
401.885 65 0
401.968 790 0
401.968 594 0
401.968 480 0
402.051 388 0
402.051 316 0
402.135 17 0
402.135 48 0
402.135 692 0
402.218 459 0
402.301 153 0
402.301 104 0
402.301 667 0
402.385 814 0
402.468 44 0
402.468 863 0
402.468 499 0
402.551 10 0
402.635 7 0
402.635 104 0
402.635 383 0
402.718 151 0
402.801 374 0
402.801 780 0
402.801 1 0
402.885 127 0
402.968 115 0
402.968 433 0
402.968 526 0
403.051 314 0
403.135 488 0
403.135 168 0
403.218 103 0
403.301 799 0
403.301 713 0
403.301 716 0
403.385 318 0
403.468 703 0.167
403.468 157 0.167
403.468 348 0
403.468 371 0
403.635 827 0
403.718 892 0
403.718 146 0
403.801 291 0
403.801 269 0
403.843 172 0
403.843 828 0
403.885 311 0
403.885 757 0
403.926 772 0
403.926 380 0
403.968 637 0
403.968 423 0
404.135 604 0
404.135 686 0
404.218 370 0
404.218 697 0
404.301 196 0
404.301 693 0
404.385 455 0
404.385 459 0
404.468 850 0
404.496 309 0
404.523 328 0
404.551 189 0
404.579 268 0
404.607 130 0
404.635 437 0
404.662 727 0
404.69 556 0
404.718 178 0
404.746 572 0
404.773 841 0
404.801 431 0
404.801 556 0
404.885 544 0
404.968 690 0
404.968 112 0
405.051 767 0
405.135 74 0
405.135 666 0
405.218 382 0
405.301 187 0
405.301 40 0
405.385 740 0
405.468 438 0
405.468 836 0
405.551 806 0
405.635 215 0
405.635 144 0
405.718 381 0
405.801 144 0
405.801 701 0
405.801 858 0
405.885 690 0
405.968 455 0
405.968 220 0
405.968 885 0
406.051 596 0
406.135 9 0
406.135 730 0
406.135 521 0
406.218 279 0
406.301 778 0
406.301 796 0
406.385 782 0
406.468 646 0
406.468 839 0
406.551 84 0
406.635 895 0
406.635 810 0
406.718 90 0
406.801 100 0
406.801 807 0
406.885 827 0
406.968 232 0
406.968 76 0
407.051 711 0
407.135 422 0
407.135 710 0
407.135 189 0
407.218 376 0
407.301 87 0
407.301 57 0
407.385 827 0
407.385 393 0
407.468 356 0
407.51 484 0
407.551 492 0
407.593 89 0
407.635 65 0
407.676 828 0
407.718 371 0
407.76 256 0
407.801 696 0
407.843 315 0
407.885 175 0
407.926 823 0
407.968 677 0
408.01 816 0
408.051 169 0
408.093 692 0
408.135 513 0
408.176 16 0
408.218 259 0
408.26 543 0
408.301 227 0
408.343 120 0
408.385 875 0
408.426 188 0
408.468 812 0
408.51 875 0
408.551 110 0
408.593 197 0
408.635 332 0
408.676 821 0
408.718 2 0
408.76 559 0
408.801 412 0
408.843 324 0
408.885 287 0
408.926 447 0
408.968 273 0
409.01 498 0
409.051 178 0
409.093 802 0
409.135 254 0
409.176 743 0
409.218 465 0
409.26 295 0
409.301 294 0
409.343 133 0
409.385 409 0
409.426 847 0
409.468 506 0
409.496 87 0
409.523 489 0
409.551 463 0
409.579 320 0
409.607 149 0
409.635 46 0
409.662 295 0
409.69 76 0
409.718 617 0
409.746 686 0
409.773 350 0
409.801 552 0
409.829 80 0
409.857 152 0
409.885 853 0
409.912 68 0
409.94 542 0
409.968 421 0
409.996 237 0
410.023 761 0
410.051 817 0
410.079 535 0
410.107 128 0
410.134 29 0
410.134 393 0
410.212 47 0
410.212 297 0
410.291 143 0
410.291 790 0
410.37 736 0
410.37 124 0
410.449 581 0
410.449 417 0
410.528 246 0
410.528 110 0
410.607 843 0
410.607 557 0
410.686 595 0
410.686 270 0
410.765 4 0
410.765 416 0
410.844 456 0
410.844 850 0
410.923 151 0
410.923 447 0
411.002 724 0
411.002 296 0
411.081 843 0
411.081 684 0
411.16 823 0
411.16 657 0
411.239 482 0
411.239 170 0
411.318 471 0
411.318 436 0
411.357 690 0
411.357 229 0
411.397 747 0
411.397 559 0
411.476 269 0
411.476 315 0
411.555 588 0
411.555 424 0
411.634 513 0
411.634 98 0
411.712 696 0
411.712 464 0
411.791 876 0
411.791 588 0
411.87 72 0
411.87 771 0
411.949 542 0
411.949 725 0
412.028 279 0
412.028 848 0
412.107 72 0
412.107 727 0
412.186 498 0
412.186 895 0
412.265 765 0
412.265 221 0
412.344 650 0
412.344 860 0
412.423 77 0
412.423 781 0
412.502 639 0
412.502 737 0
412.541 236 0
412.541 615 0
412.581 476 0
412.581 125 0
412.62 759 0
412.62 438 0
412.66 235 0
412.66 606 0
412.739 552 0
412.739 420 0
412.818 227 0
412.818 665 0
412.897 405 0
412.897 845 0
412.976 654 0
412.976 361 0
413.055 554 0
413.055 177 0
413.134 882 0
413.134 156 0
413.212 741 0
413.212 786 0
413.291 869 0
413.291 449 0
413.37 121 0
413.37 542 0
413.449 607 0
413.449 595 0
413.528 619 0
413.528 873 0
413.607 140 0
413.607 619 0
413.686 27 0
413.686 46 0
413.765 17 0
413.765 145 0
413.844 667 0
413.844 14 0
413.884 474 0
413.884 586 0
413.923 682 0
413.923 567 0
414.002 65 0
414.002 153 0
414.041 583 0
414.041 364 0
414.081 354 0
414.081 371 0
414.16 439 0
414.16 529 0
414.239 43 0
414.239 636 0
414.278 164 0
414.278 586 0
414.318 524 0
414.318 263 0
414.357 708 0
414.357 602 0
414.397 643 0
414.397 177 0
414.476 28 0
414.476 707 0
414.555 513 0
414.555 109 0
414.634 651 0
414.634 97 0
414.673 587 0
414.673 138 0
414.712 175 0
414.712 219 0
414.791 290 0
414.791 461 0
414.87 733 0
414.897 785 0
414.923 290 0
414.949 673 0
414.976 369 0
415.002 249 0
415.028 552 0
415.055 534 0
415.081 124 0
415.107 835 0
415.134 114 0
415.16 582 0
415.186 253 0
415.186 42 0
415.265 613 0
415.265 391 0
415.344 573 0
415.344 799 0
415.423 180 0
415.423 724 0
415.502 597 0
415.502 154 0
415.581 11 0
415.581 541 0
415.66 897 0
415.66 705 0
415.739 719 0
415.739 225 0
415.818 160 0
415.818 733 0
415.897 462 0
415.897 886 0
415.976 839 0
415.976 58 0
416.055 448 0
416.055 880 0
416.134 619 0
416.134 618 0
416.212 263 0
416.212 430 0
416.291 768 0
416.291 668 0
416.37 47 0
416.37 529 0
416.41 374 0
416.41 821 0
416.449 16 0
416.449 613 0
416.528 44 0
416.528 535 0
416.607 288 0
416.607 532 0
416.686 102 0
416.686 19 0
416.765 209 0
416.765 61 0
416.844 93 0
416.844 462 0
416.923 895 0
416.923 222 0
417.002 879 0
417.002 760 0
417.081 633 0
417.081 517 0
417.16 811 0
417.16 391 0
417.239 664 0
417.239 554 0
417.318 39 0
417.318 387 0
417.397 841 0
417.397 890 0
417.476 663 0
417.476 654 0
417.555 475 0
417.555 615 0
417.594 329 0
417.594 684 0
417.634 792 0
417.634 170 0
417.673 814 0
417.673 16 0
417.712 887 0
417.712 325 0
417.791 157 0
417.791 431 0
417.87 639 0
417.87 716 0
417.949 449 0
417.949 217 0
418.028 254 0
418.028 142 0
418.107 116 0
418.107 587 0
418.186 579 0
418.186 594 0
418.265 421 0
418.265 290 0
418.344 296 0
418.344 630 0
418.423 404 0
418.423 277 0
418.502 690 0
418.502 730 0
418.581 63 0
418.581 725 0
418.66 733 0
418.66 277 0
418.739 29 0
418.739 131 0
418.818 597 0
418.818 361 0
418.897 678 0
418.897 135 0
418.936 813 0
418.936 367 0
418.976 219 0
419.002 481 0
419.028 52 0
419.055 739 0
419.134 716 0
419.134 376 0
419.212 143 0
419.239 19 0
419.265 623 0
419.291 404 0
419.37 776 0
419.37 755 0
419.449 884 0
419.469 719 0
419.489 880 0
419.509 450 0
419.528 229 0
419.548 403 0
419.568 819 0
419.587 825 0
419.607 239 0
419.607 458 0
419.686 309 0
419.686 863 0
419.765 15 0
419.765 596 0
419.844 294 0
419.844 320 0
419.923 217 0
419.949 559 0
419.976 579 0
420.002 434 0
420.028 385 0
420.055 397 0
420.081 872 0
420.107 51 0
420.14 810 0
420.16 529 0
420.186 129 0
420.212 554 0
420.239 599 0
420.239 263 0
420.318 348 0
420.318 823 0
420.397 825 0
420.397 284 0
420.476 21 0
420.476 557 0
420.555 119 0
420.555 380 0
420.634 564 0
420.634 176 0
420.712 67 0
420.712 150 0
420.791 838 0
420.791 662 0
420.87 761 0
420.87 58 0
420.949 211 0
420.949 736 0
421.028 197 0
421.028 802 0
421.107 641 0
421.107 326 0
421.186 835 0
421.186 718 0
421.265 610 0
421.265 452 0
421.344 513 0
421.344 530 0
421.423 324 0
421.423 896 0
421.462 759 0
421.462 464 0
421.502 595 0
421.502 23 0
421.581 285 0
421.581 557 0
421.66 771 0
421.66 153 0
421.739 762 0
421.739 315 0
421.818 223 0
421.818 703 0
421.897 324 0
421.897 396 0
421.976 281 0
421.976 875 0
422.055 818 0
422.055 1 0
422.134 417 0
422.134 114 0
422.212 583 0
422.212 76 0
422.291 186 0
422.291 846 0
422.37 225 0
422.37 291 0
422.449 355 0
422.449 817 0
422.528 441 0
422.528 23 0
422.607 73 0
422.607 186 0
422.647 807 0
422.647 589 0
422.686 527 0
422.686 373 0
422.726 456 0
422.726 839 0
422.765 307 0
422.765 117 0
422.844 776 0
422.844 261 0
422.923 452 0
422.923 320 0
423.002 881 0
423.002 607 0
423.081 350 0
423.081 50 0
423.16 524 0
423.16 172 0
423.239 563 0
423.239 261 0
423.318 310 0
423.318 38 0
423.397 23 0
423.397 480 0
423.476 653 0
423.476 527 0
423.555 867 0
423.555 234 0
423.634 699 0
423.634 104 0
423.712 88 0
423.712 828 0
423.791 21 0
423.791 186 0
423.87 805 0
423.87 807 0
423.949 22 0
423.949 123 0
423.989 768 0
423.989 158 0
424.028 656 0
424.028 91 0
424.107 673 0
424.107 618 0
424.147 769 0
424.147 838 0
424.186 443 0
424.186 296 0
424.265 642 0
424.265 557 0
424.344 372 0
424.344 811 0
424.384 258 0
424.384 716 0
424.423 764 0
424.423 539 0
424.462 740 0
424.462 159 0
424.502 471 0
424.502 424 0
424.581 199 0
424.581 142 0
424.66 581 0
424.66 875 0
424.739 500 0
424.739 667 0
424.778 809 0
424.778 850 0
424.818 681 0
424.818 590 0
424.897 334 0
424.897 370 0
424.976 371 0
425.002 174 0
425.028 248 0
425.055 245 0
425.081 294 0
425.107 144 0
425.134 29 0
425.16 569 0
425.186 574 0
425.212 439 0
425.239 523 0
425.265 617 0
425.291 279 0
425.291 173 0
425.37 462 0
425.37 533 0
425.449 860 0
425.449 440 0
425.528 137 0
425.528 468 0
425.607 274 0
425.607 23 0
425.686 121 0
425.686 25 0
425.765 194 0
425.765 829 0
425.844 588 0
425.844 39 0
425.923 517 0
425.923 534 0
426.002 837 0
426.002 644 0
426.081 243 0
426.081 532 0
426.16 717 0
426.16 776 0
426.239 336 0
426.239 861 0
426.318 456 0
426.318 419 0
426.397 378 0
426.397 441 0
426.476 617 0
426.476 52 0
426.515 267 0
426.515 835 0
426.555 544 0
426.555 378 0
426.634 669 0
426.634 26 0
426.712 561 0
426.712 58 0
426.791 661 0
426.791 245 0
426.87 516 0
426.87 80 0
426.949 677 0
426.949 10 0
427.028 826 0
427.028 533 0
427.107 748 0
427.107 708 0
427.186 792 0
427.186 63 0
427.265 843 0
427.265 494 0
427.344 595 0
427.344 224 0
427.423 827 0
427.423 365 0
427.502 174 0
427.502 634 0
427.581 754 0
427.581 77 0
427.66 757 0
427.66 662 0
427.699 832 0
427.699 375 0
427.739 207 0
427.739 400 0
427.778 772 0
427.778 61 0
427.818 393 0
427.857 797 0
427.897 688 0
427.936 59 0
427.976 485 0
428.015 677 0
428.055 367 0
428.094 714 0
428.134 576 0
428.173 619 0
428.212 399 0
428.252 141 0
428.291 226 0
428.331 214 0
428.37 809 0
428.41 603 0
428.449 26 0
428.489 317 0
428.528 786 0
428.568 607 0
428.607 155 0
428.647 837 0
428.686 813 0
428.726 236 0
428.765 530 0
428.805 869 0
428.844 64 0
428.884 855 0
428.923 602 0
428.962 442 0
429.002 197 0
429.041 81 0
429.081 424 0
429.12 619 0
429.16 220 0
429.199 670 0
429.239 447 0
429.278 815 0
429.318 781 0
429.357 661 0
429.397 3 0
429.436 24 0
429.476 331 0
429.515 468 0
429.555 900 0
429.594 552 0
429.633 302 0
429.673 126 0
429.712 814 0
429.739 536 0
429.765 721 0
429.791 577 0
429.818 399 0
429.844 686 0
429.87 314 0
429.897 527 0
429.923 841 0
429.949 342 0
429.976 470 0
430.002 900 0
430.028 280 0
430.055 359 0
430.081 704 0
430.107 662 0
430.133 498 0
430.16 736 0
430.186 723 0
430.212 812 0
430.239 313 0
430.265 691 0
430.291 225 0
430.318 325 0
430.344 290 0.474
430.344 306 0.474
430.976 733 0.315
430.976 567 0
431.055 899 0
431.133 112 0
431.212 454 0
431.291 288 0
431.291 96 0.158
431.37 602 0
431.449 403 0
431.449 814 0.158
431.528 310 0
431.607 636 0
431.607 670 0.948
431.686 221 0
431.765 178 0
431.844 738 0
431.923 564 0
432.002 724 0
432.081 139 0
432.16 583 0
432.239 629 0
432.318 727 0
432.397 845 0
432.476 693 0
432.555 7 0
432.555 557 0.157
432.633 800 0
432.712 442 0
432.712 634 0.158
432.791 530 0
432.87 330 0
432.87 524 0.474
432.949 151 0
433.028 63 0
433.107 310 0
433.186 565 0
433.265 404 0
433.344 7 0
433.344 578 1.737
433.423 81 0
433.502 822 0
433.581 159 0
433.66 290 0
433.739 773 0
433.818 378 0
433.897 74 0
433.976 246 0
434.055 472 0
434.133 536 0
434.212 70 0
434.291 356 0
434.37 157 0
434.449 549 0
434.528 833 0
434.607 593 0
434.686 713 0
434.765 463 0
434.844 475 0
434.923 171 0
435.002 113 0
435.081 661 0
435.081 871 0.316
435.16 749 0
435.239 620 0
435.318 518 0
435.397 35 0
435.397 248 1.263
435.476 304 0
435.555 5 0
435.633 273 0
435.712 715 0
435.791 631 0
435.87 499 0
435.949 263 0
436.028 229 0
436.107 59 0
436.186 303 0
436.265 327 0
436.344 108 0
436.423 338 0
436.502 791 0
436.581 461 0
436.66 775 0
436.66 26 0.158
436.739 360 0
436.818 733 0
436.818 649 0.158
436.897 406 0
436.976 46 0
436.976 520 0.157
437.055 664 0
437.133 254 0
437.133 60 0.158
437.212 171 0
437.291 332 0
437.291 488 0.237
437.37 720 0
437.449 738 0
437.528 77 0
437.528 789 0.237
437.607 528 0
437.686 872 0
437.765 120 0
437.765 630 2.368
437.844 807 0
437.923 789 0
438.002 581 0
438.081 77 0
438.16 387 0
438.239 688 0
438.318 892 0
438.397 638 0
438.476 252 0
438.555 554 0
438.633 553 0
438.712 759 0
438.791 714 0
438.87 353 0
438.949 96 0
439.028 2 0
439.107 357 0
439.186 479 0
439.265 83 0
439.344 398 0
439.423 3 0
439.502 511 0
439.581 681 0
439.66 623 0
439.739 891 0
439.818 216 0
439.897 203 0
439.976 412 0
440.055 175 0
440.133 802 0.316
440.133 549 0
440.212 343 0
440.291 707 0
440.37 91 0
440.449 376 0
440.449 139 0.948
440.449 84 0
440.528 306 0
440.607 464 0
440.686 838 0
440.765 403 0
440.844 112 0
440.923 800 0
441.002 558 0
441.081 304 0
441.16 97 0
441.239 265 0
441.318 707 0
441.397 697 0
441.397 591 0.315
441.476 702 0
441.555 219 0
441.633 293 0
441.712 670 0
441.712 824 0.474
441.791 186 0
441.87 827 0
441.949 532 0
442.028 519 0
442.107 856 0
442.186 863 0
442.186 583 0.474
442.265 19 0
442.344 131 0
442.423 595 0
442.502 83 0
442.581 535 0
442.66 249 0
442.66 897 0.158
442.739 194 0
442.818 797 0
442.818 640 0.158
442.897 532 0
442.976 333 0
442.976 17 0.157
443.055 887 0
443.133 716 0
443.133 566 0.158
443.212 55 0
443.291 895 0
443.291 446 0.158
443.37 126 0
443.449 745 0
443.449 341 0.158
443.528 735 0
443.607 95 0
443.607 857 0.158
443.686 764 0
443.765 784 0
443.765 876 0.316
443.844 127 0
443.923 408 0
444.002 484 0
444.081 135 0
444.081 262 0.316
444.16 553 0
444.239 700 0
444.318 337 0
444.397 824 0
444.397 285 0.158
444.476 477 0
444.555 648 0
444.555 202 0.157
444.633 33 0
444.712 658 0
444.712 639 0.158
444.791 135 0
444.87 225 0
444.87 892 0.158
444.949 472 0
445.028 891 0
445.028 77 0.316
445.107 59 0
445.186 675 0
445.265 364 0
445.344 569 0
445.344 245 1.105
445.423 528 0
445.502 526 0
445.581 429 0
445.66 125 0
445.739 397 0
445.818 300 0
445.897 320 0
445.976 601 0
446.055 544 0
446.133 44 0
446.212 438 0
446.291 564 0
446.37 775 0
446.449 133 0
446.449 315 0.158
446.528 865 0
446.607 809 0
446.607 187 0.158
446.686 496 0
446.765 527 0.947
446.765 576 0
446.844 345 0
446.923 210 0
447.002 889 0
447.081 182 0
447.16 198 0
447.239 10 0
447.318 720 0
447.397 389 0
447.476 547 0
447.555 731 0
447.633 345 0
447.712 107 0
447.712 779 0.316
447.791 851 0
447.87 539 0
447.949 71 0
448.028 780 0
448.028 342 0.474
448.107 650 0
448.186 509 0
448.265 43 0
448.344 114 0
448.423 47 0
448.502 551 0
448.502 593 0.474
448.581 808 0
448.66 699 0
448.739 729 0
448.818 531 0
448.897 340 0
448.976 288 0
448.976 7 0.947
449.055 274 0
449.133 557 0
449.212 665 0
449.291 444 0
449.37 316 0
449.449 377 0
449.528 235 0
449.607 632 0
449.686 634 0
449.765 306 0
449.844 281 0
449.923 74 0
449.923 677 0.316
450.002 167 0
450.081 141 0
450.16 57 0
450.239 294 0
450.239 487 0.316
450.318 263 0
450.397 186 0
450.476 81 0
450.555 733 0.947
450.555 482 0
450.555 40 0
450.633 217 0
450.712 269 0
450.791 511 0
450.87 115 0
450.949 864 0
451.028 401 0
451.107 413 0
451.186 614 0
451.265 175 0
451.344 829 0
451.423 171 0
451.502 684 0
451.502 811 0.158
451.581 109 0
451.66 663 0.158
451.66 713 0
451.739 26 0
451.818 305 0
451.818 310 0.947
451.897 210 0
451.976 109 0
452.055 494 0
452.133 700 0
452.212 388 0
452.291 484 0
452.37 390 0
452.449 681 0
452.528 781 0
452.607 623 0
452.686 226 0
452.765 536 0
452.765 445 0.158
452.844 428 0
452.923 177 0
452.923 394 0.158
453.002 524 0
453.081 876 0
453.081 856 0.474
453.16 277 0
453.239 209 0
453.318 593 0
453.397 222 0
453.476 728 0
453.555 686 0
453.555 574 1.736
453.633 148 0
453.712 743 0
453.791 760 0
453.87 283 0
453.949 285 0
454.028 261 0
454.107 444 0
454.186 612 0
454.265 894 0
454.344 494 0
454.423 789 0
454.502 160 0
454.581 449 0
454.66 896 0
454.739 737 0
454.818 607 0
454.897 262 0
454.976 9 0
455.055 523 0
455.133 233 0
455.212 419 0
455.291 523 0.316
455.291 458 0
455.37 18 0
455.449 726 0
455.528 24 0
455.607 134 1.263
455.607 108 0
455.686 845 0
455.765 104 0
455.844 467 0
455.923 760 0
456.002 224 0
456.081 131 0
456.16 461 0
456.239 753 0
456.318 665 0
456.397 259 0
456.476 771 0
456.555 41 0
456.633 66 0
456.712 256 0
456.791 375 0
456.87 562 0
456.87 585 0.158
456.949 150 0
457.028 564 0
457.028 489 0.158
457.107 649 0
457.186 523 0
457.186 253 0.158
457.265 437 0
457.344 807 0
457.344 301 0.158
457.423 447 0
457.502 865 0
457.502 324 0.237
457.581 347 0
457.66 640 0
457.739 425 0
457.739 717 0.237
457.818 552 0
457.897 804 0
457.976 272 2.368
457.976 1 0
458.055 687 0
458.133 287 0
458.212 226 0
458.291 113 0
458.37 856 0
458.449 847 0
458.528 347 0
458.607 847 0
458.686 345 0
458.765 682 0
458.844 796 0
458.923 586 0
459.002 230 0
459.081 588 0
459.16 867 0
459.239 123 0
459.318 892 0
459.397 202 0
459.476 263 0
459.555 530 0
459.633 316 0
459.712 309 0
459.791 724 0
459.87 232 0
459.949 548 0
460.028 276 0
460.107 325 0
460.186 889 0
460.265 812 0
460.344 104 0.316
460.344 334 0
460.423 875 0
460.502 1 0
460.581 857 0
460.66 451 0
460.66 665 0
460.66 677 0.947
460.739 466 0
460.818 237 0
460.897 393 0
460.976 465 0
461.055 453 0
461.133 721 0
461.212 472 0
461.291 895 0
461.37 139 0
461.449 16 0
461.528 154 0
461.607 399 0
461.607 732 0.316
461.686 102 0
461.765 350 0
461.844 589 0
461.923 455 0
461.923 368 0.474
462.002 218 0
462.081 235 0
462.16 30 0
462.239 860 0
462.318 116 0
462.397 74 0
462.397 7 0.473
462.476 512 0
462.555 422 0
462.633 569 0
462.712 213 0
462.791 505 0
462.87 698 0
462.87 704 0.158
462.949 823 0
463.028 861 0
463.028 502 0.158
463.107 63 0
463.186 21 0
463.186 628 0.158
463.265 523 0
463.344 394 0
463.344 174 0.158
463.423 610 0
463.502 565 0
463.502 5 0.158
463.581 260 0
463.66 781 0
463.66 341 0.158
463.739 278 0
463.818 516 0
463.818 152 0.158
463.897 467 0
463.976 688 0.315
463.976 576 0
464.055 542 0
464.133 450 0
464.212 65 0
464.291 581 0.316
464.291 773 0
464.37 356 0
464.449 833 0
464.528 585 0
464.607 356 0
464.607 704 0.158
464.686 233 0
464.765 72 0
464.765 493 0.158
464.844 5 0
464.923 225 0
464.923 1 0.158
465.002 361 0
465.081 111 0
465.081 876 0.158
465.16 636 0
465.239 539 0
465.239 380 0.316
465.318 1 0
465.397 714 0
465.476 21 0
465.555 515 1.105
465.555 422 0
465.633 808 0
465.712 468 0
465.791 713 0
465.87 160 0
465.949 54 0
466.028 299 0
466.107 840 0
466.186 293 0
466.265 399 0
466.344 496 0
466.423 109 0
466.502 488 0
466.581 367 0
466.66 138 0
466.66 552 0.158
466.739 827 0
466.818 59 0
466.818 462 0.158
466.897 559 0
466.976 709 0
466.976 435 0.947
467.055 8 0
467.133 303 0
467.212 674 0
467.291 501 0
467.37 380 0
467.449 306 0
467.528 122 0
467.607 463 0
467.686 309 0
467.765 435 0
467.844 88 0
467.923 745 0
467.923 204 0.316
468.002 305 0
468.081 485 0
468.16 95 0
468.239 166 0.473
468.239 606 0
468.318 436 0
468.397 186 0
468.476 465 0
468.555 13 0
468.633 725 0
468.712 729 0
468.712 383 0.474
468.791 722 0
468.87 527 0
468.949 832 0
469.028 278 0
469.107 753 0
469.186 228 0
469.186 534 0.947
469.265 156 0
469.344 461 0
469.423 744 0
469.502 619 0
469.581 485 0
469.66 521 0
469.739 762 0
469.818 310 0
469.897 480 0
469.976 240 0
470.055 353 0
470.133 464 0
470.133 224 0.316
470.212 116 0
470.291 171 0
470.37 247 0
470.449 418 0.316
470.449 607 0
470.528 719 0
470.607 657 0
470.686 183 0
470.765 851 0
470.765 120 0.947
470.765 273 0
471.397 735 0
471.397 121 0
471.712 566 0.158
471.87 528 0.158
472.028 375 0
472.028 534 0.948
472.028 407 0
472.66 256 0
472.66 752 0
472.976 348 0.157
473.133 895 0.158
473.291 678 0
473.291 866 0
473.291 192 0.474
473.765 95 1.737
473.923 316 0
473.923 21 0
474.555 606 0
474.555 480 0
475.186 501 0
475.186 300 0
475.502 869 0.316
475.818 471 1.263
475.818 121 0
475.818 178 0
476.449 687 0
476.449 878 0
477.081 174 0
477.081 750 0.158
477.081 21 0
477.239 485 0.158
477.397 530 0.158
477.555 490 0.157
477.712 530 0
477.712 459 0
477.712 750 0.237
477.949 435 0.237
478.186 280 2.053
478.344 258 0
478.344 632 0
478.976 863 0
478.976 42 0
479.607 662 0
479.607 708 0
480.239 690 0.316
480.239 405 0
480.239 134 0
480.555 222 0.315
480.87 240 0
480.87 737 0
480.87 315 0.948
481.502 262 0
481.502 212 0
481.818 342 0.315
482.133 200 0
482.133 62 0.474
482.133 94 0
482.607 525 0.474
482.765 406 0
482.765 377 0
483.081 379 0.158
483.239 213 0.158
483.397 781 0.158
483.397 881 0
483.397 179 0
483.555 609 0.157
483.712 713 0.158
483.87 227 0.158
484.028 852 0
484.028 201 0.158
484.028 689 0
484.186 425 0.316
484.502 504 0.316
484.66 133 0
484.66 312 0
484.818 256 0.158
484.976 138 0.157
485.133 498 0.158
485.291 553 0
485.291 818 0
485.291 837 0.158
485.449 339 0.316
485.765 68 1.105
485.923 257 0
485.923 337 0
486.555 715 0
486.555 727 0
486.87 196 0.158
487.028 55 0.158
487.186 491 0
487.186 543 0
487.186 139 0.947
487.818 595 0
487.818 82 0
488.133 633 0.316
488.133 29 0
488.449 129 0
488.449 99 0
488.923 779 0
489.081 507 0
489.081 630 0
489.397 506 0
489.712 311 0
489.712 705 0
490.344 737 0
490.344 422 0
491.647 679 0
491.686 436 0
492.844 278 0
493.686 855 0
494.502 184 0
495.423 874 4.395
