25.123 182 0
25.123 512 0
25.191 60 0
25.191 559 0
25.26 847 0
25.26 797 0
25.328 727 0
25.328 470 0
25.396 150 0
25.396 318 0
25.532 852 0
25.532 836 0
25.6 247 0
25.669 887 0
25.669 453 0
25.669 412 0
25.805 242 0
25.805 585 0
25.941 324 0
25.941 775 0
25.941 118 0
26.078 26 0
26.078 412 0
26.078 835 0
26.214 461 0
26.214 602 0
26.214 26 0
26.214 876 0
26.35 270 0
26.487 780 0
26.487 411 0
26.623 138 0
26.76 146 0
26.76 760 0
26.76 438 0
26.76 168 0
26.896 16 0
27.032 892 0
27.032 630 0
27.169 738 0
27.237 54 0
27.305 121 0
27.305 88 0
27.441 13 0
27.578 404 0
27.578 121 0
27.578 712 0
27.714 722 0
27.782 718 0
27.85 509 0
27.85 404 0
27.85 94 0
27.987 279 0
28.123 563 0
28.123 613 0
28.191 176 0
28.26 670 0
28.26 11 0
28.328 778 0
28.396 95 0
28.396 165 0
28.396 885 0
28.532 516 0
28.669 275 0
28.669 407 0
28.805 698 0
28.941 537 0
28.941 21 0
28.941 144 0
28.941 268 0
29.078 518 0
29.214 525 0
29.214 335 0
29.35 863 0
29.419 78 0
29.487 115 0
29.487 300 0
29.623 4 0
29.76 205 0
29.76 138 0
29.896 266 0
29.964 243 0
30.032 396 0
30.032 395 0
30.066 195 0
30.1 92 0
30.135 869 0
30.169 568 0
30.203 864 0
30.237 503 0
30.271 366 0
30.305 624 0
30.373 530 0
30.441 631 0
30.51 870 0
30.578 249 0
30.578 564 0
30.578 214 0
30.714 689 0
30.85 770 0
30.85 303 0
30.987 534 0
31.123 418 0
31.123 877 0
31.123 138 0
31.123 667 0
31.26 233 0
31.396 389 0
31.396 512 0
31.532 108 0
31.6 190 0
31.669 712 0
31.669 387 0
31.805 609 0
31.941 714 0
31.941 783 0
32.078 810 0
32.146 801 0
32.214 776 0
32.214 101 0
32.214 81 0
32.35 171 0
32.487 761 0
32.487 491 0
32.555 89 0
32.623 742 0
32.691 508 0
32.76 786 0
32.76 416 0
32.76 490 0
32.896 296 0
33.032 69 0
33.032 311 0
33.169 866 0
33.305 381 0
33.305 388 0
33.305 113 0
33.305 614 0
33.441 422 0
33.578 375 0
33.578 379 0
33.714 212 0
33.782 877 0
33.85 826 0
33.85 272 0
33.987 367 0
33.987 279 0
34.123 718 0
34.123 724 0
34.26 48 0
34.26 870 0
34.396 263 0
34.396 431 0
34.43 318 0
34.464 337 0
34.498 520 0
34.532 310 0
34.566 807 0
34.6 55 0
34.635 646 0
34.669 284 0
34.737 85 0
34.805 497 0
34.873 681 0
34.941 624 0
34.941 264 0
34.941 461 0
35.078 208 0
35.214 336 0
35.214 667 0
35.35 751 0
35.487 623 0
35.487 46 0
35.487 515 0
35.487 164 0
35.623 238 0
35.76 349 0
35.76 671 0
35.896 899 0
35.964 439 0
36.032 634 0
36.032 531 0
36.169 446 0
36.305 483 0
36.305 465 0
36.441 137 0
36.51 563 0
36.578 690 0
36.578 202 0
36.578 14 0
36.714 129 0
36.85 58 0
36.85 537 0
36.919 291 0
36.987 688 0
37.055 759 0
37.123 133 0
37.123 428 0
37.123 517 0
37.26 272 0
37.396 692 0
37.396 235 0
37.532 566 0
37.669 622 0
37.669 595 0
37.669 660 0
37.669 623 0
37.805 325 0
37.941 242 0
37.941 880 0
38.078 235 0
38.146 539 0
38.214 56 0
38.214 721 0
38.35 828 0
38.487 708 0
38.487 722 0
38.623 799 0
38.691 287 0
38.76 295 0
38.76 489 0
38.794 601 0
38.828 353 0
38.862 675 0
38.896 141 0
38.93 628 0
38.964 56 0
38.998 838 0
39.032 804 0
39.1 193 0
39.169 269 0
39.237 479 0
39.305 28 0
39.305 98 0
39.305 177 0
39.441 72 0
39.578 177 0
39.578 803 0
39.714 188 0
39.85 685 0
39.85 182 0
39.85 258 0
39.85 625 0
39.987 48 0
40.123 219 0
40.123 397 0
40.26 448 0
40.328 447 0
40.396 445 0
40.396 250 0
40.532 470 0
40.669 857 0
40.669 447 0
40.805 403 0
40.873 222 0
40.941 769 0
40.941 740 0
40.941 484 0
41.078 823 0
41.214 618 0
41.214 895 0
41.282 678 0
41.35 465 0
41.419 565 0
41.487 251 0
41.487 15 0
41.487 412 0
41.623 342 0
41.76 388 0
41.76 527 0
41.896 177 0
42.032 282 0
42.032 305 0
42.169 582 0
42.305 347 0
42.305 341 0
42.441 110 0
42.51 314 0
42.578 385 0
42.578 736 0
42.714 173 0
42.85 625 0
42.85 96 0
42.987 420 0
42.987 318 0
43.055 511 0
43.123 881 0
43.123 94 0
43.26 333 0
43.26 213 0
43.396 242 0
43.396 814 0
43.532 664 0
43.532 235 0
43.669 393 0
43.669 11 0
43.669 323 0
43.737 854 0
43.805 499 0
43.873 354 0
43.941 865 0
43.941 770 0
44.078 11 0
44.214 783 0
44.214 801 0
44.35 149 0
44.35 578 0
44.487 234 0
44.487 185 0
44.555 90 0
44.623 169 0
44.691 657 0
44.76 601 0
44.76 724 0
44.896 284 0
45.032 583 0
45.032 882 0
45.169 138 0
45.305 345 0
45.305 628 0
45.441 789 0
45.578 488 0
45.578 725 0
45.714 386 0
45.85 429 0
45.85 84 0
45.919 594 0
45.987 159 0
46.055 16 0
46.123 672 0
46.123 699 0
46.26 266 0
46.396 739 0
46.396 251 0
46.532 501 0
46.669 838 0
46.669 87 0
46.737 834 0
46.805 599 0
46.873 871 0
46.941 74 0
46.941 169 0
47.078 314 0
47.214 35 0
47.214 345 0
47.35 253 0
47.487 235 0
47.487 132 0
47.623 248 0
47.76 119 0
47.76 688 0
47.896 899 0
48.032 690 0
48.032 538 0
48.1 60 0
48.169 285 0
48.237 523 0
48.305 477 0
48.305 362 0
48.441 373 0
48.578 31 0
48.578 890 0
48.714 494 0
48.85 456 0
48.85 240 0
48.919 144 0
48.987 268 0
49.055 53 0
49.123 701 0
49.123 610 0
49.26 267 0
49.396 425 0
49.396 598 0
49.532 216 0
49.669 534 0
49.669 468 0
49.805 78 0
49.941 454 0
49.941 725 0
50.078 822 0
50.078 188 0
50.214 78 0
50.214 134 0
50.282 142 0
50.35 124 0
50.419 359 0
50.487 245 0
50.487 820 0
50.623 179 0
50.76 146 0
50.76 515 0
50.896 872 0
51.032 418 0
51.032 104 0
51.1 811 0
51.169 115 0
51.237 175 0
51.305 322 0
51.305 267 0
51.441 808 0
51.578 426 0
51.578 828 0
51.714 113 0
51.85 37 0
51.85 438 0
51.987 83 0
52.123 310 0
52.123 254 0
52.26 196 0
52.396 793 0
52.396 179 0
52.396 895 0
52.464 234 0
52.532 346 0
52.6 123 0
52.669 793 0
52.669 492 0
52.669 774 0
52.737 67 0
52.805 582 0
52.873 474 0
52.941 677 0
52.941 117 0
52.941 346 0
53.01 703 0
53.078 332 0
53.146 572 0
53.214 770 0
53.214 42 0
53.214 166 0
53.282 803 0
53.35 521 0
53.419 715 0
53.487 772 0
53.487 569 0
53.487 714 0
53.555 290 0
53.623 196 0
53.691 656 0
53.76 814 0
53.76 546 0
53.76 185 0
53.828 246 0
53.896 602 0
53.964 526 0
54.032 6 0
54.032 194 0
54.032 189 0
54.1 24 0
54.169 568 0
54.237 349 0
54.305 376 0
54.305 503 0
54.305 801 0
54.373 354 0
54.441 267 0
54.51 244 0
54.578 360 0
54.578 623 0
54.578 423 0
54.646 474 0
54.714 368 0
54.782 132 0
54.85 585 0
54.85 16 0
54.85 247 0
54.919 398 0
54.987 708 0
55.055 507 0
55.123 300 0
55.123 246 0
55.123 123 0
55.191 140 0
55.26 384 0
55.328 608 0
55.396 607 0
55.396 544 0
55.396 484 0
55.464 788 0
55.532 398 0
55.6 786 0
55.669 663 0
55.669 23 0
55.669 646 0
55.737 251 0
55.805 727 0
55.873 4 0
55.941 702 0
55.941 685 0
55.941 862 0
56.01 810 0
56.078 286 0
56.146 867 0
56.214 679 0
56.214 756 0
56.214 79 0
56.282 449 0
56.35 258 0
56.419 404 0
56.487 114 0
56.487 874 0
56.487 561 0
56.555 274 0
56.623 616 0
56.691 216 0
56.76 782 0
56.76 102 0
56.76 360 0
56.896 32 0
56.896 518 0
57.032 564 0
57.032 331 0
57.169 886 0
57.169 624 0
57.305 446 0
57.305 888 0
57.305 504 0
57.441 784 0
57.441 268 0
57.578 296 0
57.578 239 0
57.714 841 0
57.714 654 0
57.85 482 0
57.85 190 0
57.919 108 0
57.987 851 0
57.987 56 0
58.055 496 0
58.123 798 0
58.123 424 0
58.191 714 0
58.26 570 0
58.26 429 0
58.328 393 0
58.396 239 0
58.396 440 0
58.464 162 0
58.532 252 0
58.532 734 0
58.6 29 0
58.669 800 0
58.669 18 0
58.737 833 0
58.805 591 0
58.805 828 0
58.873 70 0
58.941 529 0
58.941 401 0
59.01 891 0
59.078 586 0
59.214 721 0
59.214 798 0
59.282 80 0
59.35 427 0
59.487 568 0
59.487 93 0
59.555 879 0
59.623 420 0
59.691 459 0
59.76 167 0
59.76 121 0
59.828 665 0
59.896 213 0
60.032 728 0
60.032 426 0
60.032 318 0
60.1 895 0
60.169 509 0
60.237 107 0
60.305 491 0
60.305 646 0
60.305 63 0
60.373 746 0
60.441 679 0
60.51 595 0
60.578 733 0
60.578 657 0
60.578 693 0
61.123 618 0
61.123 573 0
61.123 51 0
61.191 407 0
61.26 807 0
61.328 69 0
61.396 318 0
61.396 606 0
61.396 647 0
61.464 575 0
61.532 466 0
61.6 263 0
61.669 324 0
61.669 513 0
61.669 560 0
61.941 35 0
61.941 605 0
61.941 97 0
62.01 784 0
62.078 147 0
62.078 452 0
62.146 276 0
62.214 649 0
62.214 183 0
62.282 271 0
62.35 667 0
62.35 145 0
62.487 231 0
62.487 186 0
62.487 119 0
62.555 784 0
62.623 684 0
62.623 785 0
62.691 342 0
62.76 65 0
62.76 356 0
62.76 547 0
62.828 704 0
62.896 346 0
62.896 468 0
62.964 346 0
63.032 599 0
63.032 257 0
63.1 202 0
63.169 876 0
63.169 34 0
63.237 449 0
63.305 76 0
63.305 273 0
63.441 493 0
63.441 888 0
63.51 453 0
63.578 223 0
63.578 111 0
63.646 613 0
63.714 786 0
63.714 52 0
63.782 368 0
63.85 59 0
63.85 434 0
63.85 88 0
63.919 29 0
63.987 109 0
63.987 420 0
64.055 315 0
64.123 250 0
64.123 480 0
64.26 216 0
64.26 816 0
64.26 126 0
64.328 41 0
64.396 188 0
64.396 223 0
64.464 838 0
64.532 544 0
64.532 251 0
64.6 750 0
64.669 270 0
64.669 107 0
64.805 8 0
64.805 102 0
64.873 755 0
64.941 671 0
64.941 414 0
64.941 183 0
65.01 356 0
65.078 338 0
65.078 326 0
65.146 161 0
65.214 197 0
65.214 454 0
65.487 645 0
65.487 511 0
65.487 330 0
65.555 237 0
65.623 561 0
65.691 800 0
65.76 663 0
65.76 363 0
65.76 358 0
65.828 236 0
65.896 566 0
65.964 720 0
66.032 542 0
66.032 603 0
66.032 516 0
66.305 539 0
66.305 798 0
66.373 6 0
66.441 85 0
66.578 340 0
66.578 798 0
66.646 62 0
66.714 673 0
66.782 509 0
66.85 183 0
66.85 304 0
66.85 312 0
66.919 869 0
66.987 433 0
67.055 627 0
67.123 488 0
67.123 541 0
67.123 451 0
67.26 144 0
67.328 53 0
67.396 51 0
67.396 317 0
67.464 804 0
67.532 818 0
67.6 159 0
67.669 439 0
67.669 357 0
67.669 705 0
67.737 153 0
67.805 273 0
67.873 623 0
67.941 324 0
67.941 619 0
68.01 719 0
68.078 547 0
68.146 430 0
68.214 215 0
68.214 220 0
68.214 592 0
68.35 683 0
68.419 395 0
68.487 836 0
68.487 55 0
68.487 801 0
68.555 295 0
68.623 536 0
68.691 448 0
68.76 609 0
68.76 33 0
68.76 883 0
68.828 634 0
68.896 249 0
68.964 746 0
69.032 710 0
69.032 110 0
69.1 594 0
69.169 454 0
69.237 103 0
69.305 319 0
69.305 549 0
69.441 550 0
69.441 242 0
69.578 890 0
69.578 459 0
69.714 615 0
69.714 624 0
69.85 484 0
69.85 471 0
69.919 537 0
69.987 42 0
70.055 49 0
70.123 755 0
70.123 844 0
70.123 764 0
70.191 635 0
70.26 808 0
70.328 187 0
70.396 828 0
70.396 223 0
70.396 602 0
70.669 191 0
70.669 412 0
70.737 533 0
70.805 846 0
70.805 141 0
70.873 38 0
70.941 570 0
70.941 453 0
71.01 663 0
71.078 529 0
71.078 319 0
71.146 663 0
71.214 743 0
71.214 450 0
71.35 352 0
71.35 102 0
71.419 543 0
71.487 48 0
71.487 516 0
71.487 897 0
71.555 292 0
71.623 77 0
71.623 288 0
71.691 130 0
71.76 186 0
71.76 210 0
71.828 367 0
71.896 404 0
71.896 312 0
71.964 737 0
72.032 644 0
72.032 617 0
72.1 862 0
72.169 598 0
72.169 611 0
72.237 328 0
72.305 243 0
72.305 47 0
72.373 616 0
72.441 732 0
72.441 409 0
72.51 324 0
72.578 326 0
72.578 799 0
72.578 367 0
72.714 45 0
72.714 371 0
72.782 33 0
72.85 853 0
72.85 736 0
72.919 486 0
72.987 34 0
72.987 478 0
73.055 223 0
73.123 596 0
73.123 546 0
73.191 12 0
73.191 178 0
73.26 591 0
73.26 310 0
73.328 504 0
73.396 532 0
73.396 53 0
73.532 398 0
73.532 438 0
73.6 687 0
73.669 48 0
73.669 599 0
73.669 791 0
73.737 458 0
73.805 750 0
73.805 685 0
73.873 299 0
73.941 217 0
73.941 155 0
74.01 633 0
74.078 323 0
74.078 886 0
74.146 197 0
74.214 763 0
74.214 223 0
74.282 761 0
74.35 536 0
74.419 303 0
74.487 710 0
74.487 266 0
74.487 593 0
74.555 487 0
74.623 345 0
74.691 478 0
74.76 188 0
74.76 537 0
74.828 181 0
74.828 673 0
74.896 735 0
74.896 392 0
75.032 843 0
75.032 557 0
75.169 654 0
75.169 216 0
75.237 318 0
75.305 384 0
75.305 468 0
75.305 782 0
75.441 552 0
75.441 550 0
75.578 281 0
75.578 137 0
75.646 125 0
75.714 458 0
75.714 215 0
75.782 873 0
75.85 291 0
75.85 397 0
75.85 3 0
75.987 613 0
75.987 163 0
76.055 763 0
76.055 250 0
76.123 124 0
76.123 630 0
76.26 597 0
76.26 270 0
76.26 167 0
76.396 533 0
76.396 311 0
76.396 467 0
76.464 470 0
76.532 559 0
76.6 619 0
76.669 94 0
76.669 882 0
76.669 712 0
76.737 528 0
76.805 863 0
76.873 158 0
76.941 284 0
76.941 893 0
77.01 341 0
77.078 458 0
77.078 870 0
77.078 564 0
77.214 244 0
77.214 668 0
77.35 351 0
77.35 84 0
77.419 886 0
77.419 126 0
77.487 605 0
77.487 170 0
77.623 866 0
77.623 197 0
77.76 505 0
77.76 409 0
77.76 680 0
77.896 745 0
77.896 48 0
77.964 490 0
78.032 851 0
78.032 424 0
78.032 353 0
78.169 19 0
78.169 446 0
78.305 350 0.273
78.305 848 0
78.305 886 0
78.578 192 0
78.578 158 0
78.646 78 0
78.714 673 0
78.782 545 0
78.85 620 0
78.85 219 0
78.919 830 0
78.987 124 0
79.055 508 0
79.123 761 0
79.123 23 0
79.191 698 0
79.26 842 0
79.328 301 0
79.396 453 0
79.396 584 0
79.464 843 0
79.532 66 0
79.6 246 0
79.669 867 0
79.669 432 0
79.737 234 0
79.805 255 0
79.873 869 0
79.941 500 0
79.941 800 0
80.01 627 0
80.078 551 0
80.146 743 0
80.214 497 0
80.214 232 0
80.282 674 0
80.35 430 0
80.419 407 0
80.487 413 0
80.487 829 0
80.555 150 0
80.623 632 0
80.691 273 0
80.76 623 0
80.76 69 0
80.828 89 0
80.896 658 0
80.964 451 0
81.032 597 0
81.032 36 0
81.1 236 0
81.169 731 0
81.237 374 0
81.305 491 0
81.305 52 0
81.373 739 0
81.441 822 0
81.51 193 0
81.578 787 0
81.578 49 0
81.646 131 0
81.714 386 0
81.782 442 0
81.85 899 0
81.85 135 0
81.919 239 0
81.987 686 0
82.055 278 0
82.123 478 0
82.123 579 0
82.191 103 0
82.26 356 0
82.328 667 0
82.396 830 0
82.396 319 0
82.464 581 0
82.532 528 0
82.6 227 0
82.669 141 0
82.669 603 0
82.737 293 0
82.805 688 0
82.873 393 0
82.941 899 0
82.941 351 0
83.01 232 0
83.078 121 0
83.078 660 0
83.146 800 0
83.214 171 0
83.214 611 0
83.282 712 0
83.35 349 0
83.35 188 0
83.419 254 0
83.487 781 0
83.487 162 0
83.555 317 0
83.623 686 0
83.623 691 0
83.691 701 0
83.76 563 0
83.76 214 0
83.828 893 0
83.896 486 0
83.896 8 0
83.964 312 0
84.032 573 0
84.032 623 0
84.1 753 0
84.1 690 0
84.169 834 0
84.169 526 0
84.237 18 0
84.305 569 0
84.305 455 0
84.373 125 0
84.373 709 0
84.441 806 0
84.441 480 0
84.51 373 0
84.578 729 0
84.578 292 0
84.646 160 0
84.646 85 0
84.714 159 0
84.714 779 0
84.782 45 0
84.782 52 0
84.85 409 0
84.85 212 0
84.919 241 0
84.919 238 0
84.987 654 0
84.987 515 0
85.055 388 0
85.055 737 0
85.123 665 0
85.123 798 0
85.26 153 0
85.328 103 0
85.396 323 0
85.396 731 0
85.464 403 0
85.532 201 0
85.6 311 0
85.669 497 0
85.669 212 0
85.737 159 0
85.805 494 0
85.873 236 0
85.941 714 0
85.941 458 0
86.032 277 0
86.123 687 0
86.123 206 0
86.214 528 0
86.305 853 0
86.305 642 0
86.396 449 0
86.396 19 0
86.487 34 0
86.487 639 0
86.578 345 0
86.578 687 0
86.669 820 0
86.669 837 0
86.76 444 0
86.76 794 0
86.76 176 0
87.305 676 0
87.305 806 0
87.396 647 0
87.396 834 0
87.487 752 0
87.487 178 0
87.578 618 0
87.578 568 0
87.669 544 0
87.669 672 0
87.76 229 0
87.76 77 0
87.85 373 0
87.85 460 0
87.85 56 0
88.123 445 0
88.123 36 0
88.123 359 0
88.191 215 0
88.26 516 0
88.328 89 0
88.396 443 0
88.396 457 0
88.464 14 0
88.532 461 0
88.6 802 0
88.669 752 0
88.669 214 0
88.737 478 0
88.805 735 0
88.873 336 0
88.941 260 0
88.941 704 0
88.941 213 0
89.01 613 0
89.078 669 0
89.146 544 0
89.214 203 0
89.214 286 0
89.282 503 0
89.35 609 0
89.419 598 0
89.487 112 0
89.487 122 0
89.555 455 0
89.623 478 0
89.691 81 0
89.76 858 0
89.76 736 0
89.828 363 0
89.896 863 0
89.964 748 0
90.032 692 0
90.032 56 0
90.032 240 0
90.1 526 0
90.169 266 0
90.237 209 0
90.305 750 0
90.305 818 0
90.373 143 0
90.441 461 0
90.51 751 0
90.578 831 0
90.578 556 0
90.646 803 0
90.714 13 0
90.782 671 0
90.85 615 0
90.85 852 0
90.919 788 0
90.987 648 0
91.055 29 0
91.123 242 0
91.123 250 0
91.123 631 0
91.191 111 0
91.26 554 0
91.328 484 0
91.396 352 0
91.396 650 0
91.464 114 0
91.532 496 0
91.6 435 0
91.669 572 0
91.669 898 0
91.76 176 0
91.76 828 0
91.85 518 0
91.85 477 0
91.941 491 0
91.941 758 0
92.01 304 0
92.078 409 0
92.146 179 0
92.214 673 0
92.214 494 0
92.214 293 0
92.487 155 0
92.487 828 0
92.555 701 0
92.623 706 0
92.623 523 0
92.691 179 0
92.76 653 0
92.76 76 0
92.828 524 0
92.896 453 0
92.896 769 0
92.964 286 0
93.032 246 0
93.032 803 0
93.1 668 0
93.169 321 0
93.169 754 0
93.237 254 0
93.305 190 0
93.305 678 0
93.305 376 0
93.373 851 0
93.441 806 0
93.441 52 0
93.51 750 0
93.578 64 0
93.578 801 0
93.646 755 0
93.714 108 0
93.714 487 0
93.782 342 0
93.85 721 0
93.85 339 0
93.919 726 0
93.987 577 0
93.987 771 0
94.055 357 0
94.123 762 0
94.123 332 0
94.191 118 0
94.26 510 0
94.26 412 0
94.328 871 0
94.396 712 0
94.396 208 0
94.396 654 0
94.464 90 0
94.532 412 0
94.532 837 0
94.6 76 0
94.669 829 0
94.669 650 0
94.737 797 0
94.805 193 0
94.805 788 0
94.873 303 0
94.941 362 0
94.941 56 0
95.01 184 0
95.078 837 0
95.078 471 0
95.146 268 0
95.214 328 0
95.214 531 0
95.282 257 0
95.35 317 0
95.35 219 0
95.419 757 0
95.487 551 0
95.487 33 0
95.487 124 0
95.623 370 0
95.623 219 0
95.76 211 0
95.76 440 0
95.76 118 0
95.896 559 0
95.896 77 0
95.896 604 0
96.032 561 0
96.032 92 0
96.123 102 0
96.123 720 0
96.214 589 0
96.214 394 0
96.305 9 0
96.305 832 0
96.396 502 0
96.396 477 0
96.487 690 0
96.487 703 0
96.578 486 0
96.578 278 0
96.578 585 0
96.85 477 0
96.85 431 0
96.919 46 0
96.987 391 0
97.055 215 0
97.123 193 0
97.123 883 0
97.191 658 0
97.26 817 0
97.328 179 0
97.396 345 0
97.396 351 0
97.464 851 0
97.532 169 0
97.6 789 0
97.669 413 0
97.669 180 0
97.669 333 0
97.737 857 0
97.805 848 0
97.873 504 0
97.941 767 0
97.941 441 0
98.01 44 0
98.078 121 0
98.146 725 0
98.214 264 0
98.214 643 0
98.282 493 0
98.35 851 0
98.419 748 0
98.487 297 0
98.487 463 0
98.555 777 0
98.623 506 0
98.691 616 0
98.76 835 0
98.76 878 0
98.76 239 0
98.828 575 0
98.896 853 0
98.964 351 0
99.032 744 0
99.032 315 0
99.1 53 0
99.169 645 0
99.237 42 0
99.305 338 0
99.305 532 0
99.373 872 0
99.441 464 0
99.51 891 0
99.578 113 0
99.578 625 0
99.646 421 0
99.714 781 0
99.782 857 0
99.85 553 0
99.85 348 0
99.85 175 0
99.919 469 0
99.987 238 0
100.055 179 0
100.123 288 0
100.123 220 0
100.191 224 0
100.26 900 0
100.328 27 0
100.396 500 0
100.396 850 0
100.487 722 0
100.487 432 0
100.578 372 0
100.578 262 0
100.669 679 0
100.669 755 0
100.76 126 0
100.76 172 0
100.85 586 0
100.85 244 0
100.941 900 0
100.941 377 0
100.941 554 0
101.214 775 0
101.214 16 0
101.282 849 0
101.35 850 0
101.35 357 0
101.419 674 0
101.487 502 0
101.487 53 0
101.555 663 0
101.623 521 0
101.623 650 0
101.691 54 0
101.76 567 0
101.76 468 0
101.828 403 0
101.896 820 0
101.896 139 0
101.964 130 0
102.032 481 0
102.032 286 0
102.032 770 0
102.1 731 0
102.169 193 0
102.169 317 0
102.237 839 0
102.305 724 0
102.305 236 0
102.373 668 0
102.441 355 0
102.441 731 0
102.51 697 0
102.578 499 0
102.578 431 0
102.646 253 0
102.714 206 0
102.714 71 0
102.782 76 0
102.85 325 0
102.85 27 0
102.919 492 0
102.987 613 0
102.987 815 0
103.055 342 0
103.123 470 0
103.123 567 0
103.123 70 0
103.191 586 0
103.26 76 0
103.26 762 0
103.328 868 0
103.396 489 0
103.396 198 0
103.464 80 0
103.532 87 0
103.532 687 0
103.6 147 0
103.669 356 0
103.669 207 0
103.737 492 0
103.805 687 0
103.805 237 0
103.873 491 0
103.941 895 0
103.941 200 0
103.941 684 0
104.01 473 0
104.078 508 0
104.146 5 0
104.214 844 0.546
104.214 255 0
104.35 603 0
104.35 160 0
104.487 880 0
104.487 531 0
104.623 806 0
104.623 22 0
104.76 444 0
104.76 843 0
104.85 29 0
104.85 533 0
104.941 51 0
104.941 278 0
105.032 151 0
105.032 589 0
105.1 301 0
105.169 686 0
105.169 216 0
105.237 507 0
105.305 833 0.273
105.305 867 0
105.305 810 0
105.578 143 0
105.578 712 0
105.646 393 0
105.714 87 0
105.782 252 0
105.85 804 0
105.85 655 0
105.919 602 0
105.987 724 0
105.987 213 0
106.055 656 0
106.055 215 0
106.123 112 0
106.191 664 0
106.191 165 0
106.26 857 0
106.26 778 0
106.328 687 0
106.396 424 0
106.396 575 0
106.464 549 0
106.532 163 0
106.532 374 0
106.6 845 0
106.669 40 0
106.669 6 0
106.737 717 0
106.737 216 0
106.805 671 0
106.873 641 0
106.941 126 0
106.941 472 0
107.01 490 0
107.078 345 0
107.078 16 0
107.146 147 0
107.146 882 0
107.214 304 0
107.282 146 0
107.282 224 0
107.35 810 0
107.35 746 0
107.419 60 0
107.487 59 0
107.487 5 0
107.555 77 0
107.555 734 0
107.623 625 0
107.691 841 0
107.691 500 0
107.76 891 0
107.76 684 0
107.828 209 0
107.896 497 0
107.964 162 0
107.964 10 0
108.032 749 0
108.032 144 0
108.1 470 0
108.169 684 0
108.169 846 0
108.237 375 0
108.305 454 0
108.373 28 0
108.373 356 0
108.441 393 0
108.441 167 0
108.51 125 0
108.578 311 0
108.578 688 0
108.646 495 0
108.714 817 0
108.714 425 0
108.782 313 0
108.85 18 0
108.85 104 0
108.919 581 0
108.987 129 0
108.987 337 0
109.055 120 0
109.123 9 0
109.123 339 0
109.214 412 0
109.214 133 0
109.305 583 0
109.305 803 0
109.396 157 0
109.396 82 0
109.487 296 0
109.487 622 0
109.578 285 0
109.578 140 0
109.669 542 0.272
109.669 210 0
109.669 273 0
109.941 426 0
109.941 744 0
110.01 296 0
110.078 864 0
110.146 625 0
110.214 718 0
110.214 312 0
110.282 278 0
110.35 801 0
110.35 407 0
110.419 557 0
110.419 808 0
110.487 191 0
110.555 865 0
110.555 651 0
110.623 725 0
110.623 883 0
110.691 251 0
110.76 105 0
110.76 641 0
110.828 841 0
110.896 104 0
110.896 444 0
110.964 266 0
111.032 455 0
111.032 621 0
111.1 190 0
111.1 71 0
111.169 633 0
111.237 812 0
111.305 245 0
111.305 288 0
111.373 861 0
111.441 19 0
111.441 647 0
111.51 296 0
111.51 316 0
111.578 882 0
111.646 575 0
111.714 656 0
111.714 605 0
111.782 301 0
111.85 207 0
111.85 322 0
111.919 485 0
111.987 727 0
111.987 216 0
112.055 583 0
112.123 241 0
112.123 579 0
112.191 499 0
112.191 43 0
112.26 32 0
112.328 12 0
112.396 879 0
112.396 476 0
112.464 297 0
112.532 621 0
112.532 685 0
112.6 486 0
112.6 855 0
112.669 569 0
112.737 272 0
112.805 621 0
112.805 850 0
112.873 1 0
112.941 760 0
112.941 374 0
113.01 439 0
113.078 765 0
113.078 9 0
113.214 756 0
113.214 370 0
113.214 640 0
113.35 189 0
113.35 176 0
113.419 569 0
113.487 556 0
113.487 555 0
113.487 432 0
113.578 873 0
113.578 567 0
113.669 356 0
113.669 242 0
113.76 186 0
113.76 149 0
113.85 150 0
113.85 393 0
113.941 781 0
113.941 394 0
114.032 511 0.273
114.032 64 0
114.032 226 0
114.305 832 0
114.305 700 0
114.373 610 0
114.441 470 0
114.51 525 0
114.578 477 0
114.578 170 0
114.646 444 0
114.714 122 0
114.782 766 0
114.782 585 0
114.85 434 0
114.85 108 0
114.919 798 0
114.987 481 0
114.987 482 0
115.055 581 0
115.123 790 0
115.123 478 0
115.191 584 0
115.26 464 0
115.328 223 0
115.328 818 0
115.396 744 0
115.396 574 0
115.464 75 0
115.532 877 0
115.6 636 0
115.6 22 0
115.669 743 0
115.669 235 0
115.737 172 0
115.805 537 0
115.805 293 0
115.873 51 0
115.941 458 0
115.941 797 0
116.01 769 0
116.078 207 0
116.078 328 0
116.146 560 0
116.214 247 0
116.214 18 0
116.282 32 0
116.35 766 0
116.35 632 0
116.419 846 0
116.487 868 0
116.487 735 0
116.555 780 0
116.623 371 0
116.623 324 0
116.691 255 0
116.691 600 0
116.76 61 0
116.828 739 0
116.896 163 0
116.896 545 0
116.964 607 0
117.032 48 0
117.032 177 0
117.1 356 0
117.169 797 0
117.169 886 0
117.237 845 0
117.237 320 0
117.305 873 0
117.373 315 0
117.373 284 0
117.441 582 0
117.51 341 0
117.51 679 0
117.578 159 0
117.578 627 0
117.646 146 0
117.714 641 0
117.714 310 0
117.782 845 0
117.85 829 0
117.85 97 0
117.919 577 0
117.987 164 0
117.987 479 0
118.055 259 0
118.123 712 0
118.123 60 0
118.214 731 0
118.214 22 0
118.305 369 0
118.305 205 0
118.396 556 0.273
118.396 728 0
118.396 207 0
118.669 469 0
118.669 173 0
118.737 664 0
118.805 460 0
118.873 278 0
118.941 351 0
118.941 586 0
119.01 320 0
119.078 33 0
119.146 359 0
119.214 180 0
119.214 228 0
119.282 420 0
119.35 91 0
119.35 267 0
119.419 440 0
119.487 754 0
119.487 388 0
119.555 714 0
119.623 37 0
119.623 682 0
119.691 796 0
119.76 628 0
119.76 452 0
119.828 568 0
119.828 380 0
119.896 126 0
119.964 384 0
120.032 864 0
120.032 374 0
120.032 623 0
120.1 317 0
120.169 1 0
120.237 777 0
120.237 61 0
120.305 616 0
120.373 666 0
120.441 603 0
120.441 782 0
120.51 247 0
120.578 416 0
120.578 466 0
120.578 297 0
120.646 899 0
120.714 165 0
120.782 414 0
120.85 365 0
120.85 678 0
120.919 83 0
120.919 736 0
120.987 558 0
121.055 525 0
121.123 190 0
121.123 821 0
121.191 9 0
121.26 191 0
121.26 418 0
121.328 117 0
121.396 302 0
121.396 566 0
121.464 102 0
121.464 328 0
121.532 877 0
121.532 764 0
121.6 18 0
121.669 824 0
121.669 622 0
121.805 449 0
121.805 630 0
121.941 484 0
121.941 765 0
122.078 758 0
122.078 309 0
122.214 539 0
122.214 438 0
122.214 231 0
139.669 405 0
139.805 40 0
139.941 462 0
140.078 24 0
140.214 173 0
140.35 359 0
140.487 240 0
140.623 278 0
140.76 559 0
140.896 87 0
141.032 847 0
141.169 834 0
141.305 73 0
141.441 613 0
141.578 196 0
141.714 838 0
141.85 7 0
141.987 67 0
142.123 214 0
142.26 557 0
142.396 118 0
142.532 225 0
142.669 234 0
142.805 141 0
142.941 82 0
143.078 560 0
143.214 113 0
143.35 889 0
143.487 767 0
143.623 224 0
143.76 509 0
143.896 490 0
144.032 499 0
144.169 776 0
144.305 207 0
144.441 709 0
144.578 194 0
144.714 835 0
144.85 682 0
144.987 48 0
145.123 382 0
145.26 391 0
145.396 735 0
145.532 599 0
145.669 70 0
145.805 175 0
145.941 720 0
146.078 198 0
146.214 333 0
146.35 114 0
146.487 295 0
146.623 703 0
146.76 604 0
146.896 306 0
147.032 671 0
147.169 736 0
147.305 532 0
147.441 409 0
147.578 515 0
147.714 303 0
147.85 594 0
147.987 751 0
148.123 801 0
148.26 124 0
148.396 825 0
148.532 133 0
148.669 128 0
148.805 637 0
148.941 234 0
149.078 752 0
149.214 395 0
149.35 203 0
149.487 243 0
149.623 6 0
149.76 287 0
149.896 509 0
150.032 355 0
150.169 342 0
150.305 0 0
150.441 26 0
150.578 447 0
150.714 614 0
150.85 284 0
150.987 570 0
151.123 487 0
151.26 79 0
151.396 755 0
151.532 480 0
151.669 776 0
151.805 185 0
151.941 461 0
152.078 296 0
152.214 703 0
152.35 673 0
152.487 517 0
152.623 66 0
152.76 726 0
152.896 672 0
153.032 673 0
153.169 778 0
153.305 295 0
153.441 140 0
153.578 472 0
153.714 558 0
153.85 110 0
153.987 747 0
154.123 689 0
154.26 312 0
154.396 605 0
154.532 599 0
154.669 828 0
154.805 274 0
154.941 394 0
155.35 442 0
155.35 346 0
155.487 344 0
155.487 722 0
157.123 564 0
157.123 828 0
157.123 373 0
157.26 571 0
157.396 458 0
157.396 199 0
157.396 649 0
157.532 431 0
157.669 776 0
157.669 523 0
157.669 215 0
157.805 498 0
157.941 299 0
157.941 632 0
157.941 249 0
158.078 399 0
158.214 74 0
158.214 711 0
158.214 504 0
158.35 776 0
158.487 38 0
158.487 579 0
158.487 819 0
158.623 56 0
158.76 412 0
158.76 801 0
158.76 204 0
158.896 650 0
159.032 177 0
159.032 651 0
159.032 349 0
159.169 177 0
159.305 327 0
159.305 465 0
159.305 153 0
159.441 13 0
159.578 877 0
159.578 27 0
159.578 826 0
159.714 308 0
159.85 898 0
159.85 763 0
159.85 399 0
159.987 411 0
160.123 259 0
160.123 110 0
160.123 604 0
160.26 881 0
160.396 84 0
160.396 79 0
160.396 564 0
160.532 359 0
160.669 61 0
160.669 361 0
160.669 642 0
160.805 577 0
160.941 117 0
160.941 610 0
160.941 333 0
161.078 666 0
161.214 364 0
161.214 428 0
161.214 545 0
161.35 343 0
161.35 291 0
161.487 872 0
161.487 169 0
161.487 242 0
161.623 79 0
161.76 264 0
161.76 449 0
161.76 708 0
161.896 388 0
162.032 604 0
162.032 788 0
162.032 474 0
162.169 199 0
162.305 589 0
162.305 178 0
162.305 732 0
162.441 830 0
162.578 40 0
162.578 249 0
162.578 67 0
162.714 338 0
162.85 161 0
162.85 246 0
162.85 836 0
162.987 113 0
163.123 799 0
163.123 24 0
163.123 405 0
163.26 515 0
163.396 135 0
163.396 247 0
163.396 584 0
163.532 634 0
163.669 344 0
163.669 402 0
163.669 781 0
163.805 895 0
163.941 469 0
163.941 759 0
164.078 293 0
164.078 279 0
164.214 495 0
164.214 662 0
164.35 646 0
164.35 341 0
164.487 164 0
164.487 275 0
164.487 81 0
164.623 388 0
164.623 508 0
164.76 497 0
164.76 660 0
164.896 547 0
164.896 517 0
165.032 597 0.137
165.032 376 0
165.169 737 0.136
165.169 172 0
165.305 477 0.136
165.305 788 0
165.441 892 0.137
165.578 736 0.136
165.578 671 0
165.714 394 0.136
165.714 404 0
165.85 856 0
165.85 51 0
165.85 878 0
165.987 254 0
165.987 73 0
166.123 570 0
166.123 691 0
166.123 694 0
166.26 356 0
166.396 558 0
166.396 696 0
166.396 60 0
166.532 843 0
166.669 746 0
166.669 695 0
166.669 601 0
166.805 29 0
166.941 814 0
166.941 74 0
166.941 206 0
167.078 22 0
167.214 338 0
167.214 391 0
167.214 804 0
167.35 183 0
167.487 344 0
167.487 694 0
167.487 57 0
167.623 53 0
167.76 339 0
167.76 274 0
167.76 410 0
167.896 624 0
168.032 683 0
168.032 874 0
168.032 404 0
168.169 451 0
168.305 420 0
168.305 321 0
168.305 659 0
168.441 661 0
168.578 144 0
168.578 0 0
168.578 276 0
168.714 614 0
168.85 842 0
168.85 361 0
168.85 304 0
168.987 310 0
169.123 281 0
169.123 597 0
169.123 84 0
169.26 861 0
169.396 320 0
169.396 845 0
169.396 660 0
169.532 24 0
169.669 890 0
169.669 354 0
169.669 753 0
169.805 698 0
169.941 353 0
169.941 257 0
169.941 522 0
170.078 796 0
170.078 593 0
170.214 598 0
170.214 4 0
170.214 722 0
170.35 485 0
170.35 274 0
170.487 553 0
170.487 142 0
170.487 622 0
170.623 577 0
170.76 321 0
170.76 898 0
170.76 621 0
170.896 220 0
171.032 148 0
171.032 829 0
171.032 510 0
171.169 765 0
171.305 402 0
171.305 870 0
171.305 145 0
171.441 27 0
171.578 630 0
171.578 578 0
171.578 205 0
171.714 442 0
171.85 674 0
171.85 255 0
171.85 833 0
171.987 649 0
172.123 784 0
172.123 763 0
172.123 25 0
172.26 801 0
172.396 334 0
172.396 622 0
172.396 649 0
172.532 60 0
172.669 247 0
172.669 846 0
172.669 579 0
172.805 485 0
172.941 322 0
172.941 243 0
172.941 165 0
173.078 591 0
173.214 749 0
173.214 714 0
173.214 345 0
173.35 718 0
173.35 900 0
173.487 545 0
173.487 30 0
173.487 242 0
173.555 296 0
173.623 267 0
173.623 823 0
173.691 200 0
173.76 64 0
173.76 580 0
173.828 743 0
173.896 761 0
173.896 680 0
173.964 545 0
174.032 315 0
174.032 276 0
174.032 872 0
174.1 770 0
174.169 293 0
174.169 45 0
174.237 95 0
174.305 890 0
174.305 57 0
174.305 474 0
174.441 328 0
174.441 480 0
174.441 824 0
174.578 529 0
174.578 303 0
174.578 177 0
174.646 822 0
174.714 332 0
174.782 17 0
174.85 563 0
174.85 101 0
174.85 307 0
174.987 533 0
175.123 124 0
175.123 295 0
175.123 38 0
175.26 659 0
175.396 729 0
175.396 229 0
175.396 634 0
175.464 626 0
175.532 339 0
175.6 301 0
175.669 438 0
175.669 400 0
175.669 630 0
175.805 136 0
175.941 403 0
175.941 93 0
175.941 140 0
176.078 795 0
176.214 877 0
176.214 532 0
176.214 465 0
176.35 258 0
176.487 826 0
176.487 521 0
176.487 866 0
176.623 754 0
176.76 251 0
176.76 419 0
176.76 737 0
176.828 659 0
176.896 498 0
176.964 5 0
177.032 867 0
177.032 469 0
177.032 357 0
177.169 155 0
177.305 418 0
177.305 747 0
177.305 34 0
177.441 101 0
177.578 852 0
177.578 742 0
177.578 755 0
177.646 427 0
177.714 617 0
177.782 843 0
177.85 634 0
177.85 847 0
177.85 555 0
177.987 834 0
178.123 546 0
178.123 404 0
178.123 213 0
178.26 661 0
178.396 122 0
178.396 4 0
178.396 141 0
178.532 264 0
178.669 528 0
178.669 91 0
178.669 882 0
178.805 344 0
178.941 893 0
178.941 74 0
178.941 537 0
179.01 882 0
179.078 185 0
179.146 84 0
179.214 150 0
179.214 376 0
179.214 421 0
179.35 358 0
179.487 344 0
179.487 112 0
179.487 473 0
179.623 376 0
179.76 846 0
179.76 310 0
179.76 188 0
179.828 27 0
179.896 181 0
179.964 62 0
180.032 70 0
180.032 711 0
180.032 688 0
180.169 815 0
180.305 58 0
180.305 164 0
180.305 85 0
180.441 176 0
180.578 805 0
180.578 77 0
180.578 620 0
180.714 132 0
180.85 357 0
180.85 135 0
180.85 425 0
180.987 407 0
181.123 687 0
181.123 722 0
181.123 10 0
181.191 172 0
181.26 173 0
181.328 252 0
181.396 733 0
181.396 703 0
181.396 425 0
181.532 169 0
181.669 739 0
181.669 654 0
181.669 263 0
181.805 43 0
181.941 422 0
181.941 115 0
181.941 510 0
182.01 508 0
182.078 816 0
182.146 406 0
182.214 810 0
182.214 222 0
182.214 64 0
182.35 698 0
182.487 882 0
182.487 442 0
182.487 841 0
182.623 509 0
182.623 343 0
182.76 781 0
182.76 805 0
182.76 417 0
182.896 268 0
182.896 136 0
183.032 135 0
183.032 787 0
183.169 511 0
183.169 258 0
183.305 190 0
183.305 80 0
183.305 607 0
183.441 459 0
183.441 349 0
183.441 804 0
183.578 498 0
183.578 4 0
183.578 329 0
183.646 546 0
183.714 638 0
183.714 226 0
183.85 319 0
183.85 201 0
183.919 387 0
183.919 866 0
183.987 556 0
184.123 599 0
184.123 843 0
184.191 738 0
184.191 519 0
184.26 47 0
184.396 305 0
184.396 702 0
184.396 779 0
184.464 712 0
184.532 1 0
184.532 637 0
184.669 209 0
184.669 600 0
184.737 800 0
184.737 6 0
184.805 586 0
184.805 522 0
184.941 83 0
184.941 20 0
184.941 242 0
185.01 611 0
185.078 382 0
185.078 189 0
185.214 74 0
185.214 806 0
185.282 16 0
185.282 165 0
185.35 209 0
185.487 169 0
185.487 30 0
185.555 488 0
185.555 606 0
185.623 196 0
185.76 18 0
185.76 235 0
185.76 620 0
185.828 857 0
185.896 310 0
185.896 516 0
186.032 35 0
186.032 105 0
186.1 727 0
186.1 352 0
186.169 768 0
186.305 892 0
186.305 235 0
186.305 748 0
186.373 836 0
186.441 456 0
186.441 543 0
186.578 752 0
186.578 698 0
186.646 136 0
186.646 779 0
186.714 375 0
186.714 869 0
186.85 229 0
186.85 334 0
186.85 745 0
186.919 576 0
186.987 688 0
186.987 401 0
187.123 432 0
187.123 138 0
187.191 434 0
187.191 265 0
187.26 261 0
187.26 848 0
187.396 79 0
187.396 548 0
187.464 183 0
187.464 227 0
187.532 0 0
187.532 255 0
187.669 552 0
187.669 666 0
187.669 555 0
187.737 356 0
187.805 550 0
187.873 96 0
187.941 573 0
187.941 497 0
187.941 135 0
188.01 610 0
188.078 120 0
188.146 48 0
188.214 592 0
188.214 341 0
188.214 250 0
188.282 143 0
188.35 389 0
188.419 134 0
188.487 448 0
188.487 1 0
188.487 592 0
188.555 203 0
188.623 786 0
188.691 896 0
188.76 879 0
188.76 565 0
188.76 124 0
188.828 611 0
188.896 282 0
188.964 13 0
189.032 801 0
189.032 649 0
189.032 594 0
189.1 308 0
189.169 69 0
189.237 304 0
189.305 580 0
189.305 640 0
189.305 573 0
189.373 38 0
189.441 535 0
189.51 179 0
189.578 315 0
189.578 189 0
189.578 58 0
189.646 494 0
189.714 325 0
189.782 181 0
189.85 487 0
189.85 36 0
189.919 842 0
189.987 822 0
189.987 533 0
190.055 138 0
190.123 95 0
190.123 298 0
190.191 176 0
190.26 753 0
190.26 779 0
190.328 343 0
190.396 502 0
190.396 889 0
190.464 658 0
190.532 301 0
190.532 230 0
190.6 751 0
190.669 496 0
190.669 18 0
190.737 534 0
190.805 282 0
190.805 650 0
190.873 151 0
190.941 286 0
190.941 434 0
191.01 895 0
191.01 876 0
191.078 150 0
191.078 868 0
191.146 82 0
191.146 467 0
191.214 272 0
191.214 634 0
191.282 333 0
191.282 684 0
191.35 703 0
191.35 625 0
191.419 781 0
191.419 354 0
191.487 73 0.136
191.623 519 0.137
191.623 877 0.137
191.76 661 0.136
191.76 368 0.136
191.896 98 0.136
192.032 839 0
192.032 246 0
192.032 303 0
192.169 104 0
192.169 537 0
192.169 95 0
192.305 885 0
192.305 293 0
192.305 596 0
192.373 71 0
192.441 224 0
192.51 284 0
192.578 494 0
192.578 653 0
192.578 277 0
192.646 869 0
192.714 214 0
192.782 829 0
192.85 606 0
192.85 428 0
192.85 174 0
192.919 721 0
192.987 416 0
193.055 587 0
193.123 488 0
193.123 729 0
193.123 274 0
193.191 294 0
193.26 823 0
193.328 336 0
193.396 306 0
193.396 138 0
193.396 61 0
193.464 718 0
193.532 685 0
193.6 219 0
193.669 382 0
193.669 616 0
193.669 131 0
193.737 289 0
193.805 730 0
193.873 313 0
193.941 222 0
193.941 160 0
193.941 624 0
194.01 830 0
194.078 831 0
194.146 826 0
194.214 397 0
194.214 379 0
194.214 351 0
194.282 529 0
194.35 364 0
194.419 127 0
194.487 740 0
194.487 372 0
194.487 169 0
194.555 7 0
194.623 856 0
194.691 195 0
194.76 329 0
194.76 627 0
194.76 354 0
194.828 726 0
194.896 475 0
194.964 339 0
195.032 209 0
195.032 781 0
195.032 135 0
195.1 858 0
195.169 691 0
195.237 512 0
195.305 250 0
195.305 315 0
195.305 357 0
195.373 438 0
195.441 505 0
195.51 468 0
195.578 259 0
195.578 361 0
195.578 833 0
195.646 398 0
195.714 263 0
195.782 638 0
195.85 436 0
195.85 803 0
195.85 674 0
195.919 814 0
195.987 729 0
196.055 671 0
196.123 198 0
196.123 530 0
196.123 433 0
196.191 697 0
196.26 119 0
196.328 660 0
196.396 723 0
196.396 198 0
196.464 613 0
196.464 407 0
196.6 491 0
196.6 14 0
196.669 205 0
196.669 814 0
196.737 181 0
196.805 691 0
196.873 80 0
196.941 706 0
196.941 127 0
196.941 383 0
197.01 895 0
197.078 643 0
197.146 229 0
197.214 749 0
197.214 307 0
197.214 832 0
197.282 595 0
197.35 347 0
197.419 705 0
197.487 718 0
197.487 668 0
197.487 666 0
197.555 119 0
197.623 661 0
197.691 457 0
197.76 275 0
197.76 75 0
197.76 827 0
197.828 710 0
197.896 485 0
197.964 870 0
198.032 668 0
198.032 778 0
198.032 335 0
198.1 242 0
198.169 821 0
198.237 634 0
198.305 810 0
198.305 498 0
198.305 588 0
198.373 169 0
198.441 436 0
198.51 721 0
198.578 478 0
198.578 240 0
198.578 705 0
198.646 220 0
198.714 204 0
198.782 301 0
198.85 473 0
198.85 320 0
198.85 232 0
198.919 650 0
198.987 84 0
199.055 787 0
199.123 466 0
199.123 163 0
199.123 71 0
199.191 536 0
199.26 200 0
199.328 704 0
199.396 152 0
199.396 464 0
199.396 628 0
199.464 695 0
199.532 350 0
199.6 569 0
199.669 65 0
199.669 530 0
199.669 605 0
199.737 624 0
199.805 725 0
199.873 50 0
199.941 585 0
199.941 372 0
199.941 276 0
200.01 244 0
200.078 107 0
200.078 467 0
200.146 393 0
200.214 204 0
200.214 76 0
200.282 698 0
200.35 195 0
200.35 161 0
200.419 736 0
200.487 127 0
200.487 782 0
200.555 587 0
200.623 880 0
200.623 501 0
200.691 609 0
200.76 143 0
200.76 470 0
200.76 429 0
200.896 290 0
200.896 629 0
201.032 736 0
201.032 405 0
201.032 157 0
201.1 622 0
201.169 632 0
201.237 555 0
201.305 369 0
201.305 858 0
201.305 58 0
201.373 694 0
201.441 836 0
201.51 414 0
201.578 488 0
201.578 518 0
201.578 202 0
201.646 612 0
201.714 375 0
201.782 839 0
201.85 734 0
201.85 166 0
201.85 221 0
201.919 380 0
201.987 78 0
202.055 529 0
202.123 418 0
202.123 451 0
202.123 644 0
202.191 536 0
202.26 33 0
202.328 523 0
202.396 278 0
202.396 53 0
202.396 164 0
202.464 316 0
202.532 820 0
202.6 330 0
202.669 361 0
202.669 697 0
202.669 511 0
202.737 274 0
202.805 577 0
202.873 776 0
202.941 183 0
202.941 227 0
202.941 860 0
203.01 157 0
203.078 222 0
203.146 365 0
203.214 651 0
203.214 380 0
203.214 766 0
203.282 572 0
203.35 132 0
203.419 618 0
203.487 822 0
203.487 72 0
203.487 173 0
203.555 896 0
203.623 265 0
203.691 384 0
203.76 367 0
203.76 91 0
203.76 504 0
203.828 40 0
203.896 520 0
203.964 419 0
204.032 7 0
204.032 794 0
204.032 551 0
204.1 778 0
204.169 161 0
204.237 573 0
204.305 128 0
204.305 107 0
204.305 447 0
204.373 659 0
204.441 172 0
204.51 750 0
204.578 38 0
204.578 196 0
204.578 329 0
204.646 535 0
204.714 414 0
204.782 133 0
204.85 146 0
204.85 566 0
204.85 588 0
204.919 225 0
204.987 69 0
205.055 820 0
205.123 782 0
205.123 701 0
205.123 57 0
205.26 785 0
205.26 86 0
205.396 806 0
205.396 655 0
205.396 682 0
205.464 202 0
205.532 766 0
205.532 876 0
205.6 246 0
205.669 9 0
205.669 353 0
205.737 618 0
205.805 208 0
205.873 656 0
205.941 678 0
205.941 573 0
205.941 108 0
206.01 892 0
206.078 487 0
206.146 41 0
206.214 313 0
206.214 580 0
206.214 164 0
206.282 74 0
206.35 855 0
206.419 723 0
206.487 93 0
206.487 33 0
206.555 275 0
206.623 308 0
206.623 641 0
206.623 597 0
206.691 236 0
206.76 96 0
206.76 422 0
206.828 317 0
206.896 104 0
206.964 518 0
207.032 872 0
207.032 366 0
207.032 424 0
207.1 663 0
207.169 858 0
207.237 32 0
207.305 147 0
207.305 778 0
207.305 875 0
207.373 610 0
207.441 266 0
207.51 101 0
207.578 310 0
207.578 38 0
207.646 224 0
207.714 77 0
207.714 433 0
207.714 409 0
207.782 885 0
207.85 37 0
207.85 64 0
207.919 841 0
207.987 335 0
208.055 531 0
208.123 739 0
208.123 672 0
208.123 217 0
208.191 197 0
208.26 326 0
208.328 724 0
208.396 125 0
208.396 443 0
208.396 39 0
208.464 570 0
208.532 304 0
208.6 367 0
208.669 651 0
208.669 876 0
208.737 704 0
208.805 656 0
208.805 100 0
208.873 62 0
208.941 868 0
208.941 811 0
209.01 15 0
209.078 443 0
209.078 752 0
209.146 192 0
209.214 615 0
209.214 25 0
209.282 627 0
209.35 435 0
209.35 598 0
209.419 585 0
209.487 822 0
209.487 338 0
209.487 251 0
209.623 791 0
209.623 764 0
209.76 330 0
209.76 811 0
209.76 249 0
209.828 468 0
209.896 607 0
209.896 425 0
209.964 437 0
210.032 278 0
210.032 356 0
210.1 71 0
210.169 866 0
210.237 832 0
210.305 816 0
210.305 227 0
210.373 211 0
210.441 745 0
210.441 444 0
210.51 8 0
210.578 68 0
210.578 574 0
210.646 565 0
210.714 566 0
210.782 891 0
210.85 438 0
210.85 392 0
210.919 485 0
210.987 660 0
210.987 3 0
211.055 213 0
211.123 745 0
211.123 836 0
211.191 152 0
211.26 303 0
211.26 165 0
211.328 122 0
211.396 469 0
211.396 220 0
211.464 414 0
211.532 275 0
211.532 65 0
211.6 568 0
211.6 670 0
211.669 166 0
211.669 727 0
211.737 555 0
211.805 340 0
211.873 668 0
211.941 622 0
211.941 768 0
212.01 129 0
212.078 4 0
212.146 136 0
212.214 463 0
212.214 621 0
212.282 643 0
212.35 522 0
212.35 59 0
212.419 743 0
212.487 785 0
212.487 528 0
212.555 574 0
212.623 537 0
212.623 859 0
212.691 538 0
212.76 281 0
212.76 599 0
212.828 796 0
212.896 716 0
212.964 362 0
213.032 3 0
213.032 489 0
213.1 59 0
213.169 305 0
213.169 896 0
213.237 27 0
213.305 366 0
213.305 847 0
213.373 108 0
213.441 833 0
213.51 291 0
213.578 764 0
213.578 419 0
213.646 836 0
213.714 317 0
213.714 141 0
213.782 180 0
213.85 535 0.273
213.85 183 0
213.85 505 0
213.987 460 0
213.987 157 0
214.123 770 0
214.123 92 0
214.26 553 0
214.26 410 0
214.396 485 0.273
214.396 186 0
214.396 798 0
214.532 436 0
214.669 576 0
214.669 134 0
214.805 868 0
214.805 247 0
214.941 708 0.273
214.941 285 0
214.941 161 0
215.078 221 0
215.214 755 0
215.214 227 0
215.35 753 0
215.35 102 0
215.419 756 0
215.487 106 0.273
215.487 717 0
215.487 531 0
215.623 442 0
215.76 446 0
215.76 391 0
215.896 244 0
215.896 597 0
216.032 612 0
216.032 389 0
216.032 764 0
216.169 249 0
216.305 542 0
216.305 156 0
216.305 497 0
216.441 623 0
216.578 100 0
216.578 264 0
216.578 219 0
216.714 385 0
216.85 798 0
216.85 49 0
216.85 157 0
216.987 172 0
217.123 677 0
217.123 303 0
217.123 281 0
217.26 10 0
217.396 264 0
217.396 137 0
217.396 36 0
217.532 2 0
217.669 149 0
217.669 309 0
217.669 752 0
217.737 148 0
217.805 329 0
217.805 308 0
217.873 718 0
217.941 431 0
217.941 291 0
218.078 894 0
218.078 30 0
218.214 351 0
218.214 454 0
218.214 900 0
218.282 605 0
218.35 780 0
218.35 642 0
218.419 712 0
218.487 329 0
218.487 505 0
218.555 482 0
218.623 239 0
218.623 692 0
218.691 562 0
218.76 84 0
218.76 837 0
218.828 212 0
218.896 264 0
218.896 805 0
218.964 660 0
219.032 442 0
219.032 379 0
219.1 221 0
219.169 830 0
219.169 270 0
219.237 130 0
219.305 802 0
219.305 624 0
219.373 436 0
219.441 116 0
219.51 592 0
219.578 676 0
219.578 582 0
219.646 772 0
219.714 676 0
219.714 369 0
219.782 13 0
219.85 732 0
219.85 155 0
219.919 202 0
219.987 721 0
220.055 110 0
220.123 43 0
220.123 227 0
220.191 123 0
220.26 687 0
220.26 487 0
220.328 682 0
220.328 612 0
220.396 172 0
220.396 315 0
220.464 89 0
220.532 354 0
220.6 534 0
220.669 53 0
220.669 718 0
220.737 290 0
220.805 193 0
220.805 373 0
220.873 140 0
220.941 898 0
220.941 845 0
221.01 516 0
221.078 743 0
221.146 508 0
221.214 214 0
221.214 367 0
221.282 82 0
221.35 574 0
221.35 315 0
221.419 701 0
221.487 271 0
221.487 29 0
221.555 393 0
221.623 103 0
221.691 706 0
221.76 115 0
221.76 573 0
221.828 321 0
221.896 83 0
221.896 492 0
221.964 686 0
222.032 798 0
222.032 289 0
222.1 769 0
222.169 272 0
222.237 781 0
222.305 326 0
222.305 832 0
222.373 885 0
222.441 368 0
222.51 318 0
222.578 406 0.272
222.578 677 0
222.578 32 0
222.714 161 0
222.85 277 0
222.85 509 0
222.987 728 0
222.987 364 0
223.123 314 0.273
223.123 456 0
223.123 145 0
223.26 601 0
223.396 17 0
223.396 158 0
223.532 150 0
223.532 834 0
223.669 260 0.272
223.669 3 0
223.669 855 0
223.805 404 0
223.941 774 0
223.941 773 0
224.078 553 0
224.078 125 0
224.214 289 0.273
224.214 826 0
224.214 14 0
224.35 46 0
224.487 377 0
224.487 594 0
224.623 428 0
224.623 403 0
224.76 38 0.409
224.76 836 0
224.76 722 0
224.828 225 0
224.896 762 0
224.964 4 0
225.032 383 0
225.1 450 0
225.169 18 0.613
225.305 452 0.477
225.441 151 0.341
225.578 364 0.204
225.85 808 0
225.85 762 0
225.85 241 0
225.919 568 0
225.987 462 0
225.987 41 0
226.055 786 0
226.123 435 0
226.123 873 0
226.191 691 0
226.26 832 0
226.26 64 0
226.328 528 0
226.396 817 0
226.396 448 0
226.396 377 0
226.464 570 0
226.532 850 0
226.532 146 0
226.6 87 0
226.669 166 0
226.669 739 0
226.669 484 0
226.805 607 0
226.805 828 0
226.805 643 0
226.941 644 0.273
226.941 439 0.273
226.941 513 0.273
227.35 684 0.273
227.35 374 0.273
227.35 327 0.273
227.76 618 0.272
227.76 537 0.272
227.76 356 0.272
228.169 20 0.272
228.169 824 0.272
228.169 342 0.272
228.578 417 0.204
228.578 644 0.204
228.578 73 0.204
228.85 236 0.205
228.85 337 0.205
228.85 397 0.205
229.123 39 0.273
229.123 464 0.273
229.123 95 0.273
229.532 45 0.273
229.532 74 0.273
229.532 614 0.273
229.941 239 0.273
229.941 119 0.273
229.941 189 0.273
230.35 545 0.273
230.35 136 0.273
230.35 401 0.273
230.76 747 0.272
230.76 852 0.204
230.76 900 0.136
230.896 699 0
230.964 453 0
231.032 152 0
231.1 97 0
231.169 405 0
231.237 436 0
231.305 364 0.273
231.305 353 0.273
231.305 33 0.273
231.714 794 0.273
231.714 847 0.273
231.714 193 0.273
232.123 299 0.273
232.123 788 0.273
232.123 459 0.273
232.532 553 0.273
232.532 167 0.273
232.532 110 0.273
232.941 350 0.205
232.941 318 0.205
232.941 288 0.205
233.214 278 0.205
233.214 374 0.205
233.214 29 0.205
233.487 266 0.273
233.487 767 0.273
233.487 680 0.273
233.896 300 0.273
233.896 422 0.273
233.896 382 0.273
234.305 178 0.273
234.305 816 0.273
234.305 682 0.273
234.714 545 0.273
234.714 417 0.273
234.714 710 0.273
235.123 524 0.341
235.123 670 0
235.123 614 0
235.26 157 0.204
235.532 371 0
235.532 136 0
235.669 429 0
235.669 293 0
235.737 692 0
235.737 157 0
235.805 179 0
235.805 837 0
235.873 304 0
235.873 617 0
235.941 86 0
235.941 676 0
236.078 434 0
236.078 11 0
236.146 496 0
236.146 215 0
236.214 849 0
236.214 151 0
236.282 817 0
236.282 646 0
236.35 117 0
236.35 667 0
236.487 408 0
236.487 876 0
236.555 469 0
236.555 554 0
236.623 849 0
236.623 684 0
236.691 158 0
236.691 891 0
236.76 256 0
236.76 555 0
236.896 523 0
236.896 618 0
236.964 457 0
236.964 3 0
237.032 123 0
237.032 89 0
237.1 693 0
237.1 841 0
237.169 830 0
237.169 425 0
237.305 610 0
237.305 518 0
237.373 811 0
237.373 587 0
237.441 313 0
237.441 820 0
237.578 672 0
237.578 312 0
237.646 181 0
237.646 460 0
237.714 680 0
237.714 430 0
237.85 27 0
237.85 474 0
237.919 582 0
237.919 77 0
237.987 100 0
237.987 389 0
238.055 364 0
238.055 419 0
238.123 278 0
238.123 423 0
238.26 386 0
238.26 776 0
238.328 475 0
238.328 109 0
238.396 244 0
238.396 96 0
238.464 64 0
238.464 441 0
238.532 412 0
238.532 46 0
238.669 433 0
238.669 587 0
238.737 82 0
238.737 699 0
238.805 311 0
238.805 701 0
238.873 6 0
238.873 316 0
238.941 55 0
238.941 614 0
239.078 272 0
239.078 406 0
239.146 9 0
239.146 588 0
239.214 343 0
239.214 240 0
239.282 896 0
239.282 334 0
239.35 749 0
239.35 516 0
239.487 79 0
239.487 183 0
239.487 365 0.545
240.032 459 0
240.032 677 0
240.1 384 0
240.169 49 0
240.169 101 0
240.237 466 0
240.305 270 0
240.305 887 0
240.373 606 0
240.441 441 0
240.441 420 0
240.51 150 0
240.578 623 0
240.578 222 0
240.646 268 0
240.714 847 0
240.714 853 0
240.782 600 0
240.85 327 0
240.85 712 0
240.85 122 0
240.919 859 0
240.987 818 0
240.987 533 0
241.055 608 0
241.123 534 0
241.123 157 0
241.191 124 0
241.26 854 0
241.26 70 0
241.26 197 0
241.328 686 0
241.396 700 0
241.396 878 0
241.464 867 0
241.532 639 0
241.532 710 0
241.6 846 0
241.669 220 0
241.669 760 0
241.669 846 0
241.737 73 0
241.805 507 0
241.805 867 0
241.873 573 0
241.941 728 0
241.941 109 0
241.941 501 0
242.01 624 0
242.078 651 0
242.078 599 0
242.146 751 0
242.214 369 0
242.214 870 0
242.214 460 0
242.396 779 0
242.487 386 0
242.578 263 0
242.669 899 0
242.669 534 0
242.76 158 0
242.76 556 0
242.85 303 0
242.941 126 0
242.941 411 0
243.032 84 0
243.032 195 0
243.123 516 0
243.123 732 0
243.214 559 0
243.214 285 0
243.305 866 0
243.305 588 0
243.373 342 0
243.441 766 0
243.441 471 0
243.578 612 0
243.578 506 0
243.646 553 0
243.714 500 0
243.714 847 0
243.85 581 0
243.85 663 0
243.919 442 0
243.919 854 0
243.987 694 0
243.987 267 0
244.123 236 0
244.123 12 0
244.123 447 0
244.123 590 0
244.396 109 0
244.396 615 0.75
244.396 665 0
244.464 107 0
244.532 629 0
244.6 7 0
244.669 657 0
244.737 775 0
244.805 335 0
244.873 519 0
244.941 560 0
245.01 760 0
245.078 770 0
245.078 41 0
245.214 100 0
245.214 430 0
245.214 796 0
245.282 29 0
245.35 574 0
245.35 393 0
245.419 149 0
245.487 76 0
245.487 281 0
245.555 577 0
245.623 790 0
245.623 541 0
245.691 861 0
245.691 665 0
245.76 748 0
245.76 52 0
245.828 558 0
245.896 163 0
245.896 150 0
245.964 288 0
246.032 755 0
246.032 259 0
246.1 541 0
246.169 528 0
246.169 893 0
246.237 28 0
246.305 435 0
246.305 33 0
246.373 126 0
246.441 34 0
246.441 319 0
246.51 505 0
246.578 781 0
246.578 391 0
246.646 165 0
246.714 624 0
246.714 447 0
246.782 147 0
246.782 710 0
246.85 581 0
246.85 304 0
246.919 237 0
246.987 213 0
246.987 283 0
247.055 74 0
247.123 71 0
247.123 759 0
247.191 277 0
247.191 860 0
247.26 66 0
247.328 886 0
247.396 872 0
247.396 263 0
247.464 62 0
247.532 581 0
247.532 234 0
247.6 789 0
247.669 42 0
247.669 585 0
247.737 645 0
247.737 595 0
247.805 361 0
247.805 675 0
247.873 734 0
247.873 567 0
247.941 404 0
247.941 702 0
248.01 175 0
248.078 811 0
248.078 891 0
248.146 383 0
248.214 894 0
248.214 106 0
248.282 394 0
248.35 553 0
248.35 12 0
248.419 370 0
248.487 358 0.273
248.487 456 0
248.555 51 0
248.623 555 0
248.691 653 0
248.76 767 0
248.76 594 0
248.828 597 0
248.896 46 0
248.964 130 0
248.964 32 0
249.032 264 0
249.032 749 0
249.1 681 0
249.169 216 0
249.169 431 0
249.237 225 0
249.305 128 0
249.373 50 0
249.373 27 0
249.441 28 0
249.441 225 0
249.578 382 0
249.578 636 0
249.646 268 0
249.714 560 0
249.714 246 0
249.782 785 0
249.85 338 0
249.85 360 0
249.85 168 0
249.987 749 0
250.055 48 0
250.055 587 0
250.123 301 0
250.123 766 0
250.191 880 0
250.26 351 0
250.26 841 0
250.328 848 0
250.396 359 0
250.396 893 0
250.396 236 0
250.464 7 0
250.532 15 0
250.532 334 0
250.669 157 0
250.669 370 0
250.669 380 0
250.737 300 0
250.805 464 0
250.805 326 0
250.873 212 0
250.941 294 0
250.941 220 0
250.941 551 0
251.078 443 0
251.146 653 0
251.146 800 0
251.214 554 0
251.214 780 0
251.282 501 0
251.35 40 0
251.35 240 0
251.419 346 0
251.487 64 0
251.487 249 0
251.487 637 0
251.555 130 0
251.623 878 0
251.623 606 0
251.76 395 0
251.76 715 0
251.76 592 0
251.828 360 0
251.896 686 0
251.896 356 0
251.964 490 0
252.032 667 0
252.032 3 0
252.032 79 0
252.169 354 0
252.237 45 0
252.237 516 0
252.305 329 0
252.305 233 0
252.373 610 0
252.441 686 0
252.441 308 0
252.51 340 0
252.578 201 0
252.578 868 0
252.646 260 0
252.714 715 0
252.714 642 0
252.714 768 0
252.85 511 0
252.85 344 0
252.85 619 0
252.987 445 0
252.987 428 0
252.987 763 0
253.123 320 0
253.123 142 0
253.123 867 0
253.26 829 0
253.26 351 0
253.328 766 0
253.396 279 0
253.396 588 0
253.396 81 0
253.532 221 0
253.532 223 0
253.6 691 0
253.669 703 0
253.669 833 0
253.737 871 0
253.805 551 0
253.805 155 0
253.873 277 0
253.941 615 0
253.941 685 0
253.941 789 0
254.078 831 0
254.078 846 0
254.214 607 0
254.214 830 0
254.35 314 0
254.35 795 0
254.419 318 0
254.487 519 0
254.487 534 0
254.555 513 0
254.623 229 0
254.623 794 0
254.691 542 0
254.76 53 0
254.76 277 0
254.828 808 0
254.896 191 0
254.896 230 0
254.964 45 0
255.032 67 0
255.032 122 0
255.1 502 0
255.169 653 0
255.169 312 0
255.237 812 0
255.305 545 0
255.305 524 0
255.373 439 0
255.441 2 0
255.441 732 0
255.51 338 0
255.578 674 0
255.578 725 0
255.646 373 0
255.714 124 0
255.714 434 0
255.782 501 0
255.85 886 0
255.85 685 0
255.919 649 0
255.987 606 0
255.987 210 0
256.055 342 0
256.123 806 0
256.123 881 0
256.191 181 0
256.26 723 0
256.26 119 0
256.328 834 0
256.396 855 0
256.396 368 0
256.464 392 0
256.464 707 0
256.532 418 0
256.532 457 0
256.6 352 0
256.6 752 0
256.669 735 0
256.669 900 0
256.737 308 0
256.805 287 0
256.805 660 0
256.873 267 0
256.941 373 0
256.941 756 0
257.01 251 0
257.078 110 0
257.078 248 0
257.146 71 0
257.214 803 0
257.214 431 0
257.214 5 0
257.282 363 0
257.35 318 0
257.419 69 0
257.487 718 0
257.487 663 0.409
257.487 627 0
257.555 711 0
257.623 552 0
257.691 637 0
257.76 404 0
257.828 74 0
257.896 23 0
257.964 10 0
258.032 356 0
258.032 505 0
258.032 506 0
258.169 361 0
258.169 571 0
258.305 232 0
258.305 836 0
258.305 477 0
258.441 234 0
258.441 46 0
258.51 794 0
258.578 877 0
258.578 347 0
258.578 56 0
258.714 113 0
258.714 121 0
258.85 572 0
258.919 399 0
258.919 328 0
258.987 544 0
258.987 221 0
259.055 143 0
259.123 591 0
259.123 385 0
259.123 489 0
259.26 676 0
259.26 572 0
259.328 792 0
259.396 353 0
259.396 98 0
259.396 801 0
259.532 160 0
259.532 89 0
259.669 578 0
259.669 620 0
259.669 847 0
259.737 409 0
259.805 339 0
259.873 11 0
259.941 804 0
259.941 832 0
259.941 691 0
260.01 83 0
260.078 128 0
260.078 823 0
260.146 120 0
260.214 693 0
260.214 300 0
260.214 843 0
260.35 227 0
260.35 778 0
260.487 326 0
260.487 583 0
260.487 136 0
260.623 548 0
260.623 736 0
260.691 705 0
260.76 633 0
260.76 72 0
260.76 686 0
260.896 393 0
260.896 305 0
261.032 178 0
261.032 269 0
261.1 33 0
261.1 778 0
261.169 479 0
261.169 114 0
261.305 506 0.477
261.305 694 0.477
261.305 617 0.477
261.85 222 0
261.85 655 0
261.85 460 0
261.919 54 0
261.987 268 0
262.055 287 0
262.123 392 0
262.123 723 0
262.123 823 0
262.191 289 0
262.26 645 0
262.328 457 0
262.396 322 0
262.396 79 0
262.396 92 0
262.464 829 0
262.532 885 0
262.6 284 0
262.669 184 0
262.669 623 0
262.737 390 0
262.805 137 0
262.873 569 0
262.941 337 0
262.941 631 0
263.01 639 0
263.078 123 0
263.146 628 0
263.214 866 0
263.214 137 0
263.214 241 0
263.282 241 0
263.35 378 0
263.419 452 0
263.487 744 0
263.487 403 0
263.555 854 0
263.623 408 0
263.691 881 0
263.76 191 0
263.76 449 0
263.76 338 0
263.828 491 0
263.896 11 0
263.964 12 0
264.032 495 0
264.032 204 0
264.1 693 0
264.1 667 0
264.169 166 0
264.169 122 0
264.237 220 0
264.305 12 0
264.305 280 0
264.305 485 0
264.373 539 0
264.441 546 0
264.51 182 0
264.578 324 0
264.578 244 0
264.646 40 0
264.714 561 0
264.782 238 0
264.85 342 0
264.85 779 0
264.85 455 0
264.919 169 0
264.987 468 0
265.055 141 0
265.123 54 0
265.123 136 0
265.191 271 0
265.26 829 0
265.328 170 0
265.396 721 0
265.396 18 0
265.464 290 0
265.532 521 0
265.6 661 0
265.669 398 0
265.669 252 0
265.669 586 0
265.737 66 0
265.805 510 0
265.873 750 0
265.941 547 0
265.941 728 0
266.01 81 0
266.078 143 0
266.146 700 0
266.214 36 0
266.214 458 0
266.214 885 0
266.282 476 0
266.35 896 0
266.35 791 0
266.419 813 0
266.487 854 0
266.487 865 0
266.487 23 0
266.623 369 0
266.623 442 0
266.623 558 0
266.76 881 0
266.76 731 0
266.76 379 0
266.828 801 0
266.896 584 0
266.964 58 0
267.032 280 0
267.032 884 0
267.1 91 0
267.169 479 0
267.237 241 0
267.305 741 0
267.305 520 0
267.373 156 0
267.441 562 0
267.441 233 0
267.51 147 0
267.578 531 0
267.578 834 0
267.646 374 0
267.714 854 0
267.714 882 0
267.782 341 0
267.782 482 0
267.85 398 0
267.85 210 0
267.919 559 0
267.987 889 0
267.987 565 0
268.055 559 0
268.123 80 0
268.123 387 0
268.191 677 0
268.26 82 0
268.26 711 0
268.328 856 0
268.396 136 0
268.396 747 0
268.396 254 0
268.464 642 0
268.532 636 0
268.6 195 0
268.6 631 0
268.669 251 0
268.669 480 0
268.737 135 0
268.805 461 0
268.873 873 0
268.941 22 0
268.941 662 0
268.941 304 0
269.01 699 0
269.078 347 0
269.146 237 0
269.214 368 0
269.214 307 0.273
269.487 225 0
269.487 278 0
269.487 51 0
269.555 485 0
269.623 256 0
269.691 70 0
269.691 377 0
269.76 521 0
269.76 570 0
269.828 833 0
269.896 76 0
269.896 226 0
269.964 885 0
270.032 614 0
270.032 14 0
270.1 766 0
270.169 599 0
270.237 669 0
270.305 630 0
270.305 807 0
270.305 871 0
270.373 455 0
270.441 357 0
270.51 731 0
270.578 251 0
270.578 511 0.272
270.578 637 0
270.714 640 0
270.714 643 0
270.85 190 0.273
270.85 524 0
270.987 68 0
270.987 0 0
271.123 824 0
271.123 102 0
271.123 667 0.273
271.26 607 0
271.396 852 0
271.396 298 0.273
271.464 123 0
271.532 418 0
271.6 741 0
271.669 430 0
271.669 297 0.272
271.805 689 0
271.941 532 0.273
271.941 448 0
272.078 543 0
272.214 23 0.273
272.214 267 0
272.35 681 0
272.487 639 0
272.487 729 0.273
272.623 686 0
272.76 235 0
272.76 883 0
272.828 288 0
272.896 866 0
272.964 216 0
273.032 436 0.273
273.032 78 0
273.032 810 0
273.169 94 0
273.305 90 0.273
273.305 772 0
273.305 780 0
273.441 775 0
273.578 881 0
273.578 536 0
273.646 460 0
273.714 643 0
273.782 370 0
273.85 63 0
273.85 759 0.273
273.987 211 0
273.987 703 0
274.123 9 0.273
274.123 774 0
274.123 874 0
274.26 329 0
274.396 49 0.273
274.396 438 0
274.532 785 0
274.669 586 0
274.669 416 0
274.805 815 0
274.805 77 0
274.941 367 0
274.941 843 0
274.941 327 0
275.01 333 0
275.078 643 0
275.078 512 0
275.146 565 0
275.214 148 0
275.214 322 0
275.282 396 0
275.35 433 0
275.35 420 0
275.419 130 0
275.487 68 0
275.487 354 0
275.487 854 0
275.555 604 0
275.623 330 0
275.623 159 0
275.691 179 0
275.76 788 0
275.76 752 0
275.828 772 0
275.896 213 0
275.896 818 0
275.964 142 0
276.032 391 0
276.032 334 0
276.1 467 0
276.169 146 0
276.169 347 0
276.237 879 0
276.305 813 0
276.305 690 0
276.373 151 0
276.441 124 0
276.441 205 0
276.51 883 0
276.578 142 0
276.578 55 0
276.646 291 0
276.714 84 0
276.714 857 0
276.782 145 0
276.85 824 0
276.85 8 0
276.919 65 0
276.987 333 0
276.987 421 0
277.055 894 0
277.123 38 0
277.157 805 0
277.191 35 0
277.225 661 0
277.26 608 0
277.294 415 0
277.328 176 0
277.35 893 0
277.396 340 0
277.43 368 0
277.464 865 0
277.487 202 0
277.532 714 0
277.555 361 0
277.6 682 0
277.617 408 0
277.669 549 0
277.686 857 0
277.737 730 0
277.76 660 0
277.805 1 0
277.822 236 0
277.873 280 0
277.89 649 0
277.941 508 0
277.941 246 0
278.01 393 0
278.01 592 0
278.078 512 0
278.078 863 0
278.146 728 0
278.146 47 0
278.214 522 0
278.214 275 0
279.305 762 0
279.305 519 0
279.305 515 0
279.441 187 0
279.441 836 0
279.441 845 0
279.578 592 0
279.578 212 0
279.578 26 0
279.646 667 0
279.714 71 0
279.782 857 0
279.85 194 0
279.85 539 0
279.85 429 0
279.919 439 0
279.987 660 0
280.055 716 0
280.123 476 0
280.123 394 0
280.123 208 0
280.191 323 0
280.26 34 0
280.328 546 0
280.396 350 0
280.396 730 0
280.396 707 0
280.464 832 0
280.532 534 0
280.6 361 0
280.669 287 0
280.669 159 0
280.669 762 0
280.737 72 0
280.805 159 0
280.873 328 0
280.941 5 0
280.941 191 0
280.941 853 0
281.01 307 0
281.078 390 0
281.146 883 0
281.214 153 0
281.214 172 0
281.214 237 0
281.282 892 0
281.35 43 0
281.419 60 0
281.487 278 0
281.487 845 0
281.487 896 0
281.555 737 0
281.623 210 0
281.691 385 0
281.76 870 0
281.76 765 0
281.76 289 0
281.828 29 0
281.896 131 0
281.964 61 0
282.032 782 0
282.032 774 0
282.032 690 0
282.1 419 0
282.169 581 0
282.237 610 0
282.305 452 0
282.305 767 0
282.305 347 0
282.373 87 0
282.441 183 0
282.51 520 0
282.578 197 0
282.578 92 0
282.578 819 0
282.646 65 0
282.714 691 0
282.782 297 0
282.85 54 0
282.85 886 0
282.85 701 0
282.919 299 0
282.987 257 0
283.055 182 0
283.123 598 0
283.123 732 0
283.123 395 0
283.191 694 0
283.26 706 0
283.328 572 0
283.396 396 0
283.396 875 0
283.396 71 0
283.464 88 0
283.532 483 0
283.6 621 0
283.669 307 0
283.669 535 0
283.737 23 0
283.737 760 0
283.873 559 0
283.873 761 0
283.941 666 0
283.941 12 0
284.01 289 0
284.078 638 0
284.146 775 0
284.214 21 0
284.214 458 0
284.214 812 0
284.282 121 0
284.35 199 0
284.419 135 0
284.487 550 0
284.487 686 0
284.487 562 0
284.555 131 0
284.623 637 0
284.691 508 0
284.76 137 0
284.76 37 0
284.76 568 0
284.828 401 0
284.896 256 0
284.964 546 0
285.032 744 0
285.032 687 0
285.032 145 0
285.1 533 0
285.169 33 0
285.237 424 0
285.305 230 0
285.305 381 0
285.305 699 0
285.373 726 0
285.441 35 0
285.51 630 0
285.578 723 0
285.578 125 0
285.578 743 0
285.646 107 0
285.714 717 0
285.714 269 0
285.782 669 0
285.782 299 0
285.85 613 0
285.85 24 0
285.919 594 0
285.987 362 0
286.055 760 0
286.055 368 0
286.123 680 0
286.123 66 0
286.191 779 0
286.26 109 0
286.328 195 0
286.328 370 0
286.396 769 0
286.396 409 0
286.464 786 0
286.532 802 0
286.6 17 0
286.6 288 0
286.669 656 0
286.669 457 0
286.737 574 0
286.805 826 0
286.805 592 0
286.873 557 0
286.873 546 0
286.941 579 0
287.01 549 0
287.078 141 0
287.078 90 0
287.146 423 0
287.146 573 0
287.214 736 0
287.282 212 0
287.282 804 0
287.35 547 0
287.35 877 0
287.419 164 0
287.487 229 0
287.487 896 0
287.555 725 0
287.623 545 0
287.623 788 0
287.691 550 0
287.691 55 0
287.76 609 0
287.828 825 0
287.828 361 0
287.896 521 0
287.896 157 0
287.964 303 0
288.032 297 0.137
288.032 375 0
288.169 436 0
288.169 100 0
288.237 147 0
288.305 87 0
288.305 103 0
288.305 866 0
288.373 791 0
288.441 567 0
288.51 820 0
288.578 385 0
288.578 339 0
288.578 884 0
288.646 33 0
288.714 744 0
288.782 393 0
288.85 219 0
288.85 561 0
288.85 900 0
288.919 116 0
288.987 205 0
289.055 877 0
289.123 335 0
289.123 195 0
289.123 145 0
289.191 353 0
289.26 2 0
289.328 61 0
289.396 260 0
289.396 268 0
289.396 445 0
289.464 419 0
289.532 669 0
289.6 191 0
289.669 583 0
289.669 235 0
289.669 192 0
289.737 817 0
289.805 78 0
289.873 437 0
289.941 66 0
289.941 661 0
289.941 184 0
290.01 240 0
290.078 141 0
290.146 557 0
290.214 573 0.136
290.214 498 0
290.214 511 0
290.35 194 0
290.419 308 0
290.419 565 0
290.487 111 0
290.487 386 0
290.555 162 0
290.623 714 0
290.691 896 0
290.76 371 0
290.76 801 0
290.76 297 0
290.828 385 0
290.896 425 0
290.964 540 0
291.032 465 0
291.032 685 0
291.032 752 0
291.1 9 0
291.169 122 0
291.237 856 0
291.305 485 0
291.305 343 0
291.305 880 0
291.51 74 0
291.51 381 0
291.51 629 0
291.714 685 0
291.714 592 0
291.714 658 0
291.85 868 0
291.85 872 0
291.85 49 0
291.919 204 0
291.987 607 0
292.055 24 0
292.123 330 0
292.123 449 0
292.191 199 0
292.26 782 0
292.328 382 0
292.396 454 0
292.396 93 0
292.396 418 0
292.464 661 0
292.532 531 0
292.6 796 0
292.669 76 0
292.669 76 0
292.737 701 0
292.805 128 0
292.805 623 0
292.873 422 0
292.941 668 0
292.941 814 0
293.01 870 0
293.078 612 0
293.078 295 0
293.146 878 0
293.214 445 0
293.214 6 0
293.214 411 0
293.282 48 0
293.35 800 0
293.419 383 0
293.487 95 0
293.487 698 0
293.487 782 0
293.555 765 0
293.623 84 0
293.691 226 0
293.76 520 0
293.76 374 0
293.828 516 0
293.896 179 0
293.896 417 0
293.964 830 0
294.032 30 0
294.032 142 0
294.1 339 0
294.169 120 0
294.237 592 0
294.305 706 0
294.305 308 0
294.305 23 0
294.373 789 0
294.441 376 0
294.51 883 0
294.578 553 0
294.578 481 0
294.578 160 0
294.646 3 0
294.714 511 0
294.782 723 0
294.85 166 0
294.85 722 0
294.919 240 0
294.987 630 0
294.987 532 0
295.055 57 0
295.123 26 0
295.123 703 0
295.191 689 0
295.26 745 0
295.328 87 0
295.396 269 0
295.396 233 0
295.396 476 0
295.464 320 0
295.532 652 0
295.6 532 0
295.669 201 0
295.669 126 0
295.669 190 0
295.737 851 0
295.805 395 0
295.873 430 0
295.873 660 0
295.941 409 0
295.941 157 0
296.01 467 0
296.078 750 0
296.078 728 0
296.146 254 0
296.146 827 0
296.214 552 0
296.282 198 0
296.35 821 0
296.35 468 0
296.419 347 0
296.419 702 0
296.487 584 0
296.487 545 0
296.555 421 0
296.623 870 0
296.623 643 0
296.691 43 0
296.76 64 0.272
296.76 707 0.272
296.76 75 0.272
297.169 52 0.272
297.169 256 0.272
297.169 177 0.272
297.578 44 0.272
297.578 850 0.272
297.578 569 0.272
297.987 692 0.273
297.987 620 0.273
297.987 339 0.273
298.396 808 0.204
298.396 506 0.204
298.396 421 0.204
298.669 892 0.204
298.669 75 0.204
298.669 188 0.204
298.941 840 0.273
298.941 861 0.273
298.941 87 0.273
299.35 648 0.273
299.35 486 0.273
299.35 698 0.273
299.76 245 0.272
299.76 801 0.272
299.76 597 0.272
300.169 296 0.272
300.169 219 0.272
300.169 429 0.272
300.578 584 0.272
300.578 725 0.204
300.578 469 0.136
300.714 790 0
300.782 831 0
300.85 438 0
300.919 468 0
300.987 124 0
301.055 332 0
301.123 495 0.273
301.123 214 0.273
301.123 366 0.273
301.532 837 0.273
301.532 42 0.273
301.532 357 0.273
301.941 753 0.273
301.941 681 0.273
301.941 621 0.273
302.35 54 0.273
302.35 95 0.273
302.35 792 0.273
302.76 437 0.204
302.76 416 0.204
302.76 751 0.204
303.032 715 0.205
303.032 150 0.205
303.032 449 0.205
303.305 651 0.273
303.305 292 0.273
303.305 112 0.273
303.714 300 0.273
303.714 787 0.273
303.714 663 0.273
304.123 416 0.273
304.123 366 0.273
304.123 828 0.273
304.532 313 0.273
304.532 75 0.273
304.532 814 0.273
304.941 838 0.341
304.941 284 0
304.941 410 0
305.078 695 0.204
305.35 869 0
305.35 804 0
305.487 697 0
305.487 623 0
305.555 717 0
305.555 692 0
305.623 802 0
305.623 587 0
305.691 72 0
305.691 330 0
305.76 648 0
305.76 373 0
305.896 485 0
305.896 674 0
305.964 489 0
305.964 307 0
306.032 870 0
306.032 96 0
306.1 702 0
306.1 526 0
306.169 343 0
306.169 385 0
306.305 199 0
306.305 856 0
306.373 588 0
306.373 373 0
306.441 329 0
306.441 790 0
306.51 483 0
306.51 389 0
306.578 338 0
306.578 677 0
306.714 456 0
306.714 721 0
306.782 717 0
306.782 287 0
306.85 182 0
306.85 167 0
306.919 48 0
306.919 203 0
306.987 191 0
306.987 387 0
307.123 136 0
307.123 284 0
307.191 234 0
307.191 123 0
307.26 296 0
307.26 356 0
307.396 443 0
307.396 216 0
307.464 232 0
307.464 621 0
307.532 670 0
307.532 75 0
307.669 860 0
307.669 269 0
307.737 123 0
307.737 803 0
307.805 768 0
307.805 71 0
307.873 437 0
307.873 103 0
307.941 871 0
307.941 245 0
308.078 46 0
308.078 35 0
308.146 357 0
308.146 472 0
308.214 728 0
308.214 759 0
308.282 314 0
308.282 730 0
308.35 832 0
308.35 770 0
308.487 48 0
308.487 792 0
308.555 708 0
308.555 332 0
308.623 275 0
308.623 311 0
308.691 764 0
308.691 753 0
308.76 763 0
308.76 726 0
308.896 505 0
308.896 767 0
308.964 469 0
308.964 362 0
309.032 95 0
309.032 551 0
309.1 675 0
309.1 4 0
309.169 434 0
309.169 747 0
309.305 252 0.409
309.305 14 0
309.305 776 0
309.85 791 0
309.85 588 0
309.85 56 0
309.919 393 0
309.987 130 0
309.987 688 0
310.055 351 0
310.123 208 0
310.123 683 0
310.191 398 0
310.26 459 0
310.26 92 0
310.26 156 0
310.328 809 0
310.396 426 0
310.396 402 0
310.464 673 0
310.532 692 0
310.532 572 0
310.6 310 0
310.669 515 0
310.669 425 0
310.669 652 0
310.737 529 0
310.805 85 0
310.805 615 0
310.873 593 0
310.941 705 0
310.941 759 0
311.01 609 0
311.078 42 0
311.078 211 0
311.078 385 0
311.146 451 0
311.214 456 0
311.214 801 0
311.282 135 0
311.35 219 0
311.35 8 0
311.419 446 0
311.487 67 0
311.487 893 0
311.487 155 0
311.555 184 0
311.623 592 0
311.691 860 0
311.76 164 0
311.76 553 0
311.76 471 0
311.828 492 0
311.896 723 0
311.896 99 0
311.964 31 0
312.032 551 0
312.032 349 0
312.032 85 0
312.169 297 0
312.237 295 0
312.305 69 0
312.305 489 0
312.373 287 0
312.441 743 0
312.51 418 0
312.578 403 0
312.578 267 0
312.646 547 0
312.714 49 0
312.782 632 0
312.85 211 0
312.85 276 0
312.941 334 0
313.032 558 0
313.032 627 0
313.123 147 0
313.123 627 0
313.191 32 0
313.26 639 0
313.26 611 0
313.396 640 0
313.396 532 0
313.464 521 0
313.532 673 0
313.532 224 0
313.669 834 0
313.669 718 0
313.737 279 0
313.737 305 0
313.805 542 0
313.805 265 0
313.941 220 0
313.941 782 0.273
313.941 377 0
313.941 775 0
314.214 746 0
314.214 445 0
314.214 238 0
