1.667 629 0.24
1.907 322 0.24
1.907 840 0.24
2.147 803 0.24
2.387 519 0.24
2.627 876 0.12
2.747 239 0.24
2.987 520 0.36
3.827 576 0.24
3.827 762 0.24
4.067 76 0.24
4.307 579 0.24
4.547 321 0.12
4.667 876 0.24
4.907 287 0.3
5.507 421 0.12
5.627 754 0.12
5.747 167 0.24
5.747 406 0.24
6.107 647 0.24
6.347 170 0.24
6.587 650 0.24
6.827 252 0.12
6.947 557 0.12
7.067 367 0.12
7.307 751 0.24
7.547 424 0.24
7.787 85 0.06
7.907 4 1.68
9.587 392 0.24
9.587 505 0.24
9.827 665 0.24
10.067 588 0.24
10.307 597 0.12
10.427 364 0.24
10.667 641 0.24
11.267 335 0.24
11.507 567 0.24
11.507 541 0.24
11.867 759 0.24
12.107 54 0.24
12.347 568 0.24
12.587 81 0.36
13.067 302 0.12
13.187 626 0.12
13.307 75 0.12
13.427 719 0.12
13.427 11 0.24
13.547 240 0.12
13.667 42 0.24
14.027 60 0.24
14.267 671 0.24
14.507 279 0.12
14.627 247 0.12
14.747 413 0.12
14.987 399 0.24
15.227 142 1.56
15.227 640 1.56
16.307 94 0.48
16.787 855 0.12
16.907 355 0.12
17.027 512 0.06
17.087 271 0.06
17.147 336 0.06
17.207 423 0.06
17.267 623 0.12
17.267 27 0.12
17.387 177 0.12
17.507 476 0.12
17.627 671 0.12
17.747 367 0.12
17.867 635 0.12
17.987 697 0.12
18.107 549 0.24
18.347 433 0.12
18.467 632 0.24
18.707 761 0.24
18.827 302 0.12
18.947 79 0.24
19.067 216 0.12
19.187 760 0.12
19.187 6 0.12
19.307 611 0.12
19.427 20 0.12
19.547 378 0.12
19.667 27 0.12
19.787 450 0.12
19.907 286 0.12
20.027 871 0.24
20.267 619 0.12
20.387 421 0.24
20.627 213 0.24
20.747 821 0.12
20.867 98 0.24
20.987 572 0.12
21.107 869 0.12
21.107 408 0.12
21.227 408 0.12
21.347 713 0.12
21.467 846 0.12
21.587 24 0.12
21.587 120 0.12
21.707 493 0.12
21.827 668 0.12
21.947 67 0.12
22.067 350 0.12
22.067 677 0.12
22.187 316 0.12
22.307 892 0.12
22.427 536 0.12
22.487 216 0.12
22.547 44 0.24
22.667 319 0.12
22.727 756 0.3
22.847 267 0.12
22.907 181 0.12
23.027 500 0.96
23.147 91 0.12
23.267 250 0.12
23.387 267 0.12
23.507 893 0.12
23.627 338 0.12
23.747 561 0.12
23.867 882 0.12
23.987 770 0.12
23.987 27 0.12
24.467 701 0.12
24.587 749 0.12
24.707 432 0.12
24.827 386 0.12
24.947 154 0.12
24.947 797 0.12
25.067 838 0.12
25.187 502 0.12
25.187 8 0.12
25.307 82 0.12
25.427 267 0.12
25.427 599 0.12
25.667 460 0.12
25.667 876 0.12
25.787 456 0.12
25.907 223 0.12
25.907 486 0.12
26.027 225 0.12
26.147 215 0.12
26.147 450 0.12
26.387 522 0.12
26.387 811 0.12
26.627 604 0.12
26.627 506 0.12
26.747 532 0.12
26.867 645 0.12
26.867 194 0.12
26.987 496 0.12
27.107 260 0.12
27.107 484 0.12
27.227 864 0.12
27.347 631 0.12
27.347 364 0.12
27.587 311 0.12
27.587 706 0.12
27.707 82 0.12
27.827 316 0.24
27.827 850 0.12
27.947 248 0.12
28.067 91 0.24
28.067 596 0.12
28.187 642 0.12
28.307 187 0.12
28.307 451 0.24
28.427 368 0.12
28.547 342 0.12
28.547 129 0.24
28.667 361 0.12
28.787 685 0.12
28.787 260 0.12
28.907 759 0.12
29.027 783 0.12
29.027 650 0.12
29.267 587 0.12
29.267 741 0.12
29.387 188 0.12
29.507 490 0.12
29.507 342 0.12
29.627 798 0.12
29.747 194 0.12
29.747 156 0.12
29.867 581 0.12
29.987 851 0.12
29.987 420 0.12
30.107 31 0.12
30.227 425 0.12
30.227 365 0.12
30.347 721 0.12
30.467 817 0.12
30.467 306 0.12
30.707 670 0.12
30.707 771 0.12
30.827 742 0.12
30.947 799 0.12
30.947 308 0.12
31.187 589 0.12
31.187 395 0.12
31.427 640 0.24
31.427 308 0.12
31.667 183 0.24
31.667 654 0.24
32.027 447 0.12
32.027 388 0.12
32.147 643 0.12
32.267 305 0.36
32.267 459 0.12
32.387 468 0.12
32.507 330 0.12
32.627 539 0.12
32.627 694 0.12
32.747 296 0.12
32.747 425 0.12
32.867 316 0.12
32.867 330 0.12
32.987 649 0.12
33.107 103 0.24
33.107 249 0.12
33.347 260 0.24
33.347 669 0.12
33.587 361 0.24
33.587 844 0.12
33.707 213 0.12
33.827 462 0.24
33.827 828 0.12
34.067 676 0.12
34.067 542 0.12
34.307 374 0.12
34.307 490 0.12
34.547 653 0.24
34.547 356 0.12
34.667 878 0.12
34.787 869 0.24
34.787 613 0.12
34.907 820 0.12
35.027 191 0.24
35.027 566 0.12
35.267 245 0.24
35.267 108 0.12
35.507 291 0.24
35.507 323 0.12
35.627 817 0.12
35.747 808 0.24
35.747 176 0.12
35.987 335 0.12
35.987 0 0.12
36.227 663 0.12
36.227 824 0.12
36.347 890 0.12
36.467 776 0.12
36.467 700 0.12
36.587 694 0.06
36.707 34 0.06
36.827 618 0.24
36.827 219 0.24
37.067 854 0.12
37.187 654 0.06
37.247 436 0.06
37.307 689 0.06
37.367 171 0.06
37.427 627 0.12
37.427 149 0.12
37.547 98 0.06
37.667 474 0.06
37.787 736 0.24
37.787 328 0.24
38.027 400 0.12
38.027 726 0.12
38.147 214 0.12
38.267 633 0.12
38.387 26 0.12
38.387 820 0.12
38.507 396 0.12
38.627 634 0.12
38.747 421 0.12
38.867 175 0.12
38.987 193 0.12
39.107 788 0.12
39.227 395 0.12
39.347 188 0.48
39.347 548 0.48
39.587 694 0.24
39.827 841 0.06
39.947 882 0.06
40.067 873 0.06
40.187 239 0.06
40.307 457 0.12
40.307 75 0.12
40.427 684 0.12
40.547 640 0.12
40.667 637 0.12
40.787 210 0.12
40.907 802 0.12
41.027 874 0.12
41.147 673 0.24
41.387 0 0.12
41.507 32 0.24
42.227 83 0.12
42.347 317 0.12
42.467 850 0.12
42.587 397 0.12
42.707 113 0.12
42.827 498 0.12
42.947 777 0.12
43.067 477 0.24
43.307 367 0.12
43.427 672 0.24
43.907 843 0.06
43.967 140 0.06
44.027 865 0.06
44.087 862 0.06
44.147 408 0.12
44.267 573 0.12
44.387 405 0.12
44.507 379 0.24
44.747 118 0.24
44.987 613 0.24
45.227 404 0.12
45.347 577 0.12
45.467 256 0.12
45.707 302 0.12
45.947 486 0.12
46.187 378 0.06
46.307 8 1.68
46.547 75 0.24
46.787 298 0.24
47.027 256 0.96
47.987 826 0.24
47.987 476 0.12
48.107 138 0.12
48.227 445 0.24
48.227 23 0.12
48.347 10 0.12
48.467 757 0.12
48.467 897 0.12
48.707 485 0.24
48.707 803 0.12
48.827 418 0.12
48.947 737 0.24
48.947 889 0.12
49.067 78 0.12
49.187 510 0.24
49.187 155 0.24
49.427 234 0.12
49.427 643 0.12
49.547 884 0.12
49.667 751 0.12
49.667 280 0.12
49.787 181 0.12
49.907 208 0.12
49.907 449 0.12
50.027 886 0.12
50.147 398 0.24
50.147 694 0.12
50.267 841 0.12
50.387 53 0.12
50.387 356 0.12
50.627 713 0.24
50.627 552 0.12
50.747 482 0.12
50.867 59 0.12
50.867 166 0.12
50.987 289 0.12
51.107 892 0.24
51.107 754 0.24
51.347 763 0.12
51.347 32 0.12
51.467 382 0.36
51.587 530 0.24
51.707 685 0.12
51.827 159 0.12
51.947 772 0.12
52.067 21 0.12
52.187 490 0.12
52.307 699 0.12
52.427 261 0.12
52.547 472 0.12
52.667 427 0.12
52.727 633 0.12
52.787 615 0.12
52.787 548 0.12
52.907 643 0.12
53.027 497 0.12
53.147 27 0.12
53.267 265 0.12
53.387 468 0.12
53.507 640 0.12
53.687 217 0.12
53.747 689 0.12
53.747 855 0.24
53.747 364 0.12
53.987 240 0.12
53.987 531 0.24
54.227 685 0.24
54.227 724 0.12
54.467 288 0.12
54.467 590 0.24
54.707 229 0.48
54.707 788 0.48
55.187 247 0.12
55.187 527 0.12
55.307 192 0.12
55.427 573 0.12
55.547 450 0.12
55.667 830 0.24
55.667 309 0.12
56.027 608 0.24
56.027 304 0.12
56.267 335 0.06
56.327 719 0.06
56.387 504 0.12
56.567 141 0.12
56.627 661 0.48
56.627 634 0.24
56.747 356 0.12
56.867 680 0.12
56.987 857 0.12
57.167 486 0.12
57.227 79 0.12
57.347 638 0.12
57.347 148 0.24
57.467 417 0.12
57.587 9 0.12
57.707 302 0.12
57.827 375 0.06
57.947 855 0.12
58.067 441 0.12
58.067 634 0.24
58.187 745 0.12
58.307 344 0.12
58.427 859 0.12
58.547 684 0.12
58.547 242 0.12
58.667 45 0.12
58.787 338 0.06
58.847 367 0.06
58.907 830 0.12
59.027 452 0.12
59.147 218 0.12
59.267 658 0.24
59.387 636 0.12
59.507 627 0.12
59.507 45 0.12
59.627 445 0.12
59.747 799 0.12
59.807 663 0.18
59.867 337 0.12
60.107 191 0.24
60.227 464 0.12
60.347 650 0.06
60.407 874 0.06
60.467 313 0.12
60.647 626 0.12
60.767 46 0.12
60.947 596 0.12
60.947 722 0.12
61.067 844 0.24
61.187 621 0.12
61.307 864 0.12
61.427 70 0.12
61.427 834 0.12
61.547 723 0.12
61.667 728 0.12
61.787 46 0.12
61.907 461 0.12
62.027 167 0.12
62.147 590 0.12
62.267 885 0.12
62.387 216 0.12
62.387 492 0.12
62.507 95 0.12
62.627 405 0.12
62.747 690 0.12
62.867 601 0.12
62.867 516 0.24
62.987 594 0.12
63.107 78 0.24
63.227 235 0.12
63.347 11 0.24
63.347 331 0.12
63.707 653 0.24
63.707 643 0.12
63.947 283 0.06
64.007 697 0.06
64.067 562 0.12
64.247 660 0.12
64.307 287 0.48
64.307 736 0.24
64.427 233 0.12
64.547 243 0.12
64.667 37 0.12
64.847 243 0.12
64.907 221 0.12
65.027 41 0.12
65.027 296 0.24
65.147 197 0.12
65.267 425 0.12
65.387 165 0.12
65.507 507 0.06
65.627 159 0.12
65.747 744 0.12
65.747 22 0.24
65.867 535 0.12
65.987 291 0.12
66.107 840 0.12
66.227 22 0.06
66.287 266 0.06
66.347 535 0.12
66.407 179 0.06
66.467 390 0.12
66.587 882 0.24
66.707 114 0.18
66.827 23 0.12
66.947 107 0.12
67.067 824 0.06
67.127 463 0.06
67.187 315 0.12
67.187 791 0.12
67.547 715 0.12
67.547 631 0.12
67.907 317 0.12
67.907 459 0.12
68.147 554 0.12
68.267 544 0.12
68.267 151 0.12
68.627 684 0.12
68.627 237 0.12
68.867 707 0.12
68.987 480 0.96
68.987 861 0.96
69.947 316 0.06
70.007 352 0.06
70.067 62 0.12
70.187 676 0.12
70.247 865 0.06
70.367 512 0.12
70.427 89 0.12
70.547 200 0.24
70.547 332 0.24
70.787 347 0.12
71.027 275 0.12
71.027 126 0.12
71.387 298 0.12
71.507 823 0.12
71.627 13 0.12
71.747 856 0.12
71.867 662 0.12
71.987 321 0.12
72.107 874 0.12
72.227 887 0.24
72.587 446 0.24
72.947 221 0.12
72.947 263 0.12
73.187 574 0.12
73.307 528 0.24
73.547 124 0.12
73.787 755 0.12
73.907 206 0.24
74.147 891 0.12
74.267 166 0.24
74.627 544 0.24
74.867 801 0.12
74.867 716 0.12
74.987 201 0.12
75.107 167 0.12
75.227 775 0.12
75.347 372 0.12
75.467 67 0.12
75.587 456 0.12
75.707 309 0.12
75.827 671 0.24
76.067 789 0.12
76.187 178 0.24
76.427 875 0.12
76.787 577 0.12
76.787 686 0.12
76.907 341 0.12
77.027 420 0.12
77.147 522 0.12
77.267 857 0.12
77.387 339 0.12
77.507 656 0.12
77.627 735 0.12
77.747 467 0.12
77.867 322 0.12
77.987 307 0.12
78.107 844 0.12
78.227 390 0.24
78.347 670 0.24
78.467 683 0.24
78.587 158 0.12
78.707 487 0.12
78.707 820 0.12
78.827 452 0.12
78.947 458 0.12
79.067 170 0.12
79.187 299 0.12
79.307 797 0.12
79.427 615 0.12
79.547 394 0.12
79.667 9 0.24
79.907 400 0.12
80.027 583 0.24
80.267 106 0.12
80.507 117 0.12
80.627 49 0.12
80.627 86 0.12
80.867 166 0.12
80.987 197 0.24
81.227 441 0.12
81.347 342 0.12
81.467 193 0.12
81.587 425 0.24
81.827 664 0.12
81.947 741 0.24
82.187 242 0.12
82.307 235 0.24
82.547 664 0.12
82.547 527 0.12
82.667 538 0.12
82.787 855 0.12
82.907 443 0.12
83.027 164 0.12
83.147 511 0.12
83.267 320 0.12
83.387 748 0.12
83.507 232 0.24
83.747 886 0.12
83.867 125 0.24
84.107 591 0.24
84.467 25 1.2
84.467 290 1.92
85.667 776 0.12
85.787 674 0.12
85.907 778 0.12
86.027 230 0.12
86.147 614 0.12
86.267 812 0.12
86.387 621 1.44
86.387 382 0.12
87.827 307 0.48
88.307 492 1.44
89.747 864 0.48
90.227 127 1.44
90.227 441 0.12
90.707 557 0.08
90.787 468 0.08
90.867 720 0.08
90.947 402 0.08
91.027 522 0.08
91.107 269 0.08
91.187 221 0.08
91.267 223 0.08
91.347 436 0.08
91.427 149 0.24
91.667 505 1.44
91.667 782 0.12
92.147 369 0.08
92.227 251 0.08
92.307 699 0.08
92.387 735 0.08
92.467 831 0.08
92.547 698 0.08
92.627 438 0.08
92.707 448 0.08
92.787 577 0.08
92.867 425 0.24
93.107 333 0.12
93.167 779 0.12
93.227 74 0.12
93.467 237 0.12
93.587 358 0.12
93.587 123 0.12
93.827 593 0.12
93.947 166 0.12
93.947 90 0.12
94.187 809 0.12
94.307 6 0.12
94.307 872 0.12
94.547 744 0.12
94.667 331 0.12
94.667 535 0.12
94.787 409 0.12
94.907 91 0.12
95.027 119 0.12
95.147 393 0.12
95.267 126 0.12
95.387 647 0.12
95.507 477 0.12
95.627 33 0.12
95.747 492 0.12
95.867 68 0.12
95.987 875 0.12
95.987 738 0.12
96.227 93 0.12
96.347 336 0.24
96.707 403 0.12
96.827 181 0.12
96.947 92 0.12
96.947 479 0.24
97.067 184 0.12
97.187 721 0.12
97.187 135 0.12
97.307 321 0.12
97.427 144 0.12
97.427 696 0.24
97.547 0 0.24
97.667 59 0.24
97.787 874 0.12
97.907 551 0.24
97.907 18 0.12
98.027 260 0.12
98.147 762 0.12
98.147 796 0.12
98.267 468 0.12
98.387 522 0.12
98.387 194 0.12
98.507 617 0.12
98.627 251 0.12
98.627 890 0.12
98.747 550 0.12
98.867 384 0.24
98.867 126 0.12
98.987 788 0.12
99.107 151 0.12
99.107 525 0.12
99.227 730 0.12
99.347 228 0.12
99.347 255 0.12
99.467 442 0.12
99.587 172 0.12
99.587 29 0.12
99.707 477 0.12
99.827 276 0.12
99.827 750 0.12
99.947 602 0.12
100.067 701 0.12
100.067 17 0.12
100.187 558 0.12
100.307 369 0.12
100.307 34 0.12
100.427 68 0.12
100.547 795 0.12
100.547 391 0.12
100.667 690 0.12
100.787 736 0.24
100.787 48 0.12
100.907 331 0.12
101.027 394 0.24
101.027 105 0.12
101.147 522 0.12
101.267 85 0.24
101.267 587 0.24
101.507 787 0.12
101.507 277 0.12
101.627 332 0.12
101.747 556 0.24
101.747 17 0.12
101.867 800 0.12
101.987 81 0.12
101.987 321 0.12
102.107 99 0.12
102.227 603 0.12
102.227 864 0.12
102.347 521 0.12
102.467 629 0.12
102.467 191 0.12
102.587 473 0.12
102.707 583 0.24
102.707 614 0.24
102.947 795 0.12
102.947 573 0.12
103.067 874 0.12
103.187 363 0.12
103.187 626 0.12
103.307 397 0.12
103.427 786 0.12
103.427 248 0.12
103.547 291 0.12
103.667 468 0.24
103.667 364 0.24
103.907 431 0.24
103.907 16 0.24
104.147 52 0.12
104.147 896 0.12
104.267 629 0.12
104.387 235 0.12
104.387 818 0.12
104.507 350 0.12
104.627 599 0.12
104.627 470 0.12
104.747 547 0.12
104.867 88 0.12
104.867 847 0.12
104.987 732 0.12
105.047 541 0.12
105.107 467 0.12
105.107 0 0.12
105.227 214 0.12
105.227 499 0.12
105.347 631 0.12
105.347 154 0.12
105.467 157 0.12
105.467 586 0.12
105.587 555 0.24
105.587 44 0.12
105.707 806 0.12
105.827 256 0.12
105.827 140 0.12
105.947 707 0.12
106.067 441 0.12
106.067 331 0.12
106.187 631 0.12
106.307 669 0.12
106.307 816 0.12
106.427 692 0.12
106.547 134 0.24
106.547 216 0.12
106.667 28 0.12
106.787 684 0.12
106.787 451 0.12
106.907 405 0.12
107.027 718 0.12
107.027 568 0.12
107.147 886 0.12
107.267 265 0.12
107.267 894 0.12
107.387 112 0.12
107.507 880 0.12
107.507 872 0.12
107.627 247 0.12
107.747 150 0.12
107.747 782 0.12
107.867 581 0.12
107.987 221 0.12
107.987 556 0.12
108.107 50 0.12
108.227 220 0.12
108.227 807 0.12
108.347 488 0.12
108.467 598 0.24
108.467 456 0.12
108.587 587 0.12
108.707 606 0.24
108.707 425 0.12
108.827 134 0.12
108.947 374 0.24
108.947 250 0.24
109.187 212 0.12
109.187 257 0.12
109.307 163 0.12
109.307 720 0.12
109.427 7 0.12
109.427 509 0.12
109.547 743 0.12
109.667 850 0.12
109.667 647 0.12
109.787 301 0.12
109.907 467 0.12
109.907 351 0.12
110.027 535 0.12
110.147 335 0.12
110.147 568 0.12
110.267 148 0.12
110.387 447 0.24
110.387 73 0.24
110.627 167 0.12
110.627 469 0.12
110.747 239 0.12
110.867 325 0.12
110.867 174 0.12
110.987 839 0.12
111.107 172 0.12
111.107 665 0.12
111.227 343 0.12
111.347 311 0.24
111.347 162 0.24
111.587 459 0.24
111.587 240 0.24
111.827 780 0.12
111.827 803 0.12
111.947 335 0.12
112.067 434 0.12
112.067 184 0.12
112.187 352 0.12
112.307 318 0.12
112.307 783 0.12
112.427 400 0.12
112.487 822 0.12
112.547 491 0.12
112.547 385 0.12
112.667 590 0.12
112.667 675 0.12
112.787 200 0.06
112.787 184 0.12
112.847 298 0.12
112.907 546 0.12
113.027 373 0.06
113.027 12 0.06
113.087 251 0.06
113.087 858 0.06
113.147 638 0.06
113.147 470 0.06
113.267 262 0.36
113.267 834 0.36
113.507 401 0.12
113.507 801 0.12
113.747 325 0.24
113.747 812 0.12
113.867 12 0.24
113.987 346 0.24
113.987 789 0.12
114.107 3 0.12
114.227 891 0.24
114.227 537 0.24
114.467 764 0.24
114.467 497 0.12
114.587 900 0.24
114.707 787 0.24
114.707 179 0.12
114.827 135 0.24
114.947 488 0.12
114.947 689 0.12
115.067 480 0.12
115.187 141 0.12
115.187 831 0.24
115.307 395 0.24
115.427 429 0.24
115.547 644 0.12
115.667 848 0.24
115.667 447 0.12
115.787 396 0.12
115.907 579 0.36
116.027 352 0.24
116.147 15 0.12
116.147 614 0.12
116.387 541 0.12
116.387 602 0.24
116.507 143 0.24
116.627 784 0.24
116.747 729 0.24
116.867 724 0.36
116.867 559 0.12
117.107 460 0.36
117.107 59 0.36
117.347 181 0.36
117.347 175 0.12
117.587 491 0.24
117.587 42 0.12
117.707 244 0.12
117.827 605 0.24
117.827 113 0.12
117.947 283 0.24
118.067 177 0.36
118.067 436 0.24
118.307 696 0.24
118.307 723 0.12
118.427 737 0.12
118.547 30 0.12
118.547 364 0.24
118.667 11 0.12
118.787 820 0.24
118.787 718 0.12
118.907 633 0.24
119.027 826 0.24
119.027 531 0.24
119.267 153 0.24
119.267 119 0.24
119.507 385 0.12
119.507 336 0.12
119.627 822 0.12
119.747 265 0.12
119.867 114 0.12
119.987 625 0.12
119.987 536 0.12
120.107 859 0.12
120.107 478 0.12
120.227 421 0.12
120.227 792 0.12
120.347 153 0.12
120.347 810 0.12
120.467 758 0.24
120.467 86 0.12
120.587 338 0.24
120.707 710 0.24
120.707 847 0.12
120.827 740 0.12
120.947 263 0.24
120.947 632 0.12
121.067 316 0.12
121.187 78 0.24
121.187 408 0.12
121.307 205 0.12
121.427 337 0.24
121.427 769 0.12
121.547 831 0.12
121.667 483 0.24
121.667 660 0.12
121.787 101 0.12
121.907 662 0.24
121.907 844 0.12
122.027 858 0.12
122.147 720 0.24
122.147 65 0.12
122.267 745 0.12
122.387 85 0.24
122.387 55 0.12
122.507 520 0.12
122.627 331 0.24
122.627 309 0.12
122.747 374 0.12
122.867 814 0.24
122.867 341 0.12
122.987 313 0.12
123.107 26 0.12
123.107 346 0.24
123.227 539 0.12
123.347 570 0.24
123.347 145 0.12
123.467 680 0.12
123.587 283 0.24
123.587 832 0.12
123.707 779 0.12
123.827 682 0.24
123.827 334 0.12
123.947 358 0.12
124.067 666 0.24
124.067 399 0.12
124.187 134 0.12
124.307 346 0.24
124.307 47 0.12
124.427 853 0.12
124.547 896 0.24
124.547 91 0.24
124.667 586 0.12
124.787 241 0.12
124.847 311 0.12
124.907 732 0.12
125.027 293 0.12
125.087 883 0.12
125.147 285 0.12
125.267 433 0.12
125.327 367 0.12
125.387 38 0.12
125.507 851 0.12
125.567 162 0.12
125.627 603 0.12
125.687 886 0.12
125.747 223 0.12
125.807 724 0.12
125.867 657 0.12
125.987 298 0.12
126.047 430 0.12
126.107 177 0.12
126.227 868 0.12
126.287 370 0.12
126.347 500 0.12
126.467 747 0.12
126.527 702 0.12
126.587 435 0.12
126.647 528 0.12
126.707 786 0.12
126.767 24 0.12
126.827 64 0.12
126.947 198 0.12
127.007 21 0.12
127.067 372 0.12
127.187 614 0.12
127.247 538 0.12
127.307 651 0.12
127.427 413 0.12
127.427 593 0.12
127.547 499 0.12
127.547 792 0.12
127.667 726 0.12
127.727 516 0.12
127.787 570 0.12
127.907 424 0.12
127.967 664 0.12
128.027 590 0.12
128.147 624 0.12
128.267 729 0.12
128.327 335 0.12
128.387 82 0.12
128.507 255 0.12
128.507 404 0.12
128.627 236 1.92
128.627 162 1.92
130.427 569 0.06
130.547 520 0.12
130.607 540 0.12
130.667 143 0.12
130.727 200 0.12
130.787 248 0.12
130.847 0 0.12
130.907 858 0.12
130.967 713 0.12
131.027 627 0.12
131.087 57 0.12
131.147 22 0.12
131.207 669 0.12
131.267 822 0.12
131.327 751 0.12
131.387 290 0.12
131.447 533 0.12
131.507 778 0.12
131.567 797 0.12
131.627 339 0.12
131.687 475 0.12
131.747 114 0.12
131.807 403 0.12
131.867 317 0.12
131.927 729 0.12
131.987 261 0.12
132.047 173 0.12
132.107 471 0.12
132.167 99 0.12
132.227 566 0.12
132.287 130 0.12
132.347 92 0.12
132.407 23 0.12
132.467 254 0.24
132.587 619 0.12
