1.311 57 0
1.477 810 0
1.644 849 0
1.81 107 0
2.144 350 0
2.31 25 0
2.477 842 0
3.144 450 0
3.227 369 0
3.31 641 0
3.477 399 0
3.644 562 0
3.81 860 0
3.977 421 0
4.144 7 0
4.31 482 0
4.477 440 0
4.81 613 0
4.977 466 0
5.144 658 0
5.644 48 0
5.977 352 0
6.31 663 0
6.644 559 0
6.977 542 0
7.144 692 0
7.477 751 0
7.644 132 0
7.81 386 0
8.477 311 0
8.56 266 0
8.644 893 0
8.81 17 0
8.977 879 0
9.144 688 0
9.31 518 0
9.31 314 0
9.477 12 0
9.644 69 0
9.81 291 0
10.144 881 0
10.31 439 0
10.477 333 0
10.477 196 0
10.81 113 0
10.977 685 0
11.144 553 0
11.31 872 0
11.477 594 0
11.644 424 0.333
11.644 270 0
11.977 183 0
11.977 177 0
12.144 63 0
12.31 749 0
12.477 702 0
12.81 477 0
12.977 405 0
13.144 225 0
13.644 740 0
13.81 332 0
13.894 654 0
13.977 425 0
13.977 729 0
14.144 411 0
14.31 90 0
14.477 654 0
14.644 527 0
14.644 563 0
14.81 289 0
14.977 332 0
14.977 542 0
15.144 50 0
15.477 874 0
15.81 358 0
16.144 868 0
16.31 180 0
16.477 303 0
16.977 625 0
17.31 687 0
17.31 170 0
17.477 1 0
17.644 680 0
17.644 332 0
17.81 70 0
17.81 76 0
18.144 718 0
18.31 52 0
18.477 77 0
18.977 642 0
19.144 798 0
19.227 51 0
19.31 40 0
19.477 11 0
19.644 424 0
19.81 15 0
19.977 435 0
19.977 803 0
20.144 346 0
20.31 302 0
20.477 447 0
20.644 695 0
20.644 247 0
20.977 896 0
21.144 662 0
21.31 462 0
21.477 767 0
21.644 412 0
21.644 474 0
21.81 722 0
21.977 602 0
22.144 570 0
22.31 533 0
22.477 613 0
22.477 89 0
22.644 350 0.166
22.644 529 0
22.81 894 0
22.977 54 0
23.144 808 0
23.31 746 0.5
23.644 156 0.166
23.81 528 0.834
24.144 95 0
24.477 484 0
24.644 302 0.166
24.81 592 0.167
24.977 59 0.333
25.144 521 0.416
25.31 167 0.25
25.477 54 0
25.644 271 0.166
25.81 801 0.417
25.977 237 0
26.144 596 0.166
26.31 279 0.334
26.477 233 0
26.644 506 0.666
26.81 771 0.5
27.144 389 0
27.144 390 0.833
27.477 205 0.5
27.644 672 0
27.977 444 0
28.144 593 0
28.31 213 0.334
28.477 335 0
28.644 844 0.333
28.977 214 0.167
29.144 769 0.5
29.477 544 0
29.81 33 0
29.977 38 0
30.144 645 0
30.31 636 0.167
30.477 491 0.167
30.477 720 0.167
30.644 714 0.333
30.81 352 0
30.977 162 0.167
31.144 179 0
31.144 616 0.333
31.477 615 0.167
31.644 620 0.333
31.644 52 0.333
31.977 102 0.167
32.144 474 0
32.144 109 0
32.144 464 0.666
32.31 696 0
32.31 168 0
32.477 425 0
32.477 146 0
32.644 17 0
32.644 700 0
32.81 226 0
32.81 297 0
32.977 698 0
32.977 578 0
33.144 327 0
33.144 178 0
33.31 485 0
33.31 740 0
33.477 442 0
33.644 602 0
33.81 847 0
33.977 751 0
33.977 857 0.333
34.144 837 0
34.31 412 0.5
34.477 16 0
34.477 794 0.333
34.81 632 0
34.977 664 0
35.144 91 0
35.144 489 0.25
35.31 417 0
35.477 736 0
35.644 871 0
35.81 896 0.167
35.977 892 0
35.977 453 0.333
36.144 129 0
36.31 111 0.167
36.477 417 0.333
36.81 41 0
36.81 713 0.167
36.977 446 0
37.144 176 0.333
37.31 340 0
37.477 849 0.167
37.644 40 0
37.81 249 0
37.977 248 0.333
38.144 588 0
38.31 631 0.334
38.31 396 0.334
38.644 693 0
38.644 27 0.166
38.81 272 0
38.977 613 0
39.144 827 0
39.144 8 0.25
39.144 510 0.166
39.477 418 0
39.644 270 0.333
39.81 58 0.667
40.144 178 0
40.31 855 0.167
40.477 257 0.167
40.644 698 0
40.81 726 0
40.977 696 0.167
41.144 506 0.166
41.31 604 0.167
41.31 127 0.167
41.31 547 0.334
41.644 408 0.333
41.81 625 0.5
41.81 450 0.167
41.81 50 0.167
42.31 719 0.167
42.477 676 0.167
42.477 43 0.5
42.477 819 0.167
42.977 692 0.167
43.144 492 0.166
43.144 238 0.166
43.144 236 0.5
43.394 442 0.166
43.394 724 0.166
43.644 593 0.166
43.644 151 0.166
43.644 115 0.333
43.977 259 0
43.977 201 0
43.977 488 0
44.477 177 0
44.644 431 0
44.81 504 0
45.144 34 0
45.144 799 0
45.644 346 0
45.977 862 0
46.144 520 0
46.31 689 0
46.644 353 0
46.644 758 0
46.81 431 0
46.977 50 0
47.144 863 0
47.144 478 0
47.31 421 0
47.477 32 0
47.81 855 0
47.81 789 0
48.144 275 0
48.144 398 0
48.477 90 0
48.644 781 0
48.81 883 0.5
48.81 736 0
49.31 756 0
49.31 81 0
49.477 316 0
49.644 793 0
49.81 436 0
49.81 889 0
49.977 182 0
50.144 878 0
50.477 5 0
50.477 400 0
50.977 529 0
50.977 287 0
51.31 151 0
51.31 174 0
51.644 563 0
51.977 302 0
51.977 349 0
52.144 163 0
52.31 495 0
52.477 283 0
52.477 130 0
52.644 440 0
52.81 680 0
53.144 90 0
53.144 390 0
53.477 838 0
53.477 645 0
53.644 491 0
53.644 318 0
53.81 140 0
53.81 796 0
53.977 766 0
53.977 334 0
54.144 24 0
54.144 201 0
54.31 135 0.167
54.31 244 0
54.477 630 0.167
54.477 698 0
54.644 224 0.5
54.644 190 0
54.644 255 0
54.977 288 0
55.144 92 0.166
55.31 845 0.167
55.477 9 0
55.477 94 0.333
55.81 885 0
55.81 840 0.5
56.144 538 0
56.144 368 0.5
56.477 120 0
56.477 297 0.333
56.81 665 0.084
56.81 574 0.167
56.977 530 0.333
57.144 435 0.5
57.31 209 0
57.31 482 0
57.644 884 0.833
57.81 483 0.667
58.144 305 0
58.144 421 0
58.31 420 0
58.477 781 0.167
58.81 180 0
58.81 56 0
58.894 352 0
58.977 285 0
58.977 242 0
59.144 780 0
59.144 833 0
59.31 879 0
59.31 355 0
59.477 326 0
59.477 249 0
59.644 75 0.166
59.644 649 0
59.81 131 0
59.81 729 0.167
59.977 631 0
59.977 442 0.333
60.144 544 0
60.31 802 0
60.31 60 0
60.477 641 0.167
60.644 421 0.166
60.644 315 0
60.81 58 0.167
60.977 590 0
60.977 859 0
61.144 130 0.333
61.31 351 0
61.31 502 0
61.477 840 0.333
61.644 99 0
61.644 837 0
61.81 219 0.334
61.977 773 0
61.977 879 0
62.144 599 0.333
62.31 579 0
62.31 773 0
62.477 40 0
62.644 818 0
62.644 354 0
62.727 709 0
62.81 336 0
62.894 144 0
62.977 359 0
62.977 793 0
63.06 90 0
63.144 442 0
63.227 699 0
63.31 154 0
63.31 820 0
63.394 293 0
63.477 480 0
63.477 414 0
63.56 309 0
63.644 799 0
63.644 755 0
63.727 794 0
63.81 346 0
63.81 737 0
63.894 16 0
63.977 192 0.167
64.144 856 0.166
64.31 262 0.334
64.644 612 0.333
64.644 37 0.166
64.727 783 0
64.81 716 0
64.977 357 0.333
65.144 180 0
65.144 276 0
65.31 403 0.167
65.31 105 0
65.31 291 0.334
65.477 83 0
65.644 624 0
65.81 78 0
65.81 71 0.167
65.977 872 0
65.977 577 0.167
66.06 143 0
66.144 135 0
66.31 521 0
66.31 704 0.167
66.477 888 0
66.477 196 0.167
66.644 390 0
66.81 396 0
66.81 128 0.25
66.977 356 0
67.144 698 0.25
67.31 555 0
67.31 412 0
67.477 348 0.25
67.56 241 0
67.644 324 0
67.81 397 0.167
67.977 177 0
67.977 63 0.333
68.144 202 0.166
68.31 56 0
68.477 493 0
68.477 709 0.333
68.644 150 0
68.81 334 0.167
68.977 273 0.167
69.144 508 0
69.144 651 0.333
69.477 421 0
69.56 476 0
69.644 113 0
69.81 99 0
69.977 714 0.167
70.06 714 0
70.144 409 0.166
70.31 865 0.334
70.31 867 0
70.477 215 0
70.477 301 0.5
70.644 827 0
70.81 326 0
70.977 377 0
70.977 414 0.333
71.144 866 0
71.144 319 0.333
71.394 489 0
71.477 822 0
71.644 330 0
71.644 589 0.333
71.81 513 0
71.81 135 0.167
71.977 883 0
72.144 663 0
72.31 538 0
72.31 393 0.167
72.477 787 0
72.477 303 0.167
72.644 199 0
72.81 35 0.25
72.977 842 0
72.977 503 0
73.144 490 0.166
73.31 72 0
73.477 238 0.167
73.644 238 0.166
73.81 382 0
73.81 281 0
73.977 667 0.25
74.06 708 0.25
74.144 427 0
74.31 881 0
74.477 722 0.167
74.477 493 0.333
74.644 637 0
74.81 64 0
74.81 890 0.167
74.977 2 0
74.977 863 0
75.144 228 0.166
75.144 223 0.333
75.31 457 0
75.31 859 0
75.477 682 0.333
75.644 128 0
75.644 485 0
75.81 139 0.167
75.977 420 0.333
75.977 812 0.167
76.31 162 0
76.31 634 0.084
76.477 19 0
76.477 65 0.333
76.727 550 0
76.81 200 0
76.977 469 0
76.977 250 0.167
77.144 116 0
77.144 790 0.333
77.477 492 0
77.644 670 0.25
77.644 414 0
77.81 590 0
77.977 90 0.333
78.144 438 0
78.31 658 0.167
78.31 892 0.334
78.477 404 0
78.644 444 0.333
78.81 208 0
78.977 222 0
78.977 412 0.167
79.144 831 0.166
79.144 495 0.166
79.394 422 0
79.477 416 0.333
79.644 49 0
79.81 435 0
79.81 100 0.334
80.144 893 0.333
80.227 495 0
80.31 881 0
80.477 585 0
80.477 508 0.25
80.727 575 0
80.81 733 0
80.977 208 0.333
80.977 428 0
81.144 670 0
81.31 114 0
81.31 716 0.5
81.477 160 0
81.644 85 0
81.81 729 0.5
81.81 62 0.167
81.977 175 0
82.144 628 0
82.31 361 0.167
82.31 638 0
82.477 191 0.167
82.644 838 0
82.81 251 0
82.81 90 0.167
82.977 107 0
82.977 508 0.167
83.144 197 0
83.31 459 0.167
83.31 424 0.334
83.477 54 0
83.644 773 0.166
83.644 571 0.333
83.81 10 0
83.977 197 0.667
83.977 263 0.5
84.477 840 1.667
84.477 378 0
84.644 840 0
84.644 16 1.5
85.144 294 0
85.144 194 0
85.477 803 0
85.56 287 0
85.644 802 0
85.81 102 0
85.977 34 0
86.227 294 0
86.31 431 0
86.394 550 0
86.477 534 0
86.477 825 0
86.644 370 0
86.644 868 0
86.81 566 0
86.977 465 0
86.977 144 0
87.144 347 0
87.477 599 0
87.477 326 0
87.644 53 0
87.81 545 0
87.81 816 0
88.144 516 0
88.144 661 0
88.31 402 0
88.394 90 0
88.477 403 0
88.56 558 0
88.644 155 0
88.727 625 0
88.81 893 0
88.81 22 0
88.977 284 0
88.977 46 0
89.144 159 0
89.31 50 0
89.31 134 0
89.477 40 0
89.477 427 0
89.644 24 0
89.644 883 0
89.81 312 0
89.81 318 0
89.977 657 0
89.977 421 0
90.144 162 0
90.144 862 0
90.31 389 0
90.31 522 0
90.477 681 0
90.81 882 0
90.81 789 0
90.977 745 0
91.144 446 0
91.477 312 0
91.477 50 0
91.644 5 0
91.81 102 0
91.977 576 0
92.06 851 0
92.144 650 0
92.227 582 0
92.31 25 0
92.394 686 0
92.477 556 0
92.56 481 0
92.644 573 0
92.727 446 0
92.81 346 0
92.894 162 0
92.977 900 0
93.06 397 0
93.144 637 0
93.227 603 0
93.31 279 0
93.394 253 0
93.477 390 0
93.56 260 0
93.644 470 0
93.727 67 0
93.81 746 0
93.894 437 0
93.977 83 0
94.06 261 0
94.144 707 0
94.144 740 0
94.227 747 0
94.31 690 0
94.31 417 0
94.477 569 0
94.477 91 0
94.644 414 0
94.644 442 0
94.81 140 0
94.977 429 0
95.144 548 0
95.477 898 0
95.644 802 0
95.81 207 0
95.81 818 0
95.977 249 0
96.06 463 0
96.144 533 0
96.31 316 0
96.477 483 0
96.477 300 0
96.644 638 0
96.81 282 0
96.977 627 0
96.977 596 0
97.144 255 0
97.144 626 0
97.31 272 0
97.477 285 0
97.56 849 0
97.644 660 0
97.727 410 0
97.81 683 0
97.894 332 0
97.977 538 0
98.06 272 0
98.144 419 0
98.227 465 0
98.31 2 0
98.394 819 0
98.477 410 0
98.56 621 0
98.644 17 0
98.727 52 0
98.81 667 0
98.894 339 0
98.977 635 0
99.06 563 0
99.144 581 0
99.227 185 0
99.31 253 0
99.394 795 0
99.477 732 0
99.477 97 0
99.644 707 0
99.644 535 0
99.81 722 0
99.81 208 0
99.977 883 0
100.144 545 0
100.31 845 0
100.477 229 0
100.644 54 0
100.81 716 0
100.81 102 0
100.977 178 0
100.977 217 0
101.144 420 0
101.477 871 0
101.477 522 0
101.644 270 0
101.81 1 0
102.144 594 0
102.144 46 0
102.31 550 0
102.477 309 0
102.644 55 0
102.644 353 0
102.81 298 0
102.977 73 0
102.977 126 0
103.144 218 0
103.31 713 0
103.477 204 0
103.644 847 0
103.644 194 0
103.81 288 0
103.81 54 0
104.144 105 0
104.144 584 0
104.227 491 0
104.31 834 0
104.477 575 0
104.644 889 0
104.644 870 0
104.727 646 0
104.81 867 0
104.81 668 0
104.977 886 0
105.144 421 0
105.227 445 0
105.31 593 0
105.31 373 0
105.31 587 0
105.644 403 0
105.81 755 0
106.144 547 0
106.31 604 0
106.477 484 0
106.81 252 0
107.144 229 0
107.477 145 0
107.644 666 0
107.81 895 0
107.977 309 0
107.977 893 0
107.977 692 0
108.144 870 0
108.394 333 0
108.644 349 0
108.727 144 0
108.81 62 0
108.977 634 0
109.144 674 0
109.31 285 0
109.31 398 0
109.311 558 0
109.477 183 0
109.644 262 0
109.811 105 0
109.977 149 0.5
110.144 797 0
110.311 234 0.166
110.477 37 0.667
111.144 583 0
111.311 1 0
111.477 210 0
111.644 813 0.167
111.811 355 0.166
111.977 210 0
111.977 431 0.334
112.144 496 0
112.311 661 0.166
112.477 727 0.334
112.644 86 0
112.811 594 0.5
112.977 347 0.334
113.144 336 0
113.311 109 0.166
113.477 332 0.5
113.811 147 0
113.977 405 0
114.144 354 0
114.311 490 0
114.477 445 0
114.644 301 0
114.644 619 0
114.811 246 0
114.977 350 0.334
114.977 382 0
115.144 445 0
115.311 341 0.333
115.477 113 0
115.644 386 1.0
115.811 794 0.833
116.477 357 0
116.644 513 0
116.81 645 0
116.977 230 0.167
117.144 365 0.166
117.31 418 0.334
117.31 747 0
117.477 610 0
117.644 282 0.333
117.81 467 0.334
117.977 512 0
118.144 870 0.166
118.31 342 0.334
118.644 137 0.166
118.81 638 0.667
118.81 600 0
118.977 464 0
119.144 502 0
119.31 351 0
119.477 709 0
119.477 235 0
119.644 803 0
119.644 755 0
119.81 717 0
119.81 813 0
119.977 369 0
120.144 196 0
120.31 833 0
120.477 766 0
120.477 634 0
120.644 487 0.333
120.644 252 0
120.977 17 0.167
121.144 859 0.666
121.477 839 0
121.81 778 0
121.81 161 0.167
122.144 83 0
122.31 175 0.167
122.477 704 0.333
122.644 342 0
122.644 755 0.333
122.977 615 0.167
123.144 369 0
123.144 535 0.333
123.477 783 0.333
123.81 619 0.834
124.144 126 0
124.144 415 0.5
124.477 582 0
124.644 860 0.333
124.81 155 0
124.977 868 0.333
125.31 514 0
125.31 751 0.5
125.81 147 0
125.81 700 0.5
126.144 830 0
126.31 774 0.167
126.477 363 0.417
126.81 790 0
126.977 381 0.333
127.144 447 0.333
127.31 654 0
127.477 402 0
127.644 430 0
127.644 469 0.166
127.81 775 0.167
127.977 471 0
127.977 352 0.5
128.31 749 0.5
128.477 30 0.5
128.644 892 0
128.81 483 0
128.977 620 0.5
129.144 474 0
129.31 204 0.167
129.477 870 0.333
129.477 759 0.5
129.644 415 0
129.81 726 0
129.894 882 0
129.977 225 0
130.06 71 0
130.144 423 0
130.227 216 0
130.31 280 0
130.394 585 0
130.477 174 0
130.56 656 0
130.644 629 0
130.644 416 0
130.644 20 0
130.977 111 0
131.144 595 0
131.227 823 0
131.31 0 0
131.394 540 0
131.477 693 0
131.644 219 0
131.81 355 0.167
131.81 786 0.167
132.144 768 0
132.31 7 0
132.477 188 0.167
132.644 498 0
132.81 56 0
132.894 894 0
132.977 687 0
133.144 156 0
133.227 560 0
133.31 415 0.167
133.31 635 0.167
133.644 168 0
133.81 58 0
133.977 10 0
134.06 24 0
134.144 867 0
134.31 266 0
134.31 269 0
134.477 321 0.167
134.477 263 0.167
134.81 78 0
134.977 80 0
135.144 607 0
135.227 491 0
135.31 675 0
135.477 791 0
135.644 224 0
135.644 578 0
135.81 702 0
135.977 800 0.167
135.977 888 0.167
136.144 655 0
136.227 388 0
136.31 243 0.334
136.644 247 0
136.81 470 0
136.977 246 0
137.144 489 0.166
137.144 450 0.166
137.477 369 0
137.644 132 0
137.644 592 0
137.81 201 0
137.977 672 0
138.06 867 0
138.144 140 0
138.31 394 0
138.477 460 0
138.644 689 0.166
138.644 757 0.333
138.977 483 0
139.144 505 0.166
139.144 378 0.333
139.477 115 0
139.644 783 0
139.81 151 0
139.977 120 0
140.144 325 0
140.227 258 0
140.31 238 0
140.31 151 0
140.477 331 0
140.644 642 0
140.81 55 0
140.81 655 0
140.977 237 0
141.144 176 0
141.31 394 0.167
141.31 681 0.334
141.31 8 0
141.644 303 0
141.81 664 0
141.977 427 0
142.06 478 0
142.144 308 0
142.31 245 0
142.477 674 0.167
142.477 541 0.167
142.81 82 0
142.977 220 0
142.977 636 0
143.144 133 0
143.31 32 0
143.477 650 0
143.644 688 0
143.644 190 0
143.81 143 0
143.977 109 0.167
143.977 618 0.167
144.31 102 0
144.31 26 0
144.477 182 0
144.644 547 0
144.81 722 0
144.977 761 0
144.977 340 0
145.144 272 0.166
145.144 665 0.166
145.477 456 0
145.644 604 0
145.644 187 0
145.81 27 0
145.81 471 0.167
145.977 489 0
146.144 279 0.333
146.31 312 0
146.31 527 0
146.477 462 0
146.644 758 0.166
146.644 82 0.166
146.644 669 0.333
146.977 522 0
146.977 866 0
147.144 790 0.666
147.644 141 0
147.644 411 0
147.81 547 0.167
147.81 807 0.167
147.977 192 0
148.144 873 0
148.31 685 0
148.31 594 0
148.477 169 0
148.644 453 0
148.81 41 0
148.977 9 0
148.977 298 0
149.144 388 0
149.31 296 0.167
149.31 427 0.167
149.644 473 0
149.644 176 0
149.81 248 0
149.977 867 0
150.144 472 0
150.31 118 0
150.31 97 0
150.477 544 0
150.56 212 0
150.644 548 0.166
150.644 355 0.166
150.81 469 0
150.977 422 0
150.977 699 0
151.144 291 0.166
151.144 342 0.166
151.31 383 0
151.394 444 0.166
151.394 815 0.166
151.644 178 0
151.644 677 0.333
151.977 86 0.333
152.31 376 0.084
152.31 595 0.167
152.31 10 0.167
152.644 703 0
152.727 118 0
152.81 605 0
152.894 788 0
152.977 406 0
153.06 383 0
153.144 526 0.166
153.144 801 0.166
153.144 578 0.083
153.477 379 0
153.56 311 0
153.644 64 0
153.727 781 0
153.81 719 0
153.894 141 0
153.977 252 0
154.06 207 0
154.144 782 0
154.227 298 0
154.31 285 0
154.394 551 0
154.477 580 0
154.56 291 0
154.644 2 0.166
154.81 451 0.167
154.977 278 0.083
154.977 140 0.167
154.977 436 0.167
155.31 892 0
155.394 830 0
155.477 756 0
155.644 106 0
155.727 818 0
155.81 744 0.167
155.81 461 0.167
155.81 351 0.167
156.144 631 0
156.31 38 0
156.477 215 0
156.56 151 0
156.644 443 0
156.81 821 0
156.977 37 0
157.144 275 0
157.31 499 0
157.477 806 0
157.644 613 0.25
157.644 51 0.333
157.644 358 0.166
157.977 414 0
158.06 899 0
158.144 319 0
158.31 512 0
158.477 374 0.167
158.477 587 0.25
158.477 705 0.333
158.977 528 0
159.144 872 0
159.31 480 0
159.31 528 0
159.477 44 0
159.644 102 0
159.81 371 0
159.977 250 0
160.144 267 0
160.31 155 0.334
160.31 818 0.5
160.31 751 0.25
160.644 666 0
160.81 854 0
161.144 128 0.333
161.144 634 0.416
161.144 543 0.5
161.144 271 0.5
161.977 573 0.083
161.977 101 0.167
161.977 308 0.167
161.977 715 0.167
162.31 310 0
162.394 56 0
162.477 673 0
162.56 747 0
162.644 620 0
162.644 732 0
162.644 697 0
162.644 803 0
162.81 423 0
162.81 237 0
162.977 552 0
163.144 56 0
163.31 148 0
163.477 510 0
163.644 62 0
163.81 826 0
163.977 62 0
164.144 47 0
164.31 612 0
164.477 818 0
164.644 74 0
164.81 895 0
164.977 722 0
165.144 476 0
165.31 35 0
165.31 852 0
165.477 160 0
165.644 837 0
165.81 226 0
165.977 720 0
166.144 754 0
166.31 328 0
166.477 344 0
166.644 383 0
166.81 314 0
166.977 633 0
167.144 769 0
167.31 533 0
167.477 200 0
167.644 446 0
167.81 546 0
167.977 454 0
167.977 212 0
168.144 389 0
168.31 461 0
168.477 772 0
168.644 76 0
168.81 402 0
168.977 759 0
169.144 859 0
169.31 100 0
169.477 473 0
169.644 44 0
169.81 327 0
169.977 722 0
170.144 771 0
170.31 316 0
170.477 297 0
170.644 588 0
170.644 828 0
170.81 835 0
170.977 283 0
171.144 869 0
171.31 272 0
171.477 241 0
171.644 845 0
171.81 603 0
171.977 16 0
172.144 479 0
172.144 453 0.166
172.31 215 0.167
172.31 814 0
172.477 681 0.167
172.477 608 0
172.644 858 0.166
172.644 334 0
172.81 250 0.167
172.81 568 0.167
172.977 268 0.167
173.144 732 0
173.144 331 0.166
173.31 700 0
173.31 520 0.5
173.477 459 0
173.644 310 0
173.644 644 0
173.81 900 0.167
173.977 317 0.167
174.144 207 0
174.144 583 0.333
174.31 797 0
174.31 227 0
174.477 98 0
174.477 724 0.333
174.81 678 0
174.81 433 0.334
174.977 297 0
174.977 254 0
175.144 277 0.166
175.144 104 0.333
175.477 312 0
175.477 299 0.167
175.644 728 0
175.644 614 0.166
175.81 360 0.5
175.977 234 0
175.977 154 0
176.31 654 0
176.31 152 0.167
176.477 265 0.5
176.81 96 0
176.81 806 0
176.977 1 0
176.977 487 0
177.144 652 0
177.144 601 0
177.31 853 0
177.477 32 0
177.56 480 0
177.644 471 0
177.644 460 0
177.81 391 0
177.81 220 0
177.977 793 0
177.977 751 0
178.144 2 0
178.144 17 0
178.31 393 0
178.31 338 0
178.422 3 0
178.477 631 0
178.533 486 0
178.588 211 0
178.644 419 0
178.644 19 0
178.727 467 0
178.81 351 0
178.81 892 0
178.894 357 0
178.977 103 0
178.977 594 0
179.06 156 0
179.144 790 0
179.144 744 0
179.227 630 0
179.31 285 0
179.31 568 0
179.394 271 0
179.477 471 0
179.477 324 0
179.56 872 0
179.644 420 0
179.644 738 0
179.727 657 0
179.81 209 0
179.81 116 0
179.894 541 0
179.977 216 0
179.977 653 0
180.06 857 0
180.06 783 0
180.144 278 0
180.144 696 0
180.227 486 0
180.227 770 0
180.31 33 0
180.31 6 0
180.394 395 0
180.394 623 0
180.477 496 0
180.477 98 0
180.56 769 0
180.56 103 0
180.644 80 0
180.644 166 0
180.699 535 0
180.755 772 0
180.81 353 0
180.866 81 0
180.922 245 0
180.977 289 0
181.033 195 0
181.088 668 0
181.144 168 0
181.199 475 0
181.255 294 0
181.31 138 0.334
181.31 180 0
181.31 682 0
181.644 137 0.166
181.81 294 1.334
181.81 308 0
181.81 673 0
181.977 493 0
182.144 663 0
182.644 277 0
182.644 693 0
182.644 673 0
183.144 707 0
183.144 386 0
183.144 467 0
183.477 433 0
183.477 505 0
183.644 845 0.166
183.644 660 0
183.727 491 0
183.81 243 0
183.977 275 0.333
183.977 2 0
183.977 277 0
184.477 65 0.167
184.477 416 0
184.477 113 0
184.644 621 1.0
185.144 53 0
185.31 426 0
185.31 597 0
185.31 153 0
185.81 139 0
185.81 833 0
185.81 185 0
185.977 262 0.167
185.977 896 0.25
186.144 114 0.166
186.31 249 0.334
186.31 704 0.334
186.477 288 0
186.644 502 0.333
186.644 645 0.5
186.81 618 0
186.977 182 0
187.144 608 0
187.144 432 0.5
187.31 851 0.334
187.477 191 0
187.477 117 0
187.644 276 0.166
187.81 341 0
187.81 660 0.334
187.977 291 0
188.144 456 0.333
188.31 155 0
188.477 821 0.667
188.477 644 0
188.644 394 0
188.644 140 0
188.81 684 0.334
188.894 32 0
188.977 285 0
189.144 380 0
189.31 463 0.167
189.31 623 0.334
189.644 698 0
189.644 286 0.166
189.81 262 0.167
189.81 756 0.5
190.06 232 0
190.144 3 0
190.31 542 0
190.31 257 0.667
190.477 811 0
190.477 874 0.5
190.81 312 0
190.81 72 0
190.977 232 0
191.144 622 0
191.144 533 0
191.31 403 0.167
191.394 18 0
191.477 59 0.167
191.644 99 0
191.644 500 0.333
191.644 697 0.166
191.81 178 0.5
191.977 302 0
191.977 424 0
192.144 115 0
192.31 64 0.334
192.31 649 0.167
192.477 319 0.167
192.477 885 0.333
192.727 652 0
192.81 368 0
192.977 660 0
192.977 264 0.167
193.144 690 0.5
193.144 808 0.333
193.477 688 0
193.477 187 0
193.644 899 0.333
193.81 866 0.334
193.977 208 0
194.06 229 0
194.144 532 0.25
194.31 813 0
194.31 694 0
194.477 211 0.333
194.644 542 0
194.644 883 0
194.81 480 0
194.81 529 0.167
194.977 279 0.333
195.144 411 0
195.144 320 0
195.31 712 0.167
195.477 837 0
195.477 815 0.167
195.644 869 0.166
195.81 426 0
195.81 820 0
195.81 174 0.334
196.144 457 0
196.144 72 0.333
196.31 143 0
196.31 271 0
196.477 619 0
196.477 665 0.5
196.644 160 0
196.644 582 0
196.81 109 0
196.81 219 0.334
196.977 843 0
197.144 452 0
197.144 716 0.5
197.31 849 0
197.31 348 0
197.477 720 0
197.644 739 0.166
197.81 739 0
197.81 145 0.334
197.977 168 0
198.06 284 0
198.31 173 0
198.31 346 0.167
198.477 872 0.333
198.477 19 0.333
198.81 307 0
198.977 768 0
198.977 161 0.167
199.144 37 0
199.31 336 0.5
199.477 442 0
199.644 557 0
199.644 744 0.166
199.81 857 0
199.977 629 0.333
199.977 831 0
200.144 889 0.166
200.31 900 0.334
200.477 658 0.25
200.477 563 0
200.727 459 0
200.81 823 0.167
200.977 115 0
201.143 578 0.167
201.143 887 0.334
201.477 540 0.166
201.477 823 0.333
201.56 117 0
201.643 292 0
201.81 437 0.333
202.06 434 0
202.143 69 0
202.31 7 0.333
202.31 319 0
202.477 783 0
202.643 263 0
202.643 784 0.834
202.81 191 0
202.893 433 0
203.06 274 0
203.143 385 0.5
203.31 669 0
203.31 469 0
203.643 622 0.334
203.81 854 0
203.81 718 0.5
203.893 450 0
203.977 55 0
204.143 316 0
204.143 113 0
204.227 212 0
204.31 420 0.667
204.393 211 0
204.477 670 0
204.643 887 0
204.643 516 0.334
204.81 760 0
204.977 550 0.166
204.977 781 0.333
205.143 568 0
205.31 818 0.5
205.31 744 0.333
205.477 195 0
205.643 850 0
205.81 356 0.333
205.81 741 1.0
205.977 697 0
206.143 333 0
206.31 369 1.333
206.477 80 0
206.56 572 0
206.643 485 0
206.81 414 0.833
207.643 466 0.334
207.81 442 0
207.977 574 2.333
207.977 744 0
207.977 510 0
208.143 380 0
208.31 827 0
208.477 302 0
208.81 38 0
208.81 323 0
208.977 823 0
209.143 840 0
209.477 308 0
209.477 790 0
209.643 276 0
209.81 589 0
210.143 346 0
210.31 733 0
210.31 562 0.333
210.477 818 0
210.643 547 0
210.643 853 0.834
210.81 732 0
210.977 123 0
210.977 579 0
211.143 101 0
211.477 671 0
211.477 367 0.333
211.643 212 0
211.81 836 1.0
212.143 369 0
212.143 402 0
212.31 333 0
212.477 62 0
212.81 832 0.5
212.81 286 0
212.81 147 0
212.977 236 0
213.143 495 0
213.31 80 0
213.31 559 1.167
213.477 667 0
213.643 829 0
213.81 91 0
214.143 143 0
214.143 14 0
214.31 248 0
214.477 582 0
214.477 664 0.833
214.81 866 0
214.81 477 0
214.977 671 0
215.143 472 0
215.31 289 0.167
215.477 642 0
215.477 331 0.166
215.56 440 0
215.643 760 0
215.643 790 0.167
215.81 201 0
215.81 227 0.167
215.977 798 0
215.977 269 1.0
216.143 838 0
216.31 598 0
216.477 339 0
216.56 165 0
216.81 51 0
216.81 639 0
216.977 328 0.166
217.143 246 0
217.143 196 0.5
217.31 567 0
217.393 436 0
217.477 821 0
217.643 822 0.167
217.643 602 0
217.81 51 0
217.81 329 0.833
217.977 326 0
218.143 256 0
218.143 310 0
218.31 757 0
218.393 823 0
218.477 348 0
218.56 570 0
218.643 627 0
218.643 658 0
218.81 867 0
218.977 335 0
218.977 589 0
219.143 180 0
219.31 248 0
219.31 697 0
219.477 875 0
219.643 45 0
219.643 243 0
219.81 899 0
219.977 70 0
219.977 358 0
219.977 673 0
220.143 74 0
220.227 359 0
220.31 756 0
220.31 538 0
220.393 508 0
220.477 415 0
220.56 767 0
220.643 276 0
220.643 101 0
220.81 209 0
220.977 513 0
220.977 561 0
221.143 625 0
221.227 618 0
221.31 337 0
221.31 1 0
221.393 357 0
221.477 651 0
221.56 899 0
221.643 538 0
221.643 579 0
221.727 218 0
221.81 624 0
221.893 824 0
221.977 361 0
221.977 169 0
222.06 848 0
222.143 476 0
222.227 754 0
222.31 124 0
222.31 623 0
222.393 535 0
222.477 867 0
222.56 301 0
222.643 602 0
222.643 565 0
222.643 430 0
222.727 728 0
222.81 536 0
222.893 302 0
222.977 61 0
222.977 419 0
223.143 795 0
223.143 41 0
223.31 335 0
223.31 12 0
223.393 506 0
223.477 693 0
223.643 324 0
223.643 248 0
223.727 137 0
223.81 492 0
223.977 275 0
223.977 311 0
223.977 852 0
224.06 179 0
224.143 251 0
224.227 344 0
224.31 858 0
224.31 425 0
224.393 15 0
224.477 715 0
224.56 431 0
224.643 629 0
224.643 160 0
224.727 207 0
224.81 764 0
224.893 835 0
224.977 63 0
224.977 148 0
225.06 221 0
225.143 572 0
225.143 2 0
225.227 107 0
225.31 234 0
225.31 161 0
225.393 460 0
225.477 426 0
225.477 225 0
225.56 210 0
225.643 109 0
225.643 205 0
225.727 692 0
225.81 656 0
225.81 326 0
225.893 382 0
225.977 631 0
225.977 130 0
226.06 754 0
226.143 261 0
226.143 712 0
226.227 222 0
226.31 828 0
226.31 812 0
226.31 174 0
226.393 373 0
226.477 229 0
226.56 849 0
226.643 273 0
226.643 115 0
226.727 330 0
226.727 47 0
226.81 283 0
226.81 276 0
226.893 415 0
226.893 429 0
226.977 200 0
226.977 231 0
227.06 900 0
227.06 378 0
227.143 485 0
227.143 552 0
227.227 495 0
227.227 500 0
227.31 426 0
227.31 873 0
227.393 135 0
227.393 51 0
227.477 842 0
227.477 773 0
227.56 172 0
227.56 510 0
227.643 780 0
227.643 867 0
227.727 26 0
227.727 40 0
227.81 573 0
227.81 682 0
228.143 454 0
228.227 702 0
228.31 425 0
228.393 599 0
228.477 649 0
228.56 230 0
228.643 874 0
228.727 857 0
228.81 542 0
228.893 737 0
228.977 243 0
229.06 766 0
229.31 673 0
229.31 637 0
229.31 59 0
229.477 600 0
229.56 61 0
229.643 515 0
229.727 831 0
229.81 6 0
229.893 128 0
229.977 269 0
230.06 430 0
230.143 268 0
230.227 780 0
230.31 37 0
230.393 528 0
230.477 124 0
230.56 361 0
230.643 752 2.667
230.643 140 0
230.643 390 0
