1.022 530 0
1.184 167 0
1.346 439 0
1.508 175 0
1.67 875 0.162
1.832 46 0
1.994 578 0
2.157 880 0
2.319 406 0
2.481 869 0
2.643 218 0.162
2.805 355 0
2.967 875 0
3.13 674 0
3.292 556 0
3.454 103 0.162
3.616 354 0.041
3.616 846 0
3.778 186 0
3.94 783 0
4.103 442 0
4.265 273 0
4.427 597 0
4.589 319 0
4.751 733 0
4.913 237 0
5.076 490 0.162
5.238 196 0.162
5.4 129 0.162
5.562 287 0
5.724 111 0
5.886 331 0.163
6.049 199 0
6.049 769 0
6.13 436 0
6.13 477 0
6.211 397 0
6.211 878 0
6.373 330 0
6.535 669 0
6.535 407 0
6.697 339 0
6.697 528 0
6.778 583 0
6.859 711 0
6.859 368 0
6.94 58 0
7.021 3 0
7.021 5 0
7.184 879 0
7.346 259 0
7.386 199 0
7.427 136 0
7.467 746 0
7.508 616 0
7.508 165 0
7.67 105 0
7.67 74 0
7.832 766 0
7.832 735 0
7.913 768 0
7.994 764 0
7.994 554 0
8.157 803 0
8.319 806 0
8.319 381 0
8.4 559 0
8.481 782 0
8.481 170 0
8.643 335 0
8.643 800 0
8.724 140 0
8.805 476 0
8.805 378 0
8.805 414 0
8.967 142 0
9.13 506 0
9.13 469 0
9.292 139 0
9.292 576 0
9.373 472 0
9.454 130 0
9.454 246 0
9.535 187 0
9.616 389 0
9.616 38 0
9.778 776 0
9.778 225 0
9.94 500 0
9.981 651 0
10.021 441 0
10.062 3 0
10.103 517 0
10.103 872 0
10.265 142 0
10.265 289 0
10.427 406 0
10.427 835 0
10.508 481 0
10.589 605 0
10.589 117 0
10.751 714 0
10.751 777 0
10.913 513 0
10.913 38 0
10.994 452 0
11.076 737 0
11.076 476 0
11.238 476 0
11.238 695 0
11.319 283 0
11.4 566 0
11.4 371 0
11.4 774 0
11.562 514 0.041
11.724 21 0.041
11.724 125 0
11.886 35 0
11.886 313 0.041
11.967 340 0
12.049 447 0
12.049 509 0.04
12.13 100 0
12.211 38 0.04
12.211 230 0
12.373 557 0
12.373 32 0.04
12.535 839 0.041
12.535 621 0
12.576 791 0
12.616 529 0
12.657 436 0
12.697 61 0
12.697 358 0
12.859 304 0
12.859 226 0.041
13.021 226 0
13.021 169 0.041
13.103 458 0
13.184 258 0
13.184 184 0.04
13.346 732 0
13.346 475 0.04
13.508 301 0
13.508 636 0.041
13.589 645 0
13.67 34 0
13.67 180 0.041
13.832 337 0
13.832 577 0.041
13.913 147 0
13.994 150 0
13.994 346 0
14.157 705 0.04
14.319 21 0
14.319 289 0.04
14.481 272 0
14.481 251 0.04
14.562 29 0
14.643 210 0
14.643 73 0.041
14.724 382 0
14.805 686 0
14.805 589 0.041
14.967 872 0
14.967 493 0.041
15.13 46 0
15.13 94 0.04
15.17 577 0
15.211 343 0
15.251 834 0
15.292 475 0
15.292 152 0
15.454 754 0
15.454 11 0.04
15.616 553 0
15.616 428 0.041
15.697 213 0
15.778 261 0
15.778 453 0.041
15.94 429 0
15.94 662 0.041
16.103 409 0
16.103 6 0.04
16.184 243 0
16.265 783 0
16.265 489 0.04
16.427 625 0
16.427 339 0.04
16.508 698 0
16.589 266 0
16.589 480 0
16.751 392 0.041
16.913 747 0
16.913 496 0.041
17.076 489 0
17.076 448 0.04
17.157 95 0
17.238 49 0
17.238 130 0.04
17.319 857 0
17.4 462 0
17.4 197 0.04
17.562 619 0
17.562 445 0.041
17.724 519 0
17.724 388 0.041
17.765 663 0
17.805 822 0
17.846 674 0
17.886 863 0
17.886 125 0
18.049 734 0
18.049 27 0.04
18.211 197 0
18.211 661 0.04
18.292 136 0
18.373 205 0
18.373 751 0.04
18.535 211 0
18.535 78 0.041
18.697 181 0
18.697 554 0.041
18.778 362 0
18.859 354 0
18.859 230 0.041
19.021 522 0
19.021 726 0.041
19.103 787 0
19.184 797 0
19.184 783 0
19.346 10 0.04
19.508 234 0
19.508 558 0.041
19.67 214 0
19.67 691 0.041
19.751 610 0
19.832 201 0
19.832 501 0.041
19.913 117 0
19.994 447 0
19.994 558 0.041
20.157 344 0
20.157 877 0.04
20.319 425 0
20.319 65 0.04
20.359 431 0
20.4 591 0
20.44 48 0
20.481 179 0
20.481 49 0
20.643 496 0
20.643 70 0.041
20.805 428 0
20.805 522 0.041
20.886 161 0
20.967 582 0
20.967 294 0.041
21.13 364 0
21.13 270 0.04
21.292 803 0
21.292 106 0.04
21.373 612 0
21.454 91 0
21.535 669 0
21.616 266 0
21.697 514 0
21.778 427 0
21.778 421 0
21.778 502 1.298
21.94 321 0
21.94 770 0
22.103 286 0
22.103 424 0
22.265 92 0
22.265 865 0
22.427 165 0
22.427 83 0
22.589 565 0
22.589 79 0
22.751 584 0
22.751 850 0
22.913 818 0
22.913 34 0
23.076 505 0
23.076 294 0
23.238 160 0
23.238 780 0
23.4 104 0
23.4 154 0
23.562 137 0
23.562 459 0
23.724 825 0
23.724 203 0
23.886 764 0
23.886 121 0
24.049 392 0
24.049 149 0
24.211 900 0
24.211 336 0
24.373 283 0
24.373 664 0
24.535 756 0
24.535 626 0
24.697 612 0
24.697 536 0
24.859 195 0
24.859 671 0
25.021 469 0
25.021 471 0
25.184 523 0
25.184 544 0
25.346 302 0
25.346 856 0
25.508 540 0
25.508 664 0
25.67 511 0.041
25.67 650 0
25.67 37 0
25.832 682 0
25.832 527 0
25.994 403 0
25.994 394 0
26.157 658 0
26.157 230 0
26.157 566 0.04
26.319 669 0
26.319 66 0
26.481 507 0
26.481 212 0
26.481 48 0
26.643 101 0
26.643 147 0
26.643 457 0
26.805 705 0
26.805 584 0
26.805 772 0
26.967 830 1.217
26.967 900 0
26.967 550 0
27.13 281 0
27.13 649 0
27.292 107 0
27.292 228 0
27.454 217 0
27.454 376 0
27.616 165 0
27.616 819 0
27.778 31 0
27.778 640 0
27.94 408 0
27.94 400 0
28.103 808 0
28.103 311 0
28.265 387 0.04
28.265 721 0
28.265 275 0
28.427 570 0
28.427 46 0
28.589 255 0
28.589 280 0
28.751 718 0.041
28.751 715 0
28.751 859 0
28.913 787 0
28.913 78 0
29.076 787 0
29.076 624 0
29.238 581 0.04
29.238 724 0
29.238 73 0
29.4 383 0
29.4 654 0
29.562 849 0
29.562 273 0
29.562 741 0.041
29.724 700 0
29.724 417 0
29.886 886 0
29.886 688 0
30.049 111 0
30.049 76 0
30.211 745 0
30.211 191 0
30.373 765 0
30.373 436 0
30.535 724 0
30.535 541 0
30.697 595 0
30.697 568 0
30.778 123 0
30.859 48 0
30.859 308 0
30.94 712 0
31.021 112 0
31.021 453 0
31.103 707 0
31.184 214 0
31.184 860 0
31.265 276 0
31.346 771 0
31.346 226 0
31.427 775 0
31.508 240 0
31.508 649 0
31.589 600 0
31.67 457 0
31.67 289 0
31.751 373 0
31.751 180 0
31.832 677 0
31.832 233 0
31.913 194 0
31.913 413 0
31.994 187 0
31.994 467 0
32.076 258 0
32.076 633 0
32.157 476 0
32.157 658 0
32.319 355 0.04
32.481 811 0
32.481 309 0.04
32.643 298 0
32.643 119 0.041
32.724 150 0
32.805 698 0
32.805 59 0.041
32.886 382 0
32.967 631 0
32.967 683 0.041
33.13 894 0
33.13 43 0.04
33.292 117 0
33.292 214 0.04
33.332 332 0
33.373 585 0
33.413 396 0
33.454 41 0
33.454 649 0
33.616 533 0.041
33.616 461 0
33.778 746 0
33.778 260 0.041
33.859 534 0
33.94 793 0.041
33.94 525 0
34.103 746 0
34.103 301 0.04
34.265 481 0
34.265 129 0.04
34.346 14 0
34.427 394 0
34.427 449 0.04
34.589 218 0.041
34.589 728 0
34.67 74 0
34.751 298 0
34.751 474 0
34.913 762 0.041
35.076 612 0.04
35.076 570 0
35.238 519 0.04
35.238 837 0
35.319 762 0
35.4 812 0.04
35.4 719 0
35.481 35 0
35.562 426 0.041
35.562 219 0
35.724 768 0.041
35.724 349 0
35.886 159 0.041
35.886 193 0
35.927 749 0
35.967 487 0
36.008 790 0
36.049 364 0
36.049 3 0
36.211 422 0.04
36.211 2 0
36.373 316 0
36.373 746 0.04
36.454 813 0
36.535 888 0.041
36.535 116 0
36.697 619 0.041
36.697 476 0
36.859 483 0
36.859 839 0.041
36.94 454 0
37.021 265 0
37.021 306 0.041
37.184 715 0.04
37.184 329 0
37.265 831 0
37.346 396 0
37.346 165 0
37.508 389 0.041
37.67 676 0
37.67 858 0.041
37.832 4 0
37.832 304 0.041
37.913 38 0
37.994 410 0
37.994 339 0.041
38.076 390 0
38.157 425 0
38.157 691 0.04
38.319 730 0
38.319 564 0.04
38.481 47 0
38.481 267 0.04
38.521 6 0
38.562 836 0
38.603 680 0
38.643 556 0
38.643 296 0
38.805 858 0
38.805 317 0.041
38.967 99 0.041
38.967 513 0
39.049 582 0
39.13 461 0
39.13 338 0.04
39.292 489 0
39.292 193 0.04
39.454 149 0.04
39.454 666 0
39.535 467 0
39.616 365 0.041
39.616 105 0
39.778 134 0
39.778 701 0.041
39.859 63 0
39.94 852 0
39.94 178 0
40.103 178 0.04
40.265 407 0
40.265 389 0.04
40.427 3 0.04
40.427 172 0
40.508 541 0
40.589 534 0
40.589 466 0.041
40.67 496 0
40.751 187 0.041
40.751 689 0
40.913 41 0
40.913 155 0.041
41.076 900 0.04
41.076 220 0
41.116 254 0
41.157 784 0
41.197 416 0
41.238 546 0
41.238 506 0
41.4 653 0
41.4 60 0.04
41.562 377 0.041
41.562 74 0
41.643 461 0
41.724 794 0
41.724 181 0.041
41.886 569 0
41.886 196 0.041
42.049 251 0.04
42.049 356 0
42.13 652 0
42.211 710 0
42.292 44 0
42.373 381 0
42.454 774 0
42.535 879 0
42.535 608 1.297
42.535 650 0
42.616 270 0
42.697 883 0
42.778 400 0
42.859 671 0
42.859 248 0
42.94 296 0
43.021 695 0
43.103 232 0
43.184 662 0
43.184 524 0
43.265 536 0
43.346 821 0
43.427 786 0
43.508 2 0
43.508 694 0
43.589 683 0
43.67 214 0
43.751 713 0
43.832 512 0
43.832 505 0
43.913 539 0
43.994 599 0
43.994 858 0
44.076 135 0
44.157 402 0
44.157 58 0
44.238 487 0
44.319 261 0
44.319 32 0
44.4 647 0
44.481 841 0
44.481 263 0
44.562 730 0
44.643 661 0
44.643 565 0
44.724 224 0
44.805 536 0
44.805 48 0
44.886 91 0
44.967 189 0
44.967 316 0
45.049 648 0
45.13 227 0
45.13 212 0
45.211 99 0
45.292 191 0
45.292 516 0
45.373 236 0
45.454 100 0
45.454 69 0
45.535 817 0
45.616 389 0
45.616 236 0
45.697 40 0
45.778 667 0
45.778 420 0
45.859 353 0
45.94 863 0
45.94 49 0
46.021 589 0
46.103 311 0
46.103 277 0
46.184 833 0
46.265 865 0
46.265 37 0
46.346 557 0
46.427 403 0.04
46.427 261 0
46.427 57 0
46.508 395 0
46.589 808 0
46.589 721 0
46.67 354 0
46.751 447 0
46.751 125 0
46.832 819 0
46.913 149 0
46.913 19 0
46.913 0 0.041
46.994 328 0
47.076 676 0
47.076 703 0
47.157 225 0
47.238 898 0
47.238 635 0
47.238 584 0
47.319 536 0
47.4 98 0
47.4 871 0
47.481 216 0
47.562 861 0
47.562 549 0
47.562 494 0
47.643 503 0
47.724 672 0
47.724 665 0
47.724 873 0
47.805 735 0
47.886 550 0
47.886 86 0
47.967 858 0
48.049 103 0
48.049 560 0
48.13 823 0
48.211 711 0
48.211 807 0
48.292 0 0
48.373 245 0
48.373 91 0
48.454 594 0
48.535 138 0
48.535 5 0
48.616 418 0
48.697 200 0
48.697 814 0
48.778 875 0
48.859 73 0
48.859 688 0
48.94 626 0
49.021 755 0.041
49.021 785 0
49.021 388 0
49.103 510 0
49.184 789 0
49.184 382 0
49.265 423 0
49.346 193 0
49.346 125 0
49.427 453 0
49.508 763 0.041
49.508 90 0
49.508 322 0
49.589 293 0
49.67 588 0
49.67 548 0
49.751 565 0
49.832 688 0
49.832 2 0
49.913 443 0
49.994 721 0.041
49.994 619 0
49.994 553 0
50.076 398 0
50.157 182 0
50.157 746 0
50.238 125 0
50.319 270 0.04
50.319 42 0
50.319 71 0
50.4 295 0
50.481 338 0
50.481 173 0
50.562 722 0
50.643 504 0
50.643 599 0
50.724 489 0
50.805 264 0
50.805 727 0
50.886 265 0
50.967 637 0
50.967 634 0
51.049 37 0
51.13 163 0
51.13 116 0
51.211 674 0
51.292 838 0
51.292 723 0
51.373 596 0
51.454 788 0
51.454 523 0
51.535 797 0
51.616 339 0
51.616 530 0
51.697 119 0
51.778 240 0
51.778 774 0
51.859 696 0
51.94 262 0
51.94 899 0
52.021 333 0
52.103 13 0
52.103 619 0
52.184 819 0
52.265 782 0
52.265 321 0
52.346 213 0
52.427 233 0
52.427 620 0
52.508 892 0
52.589 93 0
52.67 593 0
52.751 826 0
52.832 424 0
53.076 297 0
53.238 79 0
53.4 71 0
53.44 438 0
53.481 735 0
53.562 679 0
53.724 709 0
53.765 877 0
53.805 750 0
53.886 643 0
54.049 716 0
54.089 691 0
54.13 271 0
54.211 802 0
54.373 321 0
54.535 520 0
54.576 471 0
54.616 181 0
54.697 892 0
54.859 641 0
54.9 137 0
54.94 299 0
55.021 315 0
55.184 140 0
55.265 881 0
55.305 550 0
55.346 51 0
55.67 20 0
55.751 871 0
55.792 200 0
55.832 819 0
55.994 435 0
56.157 434 0
56.197 622 0
56.238 352 0
56.319 776 0
56.481 380 0
56.521 402 0
56.562 174 0
56.643 339 0
56.805 867 0
56.886 538 0
56.927 321 0
56.967 415 0
57.008 249 0
57.049 319 0
57.13 749 0
57.292 600 0
57.332 278 0
57.373 355 0
57.454 732 0
57.616 886 0
57.778 531 0
57.819 733 0
57.94 88 0
57.981 861 0
58.021 52 0
58.265 151 0
58.305 28 0
58.346 21 0
58.427 83 0
58.589 136 0
58.751 731 0
58.792 37 0
58.832 890 0
58.913 478 0
59.076 798 0
59.157 545 0
59.197 220 0
59.238 33 0
59.4 400 0
59.44 695 0
59.481 665 0
59.562 310 0
59.724 34 0
59.886 808 0
59.967 556 0
60.049 327 0
60.089 422 0
60.13 465 0
60.211 252 0
60.373 473 0
60.413 802 0
60.454 386 0
60.535 275 0
60.697 454 0
60.751 886 0
60.805 664 0
60.859 281 0
61.021 475 0
61.103 102 0
61.143 243 0
61.184 352 0
61.346 606 0
61.4 578 0
61.454 388 0
61.508 506 0
61.67 794 0
61.751 503 0
61.792 827 0
61.832 165 0
61.994 621 0
62.035 829 0
62.076 649 0
62.157 139 0
62.319 137 0
62.481 315 0
62.521 767 0
62.562 278 0
62.643 592 0
62.724 828 0
62.805 627 0
62.967 249 0
63.049 860 0
63.13 193 0
63.13 78 0
63.211 791 0
63.211 805 0
63.292 545 0
63.292 603 0
63.373 641 0
63.454 39 0
63.535 864 0
63.616 789 0
63.697 98 0
63.778 188 0
63.778 75 0
63.819 51 0
63.859 88 0
63.94 594 0
63.94 183 0
64.021 558 0
64.103 46 0
64.103 781 0
64.184 40 0
64.265 261 0
64.346 243 0
64.427 686 0
64.427 50 0
64.467 133 0
64.508 895 0
64.589 309 0
64.589 284 0
64.67 451 0
64.751 31 0
64.832 672 0
64.832 45 0
64.913 221 0
64.913 432 0
64.954 286 0
64.994 578 0
65.076 390 0
65.076 422 0
65.157 739 0
65.238 521 0
65.278 480 0
65.319 424 0
65.4 11 0
65.4 215 0
65.481 225 0
65.562 224 0
65.562 780 0
65.643 60 0
65.684 56 0
65.724 14 0
65.805 560 0
65.886 360 0
65.886 172 0
65.967 49 0
66.049 75 0
66.13 395 0
66.17 636 0
66.211 185 0
66.292 570 0
66.373 281 0
66.373 146 0
66.454 216 0
66.535 247 0
66.535 74 0
66.576 558 0
66.616 342 0
66.697 191 0
66.697 247 0
66.778 155 0
66.859 123 0
66.9 481 0
66.94 602 0
67.021 588 0
67.021 856 0
67.103 848 0
67.103 2 0
67.184 438 0
67.184 307 0
67.265 744 0
67.305 66 0
67.346 15 0
67.386 812 0
67.427 97 0
67.508 108 0
67.508 222 0
67.589 533 0
67.67 667 0
67.67 482 0
67.711 288 0
67.751 22 0
67.832 293 0
67.913 346 0
67.994 127 0
67.994 43 0
68.076 170 0
68.157 199 0
68.157 368 0
68.197 596 0
68.238 596 0
68.319 39 0
68.359 364 0
68.4 48 0
68.481 193 0
68.481 734 0
68.562 64 0
68.643 846 0
68.684 677 0
68.724 674 0
68.805 143 0
68.886 457 0
68.967 684 0
68.967 475 0
69.049 334 0
69.13 354 0
69.13 586 0
69.17 94 0
69.211 488 0
69.292 846 0
69.292 466 0
69.373 552 0
69.454 79 0
69.535 511 0
69.576 720 0
69.616 768 0
69.616 726 0
69.697 679 0
69.697 426 0
69.778 820 0
69.778 62 0
69.819 316 0
69.859 551 0
69.94 747 0
70.021 876 0
70.021 573 0
70.103 723 0
70.103 396 0
70.184 466 0
70.265 114 0
70.265 39 0
70.346 479 0
70.427 463 0
70.467 263 0
70.508 736 0
70.589 788 0
70.589 667 0
70.67 152 0
70.751 185 0
70.751 314 0
70.792 683 0
70.832 513 0
70.913 447 0
70.994 233 0
71.076 629 0
71.076 433 0
71.13 38 0
71.184 233 0
71.238 379 0
71.319 525 0
71.4 408 0
71.481 277 0
71.521 41 0
71.562 744 0
71.562 718 0
71.643 554 0
71.724 260 0
71.724 492 0
71.778 766 0
71.832 478 0
71.886 637 0
71.886 480 0
71.967 270 0
72.049 65 0
72.13 821 0
72.17 464 0
72.211 95 0
72.292 361 0
72.373 489 0
72.373 321 0
72.413 206 0
72.454 178 0
72.535 871 0
72.616 697 0
72.697 34 0
72.697 534 0
72.778 693 0
72.859 222 0
72.859 105 0
72.9 497 0
72.94 133 0
73.021 450 0
73.103 585 0
73.184 576 0
73.184 118 0
73.265 423 0
73.346 352 0
73.346 275 0
73.427 492 0
73.508 108 0
73.562 860 0
73.616 559 0
73.67 836 0
73.67 853 0
73.751 541 0
73.832 821 0
73.832 177 0
73.913 194 0
73.954 174 0
73.994 718 0
74.076 150 0
74.157 50 0
74.157 550 0
74.211 645 0
74.265 476 0
74.319 255 0
74.319 757 0
74.4 437 0
74.481 411 0
74.562 341 0
74.603 699 0
74.643 584 0
74.643 493 0
74.724 483 0
74.805 661 0
74.805 168 0
74.846 876 0
74.886 620 0
74.967 492 0.892
74.967 247 0
75.94 829 0
77.562 745 0
77.562 198 0
77.643 602 0
77.724 509 0
77.805 309 0
77.886 544 0
77.886 610 0
77.967 337 0
78.049 530 0
78.13 862 0
78.211 693 0
78.211 347 0
78.292 658 0
78.373 822 0
78.454 626 0
78.535 123 0
78.535 540 0
78.616 503 0
78.697 17 0
78.778 550 0
78.859 765 0
78.859 166 0
78.94 860 0
79.021 890 0
79.103 468 0
79.184 892 0
79.184 197 0
79.265 564 0
79.346 54 0
79.427 816 0
79.508 775 0
79.508 233 0
79.589 789 0
79.67 139 0
79.751 678 0
79.832 147 0
79.832 200 0
79.913 258 0
79.994 432 0
80.076 890 0
80.157 88 0
80.157 724 0
80.238 314 0
80.319 543 0
80.4 526 0
80.481 524 0
80.481 485 0
80.562 791 0
80.643 891 0
80.724 390 0
80.805 128 0
80.805 178 0
80.886 467 0
80.967 267 0
81.049 300 0
81.13 23 0
81.13 863 0
81.211 109 0
81.292 444 0
81.373 100 0
81.454 339 0
81.454 114 0
81.535 468 0
81.616 755 0
81.697 900 0
81.778 254 0
81.778 640 0
81.859 651 0
81.94 194 0
82.021 695 0
82.103 159 0
82.103 359 0
82.184 428 0
82.265 265 0
82.346 338 0
82.427 857 0
82.427 587 0
82.508 702 0
82.589 477 0
82.67 510 0
82.751 139 0
82.751 353 0
82.805 280 0
82.859 554 0
82.913 405 0
82.994 11 0
83.076 637 0
83.076 56 0
83.13 680 0
83.184 736 0
83.238 87 0
83.319 332 0
83.4 412 0
83.4 391 0
83.454 416 0
83.508 198 0
83.562 420 0
83.643 289 0
83.724 401 0
83.724 523 0
83.778 659 0
83.832 543 0
83.886 118 0
83.967 734 0
84.049 511 0
84.049 217 0
84.103 474 0
84.157 690 0
84.211 33 0
84.292 813 0
84.373 257 0
84.373 639 0
84.427 874 0
84.481 824 0
84.535 712 0
84.616 613 0
84.697 771 0
84.697 515 0
84.751 370 0
84.805 320 0
84.859 468 0
84.94 429 0
85.021 190 0
85.021 686 0
85.076 672 0
85.13 281 0
85.184 690 0
85.265 451 0
85.346 845 0
85.346 600 0
85.4 292 0
85.454 44 0
85.508 493 0
85.589 11 0
85.67 865 0
85.67 305 0
85.724 161 0
85.778 596 0
85.832 754 0
85.913 564 0
85.994 215 0
85.994 210 0
86.049 406 0
86.103 881 0
86.157 374 0
86.238 92 0
86.319 609 0
86.319 678 0
86.373 570 0
86.427 425 0
86.481 42 0
86.562 539 0
86.643 440 0
86.643 199 0
86.697 260 0
86.751 889 0
86.805 6 0
86.886 95 0
86.967 808 0
86.967 727 0
87.021 698 0
87.076 504 0
87.13 732 0
87.211 845 0
87.292 52 0
87.292 491 0
87.454 358 0
87.535 621 0
87.616 180 0.243
87.778 16 0
87.859 865 0
87.94 796 0
87.94 330 0
88.021 38 0
88.103 102 0
88.184 696 0
88.265 523 0
88.265 132 0
88.346 882 0
88.427 241 0
88.508 448 0
88.589 811 0
88.589 345 0
88.67 738 0
88.751 311 0
88.832 569 0
88.913 438 0
88.913 702 0
88.994 660 0
89.076 239 0
89.157 217 0
89.238 779 0
89.238 666 0
89.319 623 0
89.4 529 0
89.481 628 0
89.562 807 0
89.562 213 0
89.643 18 0
89.724 218 0
89.805 702 0
89.886 153 0
89.886 123 0
89.967 291 0
90.049 188 0
90.13 718 0
90.211 812 0
90.211 100 0
90.292 204 0
90.373 462 0
90.454 358 0
90.535 224 0
90.535 878 0
90.616 689 0
90.697 87 0
90.778 36 0
90.859 684 0
90.859 0 0
90.94 116 0
91.021 766 0
91.103 291 0
91.184 390 0
91.184 390 0
91.265 522 0
91.346 105 0
91.427 145 0
91.508 732 0
91.508 291 0
91.589 409 0
91.67 68 0
91.751 827 0
91.832 58 0
91.832 582 0
91.913 736 0
91.994 662 0
92.076 292 0
92.157 764 0
92.157 190 0
92.238 896 0
92.319 846 0
92.4 558 0
92.481 805 0
92.481 876 0
92.562 605 0
92.643 890 0
92.724 332 0
92.805 429 0
92.805 372 0
92.886 181 0
92.967 189 0
93.049 498 0
93.13 654 0
93.13 653 0
93.184 111 0
93.238 291 0
93.292 899 0
93.373 60 0
93.454 717 0
93.454 325 0
93.508 432 0
93.562 861 0
93.616 375 0
93.697 737 0
93.778 204 0
93.778 246 0
93.832 305 0
93.886 355 0
93.94 302 0
94.021 856 0
94.103 183 0
94.103 210 0
94.157 139 0
94.211 567 0
94.265 35 0
94.346 810 0
94.427 579 0
94.427 9 0
94.481 212 0
94.535 169 0
94.589 608 0
94.67 603 0
94.751 84 0
94.751 159 0
94.805 803 0
94.859 618 0
94.913 285 0
94.994 740 0
95.076 712 0
95.076 126 0
95.13 368 0
95.184 167 0
95.238 292 0
95.319 315 0
95.4 174 0
95.4 173 0
95.454 755 0
95.508 45 0
95.562 795 0
95.643 494 0
95.724 386 0
95.724 698 0
95.778 750 0
95.832 163 0
95.886 859 0
95.967 830 0
96.049 492 0
96.049 879 0
96.103 722 0
96.157 874 0
96.211 565 0
96.292 104 0
96.373 868 0
96.373 41 0
96.427 451 0
96.481 711 0
96.535 341 0
96.616 844 0
96.697 31 0
96.697 78 0
96.751 542 0
96.805 445 0
96.859 344 0
96.94 609 0
97.021 311 0
97.021 216 0
97.076 865 0
97.13 226 0
97.184 772 0
97.265 446 0
97.346 223 0
97.346 241 0
97.4 843 0
97.454 158 0
97.508 853 0
97.589 886 0
97.67 113 0
97.67 652 0
97.751 352 0
97.832 41 0
97.913 118 0
97.994 240 0
98.076 14 0
98.157 566 0
98.238 44 0
98.319 736 0
98.319 93 0
98.4 106 0
98.4 568 0
98.481 451 0
98.562 437 0
98.562 74 0
98.643 194 0
98.643 360 0
98.724 768 0
98.805 653 0
98.805 529 0
98.886 222 0
98.886 634 0
98.967 580 0
99.049 509 0
99.049 341 0
99.13 530 0
99.13 526 0
99.211 63 0
99.292 803 0
99.292 198 0
99.373 625 0
99.373 528 0
99.454 584 0
99.535 436 0
99.535 871 0
99.616 132 0
99.616 227 0
99.697 35 0
99.697 422 0
99.778 821 0
99.859 405 0
99.859 259 0
99.94 465 0
99.94 573 0
100.021 893 0
100.103 395 0
100.103 512 0
100.184 787 0
100.184 630 0
100.265 899 0
100.346 266 0
100.346 587 0
100.427 609 0
100.427 602 0
100.508 458 0
100.589 194 0
100.589 110 0
100.67 318 0
100.67 80 0
100.751 154 0
100.832 170 0
100.832 258 0
100.913 55 0
100.913 390 0
100.994 131 0
100.994 590 0
101.076 432 0
101.157 828 0
101.157 610 0
101.238 753 0
101.238 304 0
101.319 217 0
101.4 208 0
101.4 240 0
101.481 196 0
101.481 39 0
101.562 731 0
101.643 753 0
101.643 526 0
101.724 554 0
101.724 103 0
101.805 530 0
101.886 666 0
101.886 840 0
101.967 459 0
101.967 502 0
102.049 451 0
102.13 253 0
102.13 863 0
102.211 81 0
102.211 852 0
102.292 680 0
102.292 380 0
102.373 74 0
102.454 766 0
102.454 812 0
102.535 744 0
102.535 52 0
102.616 513 0
102.697 376 0
102.697 124 0
102.778 342 0
102.778 616 0
102.859 379 0
102.94 533 0
102.94 437 0
103.021 591 0
103.021 48 0
103.103 467 0
103.184 98 0
103.184 27 0
103.265 86 0
103.265 811 0
103.346 93 0
103.427 100 0
103.427 583 0
103.508 840 0
103.508 273 0
103.589 359 0
103.589 726 0
103.67 482 0
103.751 731 0
103.751 446 0
103.832 321 0
103.832 759 0
103.913 316 0
103.994 585 0
103.994 73 0
104.076 625 0
104.076 211 0
104.157 531 0
104.238 88 0
104.238 639 0
104.319 397 0
104.319 57 0
104.4 357 0
104.481 699 0
104.481 397 0
104.562 775 0
104.562 702 0
104.643 59 0
104.724 598 0
104.724 691 0
104.805 312 0
104.805 91 0
104.886 414 0
104.886 550 0
104.967 482 0
105.049 787 0
105.049 402 0
105.13 639 0
105.13 644 0
105.211 699 0
105.292 191 0
105.292 832 0
105.373 311 0
105.373 583 0
105.454 236 0
105.535 171 0
105.535 685 0
105.616 128 0
105.616 744 0
105.697 763 0
105.778 429 0
105.778 217 0
105.859 759 0
105.859 885 0
105.94 846 0
106.021 340 0
106.021 615 0
106.103 226 0
106.103 683 0
106.184 448 0
106.184 657 0
106.265 192 0
106.346 451 0
106.346 75 0
106.427 334 0
106.427 296 0
106.508 88 0
106.589 402 0
106.589 68 0
106.67 368 0
106.67 169 0
106.751 782 0
106.832 163 0
106.832 31 0
106.913 752 0
106.913 179 0
106.994 381 0
107.076 119 0
107.076 211 0
107.157 701 0
107.157 35 0
107.238 598 0
107.319 134 0
107.319 288 0
107.4 275 0
107.4 1 0
107.481 675 0
107.481 149 0
107.562 343 0
107.643 31 0
107.643 770 0
107.724 644 0
107.724 596 0
107.805 338 0
107.886 727 0
107.886 488 0
107.967 423 0
107.967 282 0
108.049 365 0
108.13 386 0
108.13 148 0
108.211 625 0
108.211 477 0
108.292 809 0
108.292 515 0
108.373 238 0
108.454 784 0
108.535 820 0
108.616 789 0
108.697 614 0
108.697 741 0
108.778 694 0
108.778 439 0
108.859 587 0
108.94 61 0
108.94 813 0
109.021 161 0
109.021 258 0
109.103 97 0
109.184 824 0
109.184 193 0
109.265 455 0
109.265 632 0
109.346 54 0
109.427 347 0
109.427 46 0
109.508 183 0
109.508 346 0
109.589 450 0
109.67 239 0
109.67 69 0
109.751 769 0
109.751 221 0
109.832 48 0
109.913 334 0
109.913 234 0
109.994 143 0
109.994 507 0
110.076 623 0
110.076 850 0
110.157 241 0
110.238 318 0
110.238 492 0
110.319 610 0
110.319 303 0
110.4 577 0
110.481 27 0
110.481 188 0
110.562 825 0
110.562 449 0
110.643 451 0
110.724 286 0
110.724 851 0
110.805 880 0
110.805 1 0
110.886 326 0
110.967 612 0
110.967 667 0
111.049 331 0
111.049 311 0
111.13 360 0
111.211 279 0
111.211 850 0
111.292 418 0
111.292 247 0
111.373 701 0
111.373 428 0
111.454 124 0
111.535 391 0
111.535 3 0
111.616 479 0
111.616 545 0
111.697 863 0
111.778 834 0
111.778 39 0
111.859 361 0
111.859 546 0
111.94 208 0
112.021 12 0
112.021 168 0
112.103 234 0
112.103 43 0
112.184 657 0
112.265 47 0
112.265 585 0
112.346 636 0
112.346 311 0
112.427 599 0
112.508 323 0
112.508 790 0
112.589 581 0
112.589 299 0
112.67 578 0
112.67 365 0
112.751 550 0
112.832 689 0
112.832 840 0
112.913 505 0
112.913 275 0
112.994 483 0
113.076 164 0
113.076 231 0
113.157 93 0
113.157 270 0
113.238 451 0
113.319 873 0
113.319 206 0
113.4 647 0
113.4 702 0
113.481 36 0
113.562 244 0
113.562 835 0
113.643 12 0
113.643 555 0
113.724 180 0
113.805 300 0
113.805 894 0
113.886 152 0
113.886 521 0
113.967 412 0
113.967 272 0
114.049 677 0
114.13 360 0
114.13 21 0
114.211 714 0
114.211 603 0
114.292 747 0
114.373 824 0
114.373 83 0
114.454 402 0
114.454 586 0
114.535 453 0
114.616 582 0
114.616 332 0
114.697 634 0
114.697 789 0
114.778 221 0
114.859 427 0
114.859 645 0
114.94 638 0
114.94 786 0
115.021 196 0
115.103 174 0
115.103 721 0
115.184 877 0
115.184 284 0
115.265 536 0
115.265 839 0
115.346 801 0
115.427 854 0
115.427 444 0
115.508 696 0
115.508 686 0
115.589 151 0
115.67 682 0
115.67 515 0
115.751 29 0
115.751 529 0
115.832 196 0
115.913 674 0
115.913 766 0
115.994 130 0
115.994 633 0
116.076 394 0
116.157 333 0
116.157 521 0
116.238 210 0
116.238 754 0
116.319 581 0
116.4 441 0
116.4 543 0
116.481 734 0
116.481 333 0
116.562 808 0
116.562 691 0
116.643 860 0
116.724 262 0
116.724 212 0
116.805 766 0
116.805 486 0
116.886 877 0
116.967 61 0
116.967 491 0
117.049 770 0
117.049 703 0
117.13 165 0
117.211 392 0
117.211 813 0
117.292 690 0
117.292 597 0
117.373 387 0
117.454 873 0
117.454 662 0
117.535 243 0
117.535 703 0
117.616 220 0
117.697 494 0
117.697 426 0
117.778 369 0
117.778 608 0
117.859 13 0
117.859 458 0
117.94 560 0
118.021 233 0
118.021 853 0
118.103 243 0
118.103 403 0
118.184 305 0
118.265 748 0
118.265 765 0
118.346 539 0
118.346 494 0
118.427 595 0
118.508 520 0
118.508 390 0
118.589 205 0
118.589 711 0
118.67 194 0
118.67 231 0
119.076 235 0
119.076 34 0
119.157 401 0
119.238 215 0
119.319 306 0
119.4 144 0
119.4 743 0
119.481 660 0
119.562 465 0
119.643 478 0
119.724 120 0
119.805 726 0
119.886 307 0
119.967 694 0
120.049 327 0
120.049 558 0
120.13 588 0
120.211 98 0
120.292 575 0
120.373 623 0
120.373 733 0
120.454 109 0
120.535 431 0
120.535 263 0
120.616 13 0
120.697 240 0
120.778 241 0
120.859 898 0
120.94 571 0
121.021 825 0
121.021 538 0
121.103 343 0
121.184 291 0
121.265 400 0
121.346 609 0
121.427 51 0
121.508 288 0
121.508 849 0
121.589 311 0
121.67 127 0
121.67 322 0
121.751 452 0
121.832 877 0
121.913 639 0
121.994 81 0
121.994 767 0
122.076 42 0
122.157 617 0
122.238 173 0
122.319 367 0
122.4 519 0
122.481 722 0
122.562 502 0
122.643 261 0
122.643 543 0
122.724 167 0
122.805 147 0
122.886 348 0
122.967 765 0
122.967 474 0
123.049 253 0
123.13 554 0
123.13 846 0
123.211 270 0
123.292 441 0
123.373 801 0
123.454 451 0
123.535 139 0
123.616 649 0
123.616 610 0
123.697 162 0
123.778 95 0
123.859 618 0
123.94 840 0
124.021 642 0
124.103 736 0
124.103 675 0
124.184 130 0
124.184 49 0
124.265 730 0
124.265 666 0
124.346 164 0
124.427 88 0
124.508 684 0
124.589 386 0
124.589 879 0
124.67 563 0
124.751 806 0
124.751 561 0
124.832 628 0
124.913 270 0
124.913 277 0
124.994 507 0
124.994 711 0
125.076 521 0
125.076 66 0
125.157 153 0
125.238 199 0
125.238 700 0
125.319 356 0
125.4 245 0
125.44 571 0
125.481 264 0
125.521 630 0
125.562 725 0
125.562 719 0
125.643 50 0
125.724 51 0
125.724 680 0
125.805 524 0
125.886 2 0
125.886 26 0
125.967 639 0
125.967 682 0
126.049 706 0
126.049 812 0
126.13 690 0
126.211 500 0
126.211 820 0
126.292 866 0
126.373 130 0
126.373 254 0
126.454 333 0
126.454 607 0
126.535 32 0
126.535 214 0
126.616 495 0
126.697 468 0
126.697 297 0
126.778 108 0
126.778 114 0
126.859 140 0
126.859 456 0
126.94 176 0
127.021 63 0
127.103 826 0
127.184 474 0
127.184 39 0
127.265 720 0
127.346 269 0
127.346 296 0
127.427 551 0
127.508 176 0
127.508 712 0
127.589 611 0
127.589 366 0
127.67 589 0
127.67 804 0
127.751 172 0
127.832 134 0
127.832 306 0
127.913 82 0
127.994 647 0
128.035 43 0
128.076 309 0
128.116 509 0
128.157 327 0
128.157 898 0
128.238 92 0
128.319 731 0
128.319 464 0
128.4 575 0
128.481 304 0
128.481 58 0
128.562 435 0
128.562 203 0
128.643 608 0
128.643 132 0
128.724 113 0
128.805 189 0
128.805 787 0
128.886 465 0
128.967 79 0
128.967 753 0
129.049 877 0
129.049 685 0
129.454 278 0
129.454 585 0
129.535 729 0
129.535 344 0
129.616 203 0
129.616 615 0
129.697 551 0
129.778 859 0
129.778 290 0
129.859 302 0
129.859 668 0
129.94 232 0
129.94 343 0
130.021 134 0
130.103 256 0
130.103 351 0
130.184 407 0
130.184 236 0
130.265 665 0
130.265 394 0
130.346 296 0
130.427 228 0
130.427 6 0
130.508 300 0
130.508 30 0
130.589 788 0
130.589 0 0
130.67 332 0
130.751 258 0
130.751 202 0
130.832 793 0
130.832 614 0
130.913 37 0
130.913 372 0
130.994 533 0
131.076 29 0
131.076 475 0
131.157 592 0
131.157 185 0
131.238 290 0
131.238 583 0
131.319 772 0
131.4 280 0
131.4 80 0
131.481 93 0
131.481 366 0
131.562 716 0
131.562 464 0
131.643 889 0
131.724 405 0
131.724 247 0
131.805 315 0
131.805 694 0
131.886 669 0
131.886 339 0
131.967 236 0
132.049 528 0
132.049 793 0
132.13 565 0
132.13 764 0
132.211 436 0
132.211 594 0
132.292 489 0
132.373 506 0
132.373 474 0
132.454 536 0
132.454 639 0
132.535 626 0
132.535 524 0
132.616 234 0
132.697 375 0
132.697 811 0
132.778 722 0
132.778 476 0
132.859 653 0
132.859 55 0
132.94 236 0
133.021 197 0
133.021 1 0
133.103 522 0
133.103 294 0
133.184 186 0
133.184 765 0
133.265 592 0
133.346 767 0
133.346 448 0
133.427 299 0
133.427 709 0
133.508 642 0
133.508 15 0
133.589 58 0
133.67 414 0
133.67 670 0
133.751 94 0
133.751 784 0
133.832 204 0
133.832 482 0
133.913 90 0
133.994 823 0
133.994 636 0
134.076 601 0
134.076 239 0
134.157 482 0
134.157 718 0
134.238 837 0
134.319 354 0
134.319 460 0
134.4 867 0
134.4 777 0
134.481 39 0
134.481 4 0
134.562 81 0
134.643 775 0
134.643 730 0
134.724 480 0
134.724 126 0
134.805 172 0
134.805 189 0
134.886 729 0
134.967 599 0
134.967 124 0
135.049 835 0
135.049 858 0
135.13 45 0
135.13 27 0
135.211 566 0
135.292 40 0
135.292 631 0
135.373 820 0
135.373 53 0
135.454 284 0
135.454 887 0
135.535 446 0
135.616 516 0
135.616 684 0
135.697 121 0
135.697 172 0
135.778 626 0
135.778 857 0
135.859 247 0
135.94 164 0
135.94 567 0
136.021 295 0
136.021 42 0
136.103 890 0
136.103 302 0
136.184 462 0
136.265 748 0
136.265 401 0
136.346 789 0
136.346 378 0
136.427 393 0
136.427 457 0
136.508 900 0
136.589 230 0
136.589 240 0
136.67 411 0
136.67 722 0
136.751 356 0
136.751 439 0
136.832 770 0
136.913 694 0
136.913 612 0
136.994 704 0
136.994 746 0
137.076 183 0
137.076 428 0
137.157 189 0
137.238 123 0
137.238 727 0
137.319 235 0
137.319 605 0
137.4 579 0
137.4 802 0
137.481 722 0
137.562 781 0
137.562 392 0
137.643 458 0
137.643 705 0
137.724 397 0
137.724 657 0
137.805 87 0
137.886 178 0
137.886 872 0
137.967 615 0
137.967 786 0
138.049 844 0
138.049 662 0
138.13 201 0
138.211 776 0
138.211 821 0
138.292 654 0
138.292 117 0
138.373 707 0
138.373 667 0
138.454 622 0
138.535 20 0
138.535 500 0
138.616 594 0
138.616 360 0
138.697 333 0
138.697 763 0
138.778 610 0
138.859 233 0
138.859 698 0
138.94 586 0
138.94 360 0
139.021 513 0
139.021 758 0
139.103 180 0
139.184 129 0
139.265 724 0
139.346 652 0
139.427 272 0
139.508 380 0
139.589 225 0
139.67 28 0
139.751 45 0
139.832 13 0
139.832 828 0
139.873 338 0
139.913 738 0
139.954 352 0
139.994 517 0
140.035 497 0
140.076 768 0
140.116 224 0
140.157 544 0
140.211 176 0
140.265 280 0
140.319 845 0
140.319 16 0
140.359 470 0
140.4 870 0
140.44 14 0
140.481 618 0
140.521 279 0
140.562 169 0
140.603 737 0
140.643 427 0
140.697 786 0
140.751 455 0
140.805 417 0
140.805 834 0
140.846 760 0
140.886 216 0
140.927 525 0
140.967 338 0
141.008 129 0
141.049 724 0
141.089 351 0
141.13 859 0
141.17 425 0
141.211 168 0
141.251 514 0
141.292 696 0
141.346 874 0
141.4 21 0
141.454 120 0
141.454 846 0
141.535 757 0
141.616 115 0
141.697 563 0
141.778 556 0
141.859 683 0
141.94 459 0
142.021 646 0
142.103 105 0
142.211 402 0
142.211 741 0
142.319 782 0
142.319 773 0
142.427 876 0
142.427 774 0
142.467 315 0
142.508 435 0
142.549 77 0
142.589 424 0
142.63 473 0
142.67 876 0
142.711 668 0
142.751 376 0
142.805 182 0
142.859 268 0
142.913 819 0
142.913 188 0
142.954 767 0
142.994 70 0
143.035 719 0
143.076 884 0
143.116 155 0
143.157 42 0
143.197 9 0
143.238 810 0
143.292 621 0
143.346 3 0
143.4 289 0
143.4 288 0
143.44 835 0
143.481 325 0
143.521 151 0
143.562 372 0
143.603 30 0
143.643 114 0
143.684 232 0
143.724 806 0
143.765 418 0
143.805 275 0
143.846 607 0
143.886 678 0
143.94 536 0
143.994 627 0
144.157 825 0
144.265 579 0
144.373 546 0
144.373 589 0
144.454 302 0
144.535 862 0
144.616 527 0.243
144.697 65 0
144.778 889 0
144.859 899 0.041
144.94 644 0.041
145.021 248 0
145.021 369 0
145.062 688 0
145.103 837 0
145.143 16 0
145.184 422 0
145.224 425 0
145.265 407 0
145.305 470 0
145.346 812 0
145.4 495 0
145.454 673 0
145.508 115 0
145.508 886 0
145.549 477 0
145.589 401 0
145.63 443 0
145.67 472 0
145.711 887 0
145.751 791 0
145.792 63 0
145.832 771 0
145.886 190 0
145.94 8 0
145.994 767 0
145.994 20 0
146.035 25 0
146.076 191 0
146.116 131 0
146.157 313 0
146.197 225 0
146.238 329 0
146.278 806 0
146.319 168 0
146.359 456 0
146.4 236 0
146.44 689 0
146.481 137 0
146.535 234 0
146.589 70 0
146.643 562 0
146.643 241 0
146.724 863 0
146.805 13 0
146.886 152 0
146.967 672 0
147.049 218 0
147.13 750 0
147.211 356 0
147.292 551 0
147.4 6 0
147.4 49 0
147.508 220 0
147.508 817 0
147.616 85 0
147.616 794 0
147.657 121 0
147.697 799 0
147.738 570 0
147.778 133 0
147.819 664 0
147.859 154 0
147.9 499 0
147.94 630 0
147.994 352 0
148.049 619 0
148.103 876 0
148.103 432 0
148.143 588 0
148.184 91 0
148.224 611 0
148.265 732 0
148.305 61 0
148.346 465 0
148.386 504 0
148.427 384 0
148.481 378 0
148.535 12 0
148.589 855 0
148.589 546 0
148.63 899 0
148.67 386 0
148.711 220 0
148.751 870 0
148.792 165 0
148.832 735 0
148.873 113 0
148.913 896 0
148.954 848 0
148.994 121 0
149.035 104 0
149.076 321 0
149.13 178 0
149.184 894 0
149.346 578 0
149.454 164 0
149.562 797 0.041
149.643 794 0.041
149.724 607 0.041
149.805 577 0.041
149.886 272 0.041
149.967 320 0.041
150.049 497 0.04
150.13 800 0.04
150.211 489 0
150.211 654 0
150.251 48 0
150.292 498 0
150.332 127 0
150.373 831 0
150.413 369 0
150.454 849 0
150.494 822 0
150.535 859 0
150.589 662 0
150.643 752 0
150.697 386 0
150.697 42 0
150.738 85 0
150.778 679 0
150.819 789 0
150.859 639 0
150.9 215 0
150.94 571 0
150.981 59 0
151.021 254 0
151.076 791 0
151.13 519 0
151.184 81 0
151.184 780 0
151.224 795 0
151.265 153 0
151.305 892 0
151.346 365 0
151.386 337 0
151.427 108 0
151.467 334 0
151.508 275 0
151.549 52 0
151.589 742 0
151.63 845 0
151.67 827 0
151.724 841 0
151.778 348 0
151.832 867 0
151.832 538 0
151.913 572 0
151.994 896 0
152.076 731 0
152.157 330 0
152.238 889 0
152.319 481 0
152.4 583 0
152.481 732 0
152.589 725 0
152.589 439 0
152.697 194 0
152.697 409 0
152.805 741 0
152.805 871 0
152.846 573 0
152.886 192 0
152.927 604 0
152.967 447 0
153.008 894 0
153.049 101 0
153.089 651 0
153.13 648 0
153.184 772 0
153.238 880 0
153.292 585 0
153.292 778 0
153.332 498 0
153.373 337 0
153.413 484 0
153.454 897 0
153.494 761 0
153.535 830 0
153.576 703 0
153.616 230 0
153.67 821 0
153.724 279 0
153.778 98 0
153.778 283 0
153.819 516 0
153.859 787 0
153.9 390 0
153.94 800 0
153.981 240 0
154.021 795 0
154.062 822 0
154.103 364 0
154.143 163 0
154.184 884 0
154.224 688 0
154.265 297 0
154.319 892 0
154.373 719 0
154.535 551 0
154.643 848 0
154.751 119 0
154.751 469 0
154.832 123 0
154.913 737 0
154.994 861 0.244
154.994 98 0
155.076 66 0
155.157 384 0
155.238 155 0.04
155.319 120 0.04
155.4 100 0
155.4 774 0
155.44 795 0
155.481 467 0
155.521 421 0
155.562 834 0
155.603 171 0
155.643 163 0
155.684 138 0
155.724 266 0
155.778 660 0
155.832 123 0
155.886 58 0
155.886 683 0
155.927 125 0
155.967 857 0
156.008 195 0
156.049 121 0
156.089 622 0
156.13 658 0
156.17 565 0
156.211 444 0
156.265 65 0
156.319 180 0
156.373 571 0
156.373 37 0
156.413 74 0
156.454 322 0
156.494 372 0
156.535 843 0
156.576 856 0
156.616 700 0
156.657 85 0
156.697 172 0
156.738 854 0
156.778 723 0
156.819 615 0
156.859 890 0
156.913 778 0
156.967 549 0
157.021 383 0
157.021 530 0
157.103 516 0
157.184 281 0
157.265 2 0
157.346 664 0
157.427 763 0
157.508 608 0
157.589 311 0
157.67 476 0
157.778 457 0
157.778 343 0
157.886 305 0
157.886 666 0
157.994 125 0
157.994 772 0
158.035 51 0
158.076 565 0
158.116 661 0
158.157 124 0
158.197 417 0
158.238 126 0
158.278 676 0
158.319 559 0
158.373 446 0
158.427 98 0
158.481 280 0
158.481 648 0
158.521 244 0
158.562 637 0
158.603 773 0
158.643 352 0
158.684 641 0
158.724 416 0
158.765 247 0
158.805 668 0
158.859 202 0
158.913 426 0
158.967 857 0
158.967 190 0
159.008 625 0
159.049 375 0
159.089 673 0
159.13 653 0
159.17 344 0
159.211 829 0
159.251 217 0
159.292 331 0
159.292 881 0
159.454 103 0.162
159.616 42 0.162
159.778 810 0.162
159.94 432 0.163
160.103 210 0.162
160.265 882 0.162
160.427 804 0
160.427 44 0.162
160.589 741 0
160.589 184 0
160.589 103 0
160.67 73 0
160.751 722 0
160.751 813 0
160.832 503 0
160.913 427 0
160.913 846 0
160.994 878 0
161.076 589 0
161.076 68 0
161.157 860 0
161.238 69 0
161.238 604 0
161.319 399 0
161.4 637 0
161.4 114 0
161.481 349 0
161.562 342 0
161.562 668 0
161.643 779 0
161.724 839 0
161.724 34 0
161.805 11 0
161.886 696 0
161.886 495 0
161.967 141 0
162.049 470 0
162.049 54 0
162.13 657 0
162.211 416 0
162.211 544 0
162.292 558 0
162.373 462 0
162.373 724 0
162.454 797 0
162.535 295 0
162.535 76 0
162.616 87 0
162.697 189 0
162.697 607 0
162.778 10 0
162.859 169 0
162.859 121 0
162.94 585 0
163.021 355 0
163.021 725 0
163.103 469 0
163.184 627 0
163.184 88 0
163.265 888 0
163.346 559 0
163.346 216 0
163.427 503 0
163.508 442 0
163.508 471 0
163.589 760 0
163.67 537 0
163.67 894 0
163.751 507 0
163.832 97 0
163.832 890 0
163.913 477 0
163.994 556 0
163.994 815 0
164.076 698 0
164.157 121 0
164.157 541 0
164.238 751 0
164.319 708 0
164.319 280 0
164.4 355 0
164.481 721 0
164.481 194 0
164.481 78 0.04
164.562 830 0
164.643 315 0
164.643 124 0
164.724 801 0
164.805 581 0
164.805 518 0
164.886 865 0
164.967 261 0
164.967 121 0.041
164.967 220 0
165.049 121 0
165.13 817 0
165.13 192 0
165.211 239 0
165.292 38 0
165.292 403 0
165.292 194 0
165.373 468 0
165.454 208 0
165.454 231 0
165.535 679 0
165.616 458 0
165.616 59 0
165.616 722 0
165.697 309 0
165.778 857 0
165.778 456 0
165.859 868 0
165.94 783 0
165.94 654 0
166.021 176 0
166.103 249 0
166.103 330 0
166.184 587 0
166.265 47 0
166.265 495 0
166.346 426 0
166.427 645 0
166.427 96 0
166.508 864 0
166.589 305 0
166.589 493 0
166.67 765 0
166.751 31 0
166.751 102 0
166.832 426 0
166.913 388 0
166.913 792 0
166.994 761 0
167.076 357 0
167.076 831 0.04
167.076 792 0
167.157 760 0
167.238 678 0
167.238 758 0
167.319 217 0
167.4 436 0
167.4 94 0
167.481 724 0
167.562 573 0
167.562 183 0.041
167.562 277 0
167.643 627 0
167.724 127 0
167.724 663 0
167.805 666 0
167.886 157 0
167.886 356 0
167.967 757 0
168.049 821 0
168.049 335 0.04
168.049 602 0
168.13 51 0
168.211 402 0
168.211 61 0
168.292 40 0
168.373 885 0
168.373 495 0
168.373 250 0.04
168.454 626 0
168.535 892 0
168.535 288 0
168.616 471 0
168.697 845 0
168.697 144 0
168.778 182 0
168.859 430 0
168.859 394 0
168.94 31 0
169.021 273 0
169.021 793 0
169.103 201 0
169.184 62 0
169.184 373 0
169.265 393 0
169.346 529 0
169.346 95 0
169.427 729 0
169.508 680 0
169.508 887 0
169.589 400 0
169.67 451 0
169.67 144 0
169.751 578 0
169.832 732 0
169.832 99 0
169.913 744 0
169.994 401 0
169.994 776 0
170.076 198 0
170.157 108 0
170.157 253 0
170.238 807 0
170.319 525 0
170.319 76 0
170.4 832 0
170.481 646 0
170.481 75 0
170.562 78 0
170.562 850 0
170.643 823 0
170.643 46 0
170.724 298 0
170.724 534 0
170.805 637 0
170.805 850 0
170.886 813 0
170.886 223 0
170.967 165 0
170.967 516 0
171.049 793 0
171.13 451 0
171.13 696 0
171.211 248 0
171.292 389 0
171.292 556 0
171.292 688 0
171.373 704 0
171.454 5 0
171.454 176 0
171.535 662 0
171.616 821 0
171.616 388 0
171.697 192 0
171.778 454 0
171.778 814 0
171.859 822 0
171.94 553 0
171.94 609 0
171.94 216 0
172.021 132 0
172.103 755 0
172.103 407 0
172.184 35 0
172.265 101 0
172.265 893 0
172.346 85 0
172.427 283 0
172.427 62 0
172.508 380 0
172.589 558 0
172.589 771 0
172.589 415 0
172.67 371 0
172.751 412 0
172.751 858 0
172.832 23 0
172.913 9 0
172.913 531 0
172.994 170 0
173.076 510 0
173.076 323 0
173.157 313 0
173.238 104 0
173.238 472 0
173.238 57 0
173.319 414 0
173.4 533 0
173.4 309 0
173.481 116 0
173.562 539 0
173.562 142 0
173.643 795 0
173.724 309 0
173.724 24 0
173.805 316 0
173.886 56 0
173.886 624 0
173.886 382 0
173.967 559 0
174.049 741 0
174.049 79 0
174.13 315 0
174.211 646 0
174.211 773 0
174.292 618 0
174.373 592 0
174.373 372 0
174.454 295 0
174.535 597 0
174.535 442 0
174.535 204 0
174.616 661 0
174.697 198 0
174.697 771 0
174.778 19 0
174.859 573 0
174.859 307 0.041
174.859 794 0
174.94 198 0
175.021 142 0
175.021 778 0
175.103 666 0
175.184 895 0
175.184 572 0
175.184 596 0
175.265 273 0
175.346 27 0
175.346 88 0.04
175.346 855 0
175.427 539 0
175.508 695 0
175.508 784 0
175.589 337 0
175.67 117 0
175.67 119 0
175.67 759 0
175.751 753 0
175.832 132 0
175.832 279 0
175.913 857 0
175.994 206 0
175.994 673 0
175.994 185 0
176.076 68 0
176.157 111 0
176.157 183 0
176.157 104 0
176.319 618 0
176.319 742 0
176.481 766 0
176.481 709 0
176.481 597 0
176.643 478 0
176.643 563 0
176.805 657 0
176.805 9 0
176.805 763 0
176.967 461 0
176.967 228 0
177.13 817 0
177.13 436 0
177.13 736 0
177.292 887 0
177.292 159 0
177.454 255 0.04
177.454 562 0
177.454 186 0
177.616 66 0
177.616 512 0
177.778 816 0
177.778 289 0
177.778 156 0
177.94 738 0.041
177.94 40 0
178.103 295 0
178.103 167 0
178.103 270 0
178.265 605 0
178.265 463 0
178.427 122 0.04
178.427 123 0
178.427 248 0
178.589 220 0
178.589 303 0
178.751 247 0.041
178.751 13 0
178.832 286 0
178.913 564 0
178.994 557 0
179.076 656 0
179.157 282 0
179.238 521 0
179.319 237 0
179.4 65 0
179.481 86 0
179.562 895 0
179.643 615 0
179.724 533 0
179.805 898 0
179.886 531 0
179.967 776 0
180.049 342 0
180.13 510 0
180.211 808 0
180.292 706 0
180.373 385 0
180.454 293 0
180.535 867 0
180.616 70 0
180.859 578 0.162
181.021 706 0.163
181.184 85 0.162
181.346 189 0
181.346 138 0
181.346 816 0
181.427 363 0
181.508 865 0
181.589 855 0
181.67 660 0
181.751 711 0
181.832 232 0
181.913 535 0
181.994 857 0
182.076 755 0
182.157 432 0
182.238 501 0
182.319 296 0
182.4 491 0
182.481 108 0
182.562 790 0
182.643 493 0
182.724 166 0
182.805 412 0
182.886 234 0
182.967 299 0
183.049 263 0
183.13 128 0
183.211 806 0
183.292 134 0
183.373 863 0
183.454 12 0
183.535 795 0
183.616 244 0
183.697 647 0
183.778 820 0
183.859 668 0
183.94 122 0
184.021 732 0
184.103 352 0
184.184 313 0
184.265 758 0
184.346 880 0
184.427 143 0
184.508 836 0
184.589 7 0
184.67 467 0
184.751 796 0
184.832 454 0
184.913 864 0
184.994 637 0
185.076 527 0
185.157 84 0
185.238 802 0
185.238 316 0
185.319 763 0
185.319 488 0
185.4 16 0
185.4 273 0
185.481 789 0
185.481 614 0
185.562 893 0
185.562 822 0
185.643 665 0
185.643 195 0
185.724 89 0
185.724 222 0
185.805 830 0
185.805 359 0
185.886 102 0
185.886 628 0
186.049 242 0
186.13 552 0
186.211 111 0.243
186.373 225 0
186.454 766 0
186.535 626 0
186.535 336 0
186.616 177 0
186.697 698 0
186.778 613 0
186.859 727 0
186.859 341 0
186.94 820 0
187.021 43 0
187.103 409 0
187.184 568 0
187.184 614 0
187.265 668 0
187.346 270 0
187.427 87 0
187.508 467 0
187.508 577 0
187.589 298 0
187.67 619 0
187.751 36 0
187.832 736 0
187.832 448 0
187.913 294 0
187.994 263 0
188.076 574 0
188.157 422 0
188.157 742 0
188.238 51 0
188.319 319 0
188.4 164 0
188.481 408 0
188.481 710 0
188.562 503 0
188.643 291 0
188.724 857 0
188.805 216 0
188.805 718 0
188.886 271 0
188.967 137 0
189.049 860 0
189.13 649 0
189.13 51 0
189.211 852 0
189.292 249 0
189.373 646 0
189.454 450 0
189.454 20 0
189.535 10 0
189.616 771 0
189.697 549 0
189.778 149 0
189.778 648 0
189.859 633 0
189.94 285 0
190.021 156 0
190.103 395 0
190.103 206 0
190.184 274 0
190.265 145 0
190.346 849 0
190.427 721 0
190.427 189 0
190.508 456 0
190.589 884 0
190.67 881 0
190.751 463 0
190.751 315 0
190.832 767 0
190.913 641 0
190.994 235 0
191.076 449 0
191.076 359 0
191.157 615 0
191.238 144 0
191.319 7 0
191.4 163 0
191.4 183 0
191.481 36 0
191.562 692 0
191.643 11 0
191.724 49 0
191.724 643 0
191.778 59 0
191.832 153 0
191.886 882 0
191.967 713 0
192.049 432 0
192.049 504 0
192.103 37 0
192.157 845 0
192.211 146 0
192.292 897 0
192.373 81 0
192.373 619 0
192.427 870 0
192.481 403 0
192.535 574 0
192.616 39 0
192.697 811 0
192.697 830 0
192.751 91 0
192.805 381 0
192.859 297 0
192.94 61 0
193.021 211 0
193.021 5 0
193.076 792 0
193.13 368 0
193.184 795 0
193.265 608 0
193.346 137 0
193.346 219 0
193.4 559 0
193.454 541 0
193.508 740 0
193.589 338 0
193.67 401 0
193.67 858 0
193.724 82 0
193.778 324 0
193.832 151 0
193.913 83 0
193.994 781 0
193.994 559 0
194.049 426 0
194.103 865 0
194.157 591 0
194.238 120 0
194.319 815 0
194.319 72 0
194.373 608 0
194.427 265 0
194.481 590 0
194.562 849 0
194.643 492 0
194.643 326 0
194.697 790 0
194.751 612 0
194.805 591 0
194.886 533 0
194.967 754 0
194.967 329 0
195.021 836 0
195.076 875 0
195.13 807 0
195.211 321 0
195.292 803 0
195.292 110 0
195.346 211 0
195.4 184 0
195.454 755 0
195.535 733 0
195.616 286 0
195.616 673 0
195.67 280 0
195.724 812 0
195.778 206 0
195.859 638 0
195.94 767 0
195.94 421 0
195.994 492 0
196.049 743 0
196.103 697 0
196.184 701 0
196.265 820 0
196.265 579 0
196.913 835 0
196.913 84 0
196.994 351 0
197.076 660 0
197.157 874 0
197.238 866 0
197.238 397 0
197.319 648 0
197.4 218 0
197.481 165 0
197.562 212 0
197.562 756 0
197.643 758 0
197.724 447 0
197.805 117 0
197.886 571 0
197.886 115 0
197.967 873 0
198.049 632 0
198.13 499 0
198.211 619 0
198.211 814 0
198.292 550 0
198.373 730 0
198.454 678 0
198.535 781 0
198.535 790 0
198.616 488 0
198.697 473 0
198.778 589 0
198.859 685 0
198.859 380 0
198.94 142 0
199.021 453 0
199.103 412 0
199.184 154 0
199.184 801 0
199.265 451 0
199.346 401 0
199.427 795 0
199.508 475 0
199.508 582 0
199.589 810 0
199.67 668 0
199.751 131 0
199.832 411 0
199.832 751 0
199.913 675 0
199.994 269 0
200.076 56 0
200.157 184 0
200.157 145 0
200.238 371 0
200.319 307 0
200.4 368 0
200.481 169 0
200.481 675 0
200.562 309 0
200.643 411 0
200.724 281 0
200.805 471 0
200.805 423 0
200.886 558 0
200.967 132 0
201.049 749 0
201.13 79 0
201.13 568 0
201.211 453 0
201.292 579 0
201.373 742 0
201.454 90 0
201.454 847 0
201.535 593 0
201.616 743 0
201.697 468 0
201.778 425 0
201.778 83 0
201.859 295 0
201.94 732 0
202.021 300 0
202.103 570 0
202.103 654 0
202.157 562 0
202.211 522 0
202.265 608 0
202.346 733 0
202.427 467 0
202.427 644 0
202.481 866 0
202.535 174 0
202.589 253 0
202.67 753 0
202.751 457 0
202.751 886 0
202.805 477 0
202.859 187 0
202.913 800 0
202.994 711 0
203.076 14 0
203.076 357 0
203.13 636 0
203.184 626 0
203.238 375 0
203.319 415 0
203.4 81 0
203.4 375 0
203.454 672 0
203.508 343 0
203.562 872 0
203.643 244 0
203.724 500 0
203.724 549 0
203.778 293 0
203.832 840 0
203.886 360 0
203.967 695 0
204.049 210 0
204.049 236 0
204.103 150 0
204.157 303 0
204.211 157 0
204.292 856 0
204.373 599 0
204.373 185 0
204.427 393 0
204.481 128 0
204.535 733 0
204.616 271 0
204.697 39 0
204.697 163 0
204.751 771 0
204.805 824 0
204.859 793 0
204.94 309 0
205.021 497 0
205.021 70 0
205.076 219 0
205.13 777 0
205.184 796 0
205.265 778 0
205.346 466 0
205.346 823 0
205.4 679 0
205.454 762 0
205.508 230 0
205.589 134 0
205.67 609 0
205.67 79 0
205.724 643 0
205.778 157 0
205.832 890 0
205.913 217 0
205.994 835 0
205.994 575 0
206.049 443 0
206.103 734 0
206.157 184 0
206.238 315 0
206.319 235 0
206.319 817 0
206.373 440 0
206.427 896 0
206.481 76 0
206.562 265 0
206.643 675 0
206.643 263 0
206.724 190 0
206.805 540 0
206.886 833 0
206.967 91 0
207.049 899 0
207.13 839 0
207.211 504 0
207.292 734 0
207.292 49 0
207.373 755 0
207.373 775 0
207.454 124 0
207.535 356 0
207.535 673 0
207.616 755 0
207.616 440 0
207.697 282 0
207.778 701 0
207.778 730 0
207.859 133 0
207.859 748 0
207.94 688 0
208.021 837 0
208.021 364 0
208.103 225 0
208.103 823 0
208.184 65 0
208.265 16 0
208.265 840 0
208.346 401 0
208.346 13 0
208.427 388 0
208.508 406 0
208.508 245 0
208.589 842 0
208.589 899 0
208.67 679 0
208.67 593 0
208.751 740 0
208.832 442 0
208.832 294 0
208.913 790 0
208.913 46 0
208.994 704 0
209.076 86 0
209.076 292 0
209.157 659 0
209.157 214 0
209.238 55 0
209.319 482 0
209.319 512 0
209.4 325 0
209.4 457 0
209.481 34 0
209.562 250 0
209.562 15 0
209.643 769 0
209.643 784 0
209.724 570 0
209.805 704 0
209.805 7 0
209.886 850 0
209.886 479 0
209.967 220 0
209.967 489 0
210.049 391 0
210.13 27 0
210.13 863 0
210.211 682 0
210.211 168 0
210.292 852 0
210.373 455 0
210.373 588 0
210.454 729 0
210.454 325 0
210.535 730 0
210.616 193 0
210.616 525 0
210.697 797 0
210.697 305 0
210.778 544 0
210.859 226 0
210.859 617 0
210.94 666 0
210.94 28 0
211.021 270 0
211.103 742 0
211.103 246 0
211.184 202 0
211.184 122 0
211.265 781 0
211.265 159 0
211.346 407 0
211.427 590 0
211.427 652 0
211.508 543 0
211.508 779 0
211.589 604 0
211.67 281 0
211.67 484 0
211.751 574 0
211.751 531 0
211.832 342 0
211.913 140 0
211.913 539 0
211.994 831 0
211.994 631 0
212.076 680 0
212.157 643 0
212.157 890 0
212.238 309 0
212.238 230 0
212.319 757 0
212.4 145 0
212.4 864 0
212.481 250 0
212.481 784 0
212.562 748 0
212.562 480 0
212.643 178 0
212.724 94 0
212.724 396 0
212.805 650 0
212.805 385 0
212.886 239 0
212.967 497 0
212.967 269 0
213.049 730 0
213.049 249 0
213.13 337 0
213.211 717 0
213.211 839 0
213.292 495 0
213.292 884 0
213.373 774 0
213.454 351 0
213.454 720 0
213.535 789 0
213.535 640 0
213.616 672 0
213.697 749 0
213.697 449 0
213.778 124 0
213.778 92 0
213.859 133 0
213.859 870 0
213.94 604 0
214.021 236 0
214.021 702 0
214.103 218 0
214.103 75 0
214.184 145 0
214.265 870 0
214.265 345 0
214.346 746 0
214.346 304 0
214.427 97 0
214.508 649 0
214.508 550 0
214.589 277 0
214.589 307 0
214.67 784 0
214.751 181 0
214.751 360 0
214.832 56 0
214.832 834 0
214.913 399 0
214.994 517 0
214.994 544 0
215.076 738 0
215.076 37 0
215.157 824 0
215.157 491 0
215.238 29 0
215.319 889 0
215.319 370 0
215.4 612 0
215.4 58 0
215.481 684 0
215.562 185 0
215.562 138 0
215.643 31 0
215.643 569 0
215.724 356 0
215.805 662 0
215.805 485 0
215.886 410 0
215.886 460 0
215.967 481 0
216.049 886 0
216.049 853 0
216.13 851 0
216.13 384 0
216.211 825 0
216.292 514 0
216.292 129 0
216.373 356 0
216.373 97 0
216.454 333 0
216.454 217 0
216.535 465 0
216.616 317 0
216.616 331 0
216.697 897 0
216.697 892 0
216.778 584 0
216.859 218 0
216.859 631 0
216.94 774 0
216.94 587 0
217.021 180 0
217.103 166 0
217.103 656 0
217.184 568 0
217.184 887 0
217.265 209 0
217.265 723 0
217.67 343 0.041
217.67 812 0
217.751 622 0
217.751 453 0
217.832 314 0
217.913 326 0.041
217.913 197 0
217.994 682 0
217.994 820 0
218.076 431 0
218.157 412 0.04
218.157 321 0
218.238 688 0
218.238 49 0
218.319 261 0
218.4 176 0.04
218.4 691 0
218.481 311 0
218.481 441 0
218.562 573 0
218.643 546 0.041
218.643 363 0
218.724 349 0
218.724 249 0
218.805 134 0
218.886 643 0.041
218.886 556 0
218.967 624 0
218.967 505 0
219.049 785 0
219.049 363 0
219.13 257 0.04
219.211 306 0
219.211 242 0
219.292 154 0
219.292 665 0
219.373 317 0.04
219.454 191 0
219.454 635 0
219.535 844 0
219.535 639 0
219.616 707 0.041
219.697 546 0
219.697 687 0
219.778 690 0
219.778 844 0
219.859 609 0.041
219.94 889 0
219.94 421 0
220.021 832 0
220.021 419 0
220.103 608 0.04
220.184 522 0
220.184 424 0
220.265 805 0
220.265 293 0
220.346 554 0
220.346 265 0
220.427 834 0
220.508 689 0
220.508 308 0
220.589 892 0
220.589 764 0
220.67 382 0
220.751 780 0
220.751 296 0
220.832 63 0
220.832 295 0
220.913 55 0
220.994 232 0
220.994 314 0
221.076 708 0
221.076 529 0
221.157 484 0
221.238 457 0
221.238 700 0
221.319 134 0
221.319 663 0
221.4 112 0
221.481 522 0
221.481 705 0
221.562 810 0
221.562 826 0
221.643 863 0
221.643 785 0
221.724 525 0
221.805 884 0
221.805 651 0
221.886 513 0
221.886 162 0
221.967 162 0
222.049 111 0
222.049 228 0
222.13 427 0
222.13 706 0
222.211 843 0
222.292 388 0
222.292 471 0
222.373 163 0
222.373 205 0
222.454 807 0
222.535 288 0
222.535 675 0
222.616 123 0
222.616 147 0
222.697 102 0
222.778 23 0
222.778 580 0
222.859 339 0
222.859 758 0
222.94 233 0
222.94 56 0
223.021 697 0
223.103 667 0
223.103 555 0
223.184 75 0
223.184 477 0
223.265 770 0
223.346 680 0
223.346 893 0
223.427 52 0
223.427 553 0
223.508 659 0
223.589 868 0
223.589 691 0
223.67 578 0
223.67 535 0
223.751 120 0
223.832 491 0
223.832 176 0
223.913 899 0
223.913 143 0
223.994 711 0
224.076 494 0
224.076 631 0
224.157 625 0
224.157 362 0
224.238 378 0
224.238 213 0
224.319 218 0
224.4 127 0
224.4 870 0
224.481 416 0
224.481 135 0
224.562 728 0
224.643 544 0
224.643 405 0
224.724 153 0
224.724 455 0
224.805 377 0
224.886 696 0
224.886 147 0
224.967 174 0
224.967 252 0
225.049 151 0
225.13 331 0
225.13 773 0
225.211 552 0
225.211 610 0
225.292 731 0
225.373 851 0
225.373 603 0
225.454 827 0
225.454 249 0
225.535 80 0
225.535 170 0
225.616 301 0
225.616 428 0
225.697 233 0
225.697 174 0
225.778 403 0
225.778 697 0
225.859 849 0
225.859 603 0
225.94 808 0
225.94 431 0
226.021 812 0
226.021 304 0
226.103 14 0
226.103 488 0
226.184 810 0
226.184 358 0
226.265 428 0
226.265 339 0
226.346 59 0
226.346 433 0
226.427 391 0
226.427 712 0
226.508 595 0
226.508 61 0
226.589 184 0
226.589 584 0
226.67 43 0
226.67 306 0
226.751 730 0
226.751 328 0
226.832 697 0
226.832 866 0
226.913 555 0
226.913 215 0
226.994 503 0
226.994 11 0
227.076 366 0
227.076 709 0
227.157 722 0
227.157 2 0
227.238 656 0
227.238 472 0
227.319 372 0
227.319 310 0
228.049 169 0
228.211 693 0
228.373 293 0
228.535 379 0
228.697 60 0.162
228.859 148 0
229.021 302 0
229.184 553 0
229.346 824 0
229.508 194 0
229.67 445 0.162
229.832 366 0
229.994 494 0
230.157 28 0
230.319 509 0
230.481 748 0.162
230.643 110 0.041
230.643 576 0
230.805 280 0
230.967 13 0
231.13 583 0
231.292 256 0
231.454 547 0
231.616 57 0
231.778 797 0
231.94 785 0
232.103 591 0.162
232.265 831 0.162
232.427 15 0.162
232.589 857 0
232.751 753 0
232.913 415 0.163
233.076 375 0
233.238 897 0.04
233.238 52 0
233.4 6 0
233.562 769 0
233.724 45 0
233.886 797 0.163
234.049 55 0
234.211 132 0
234.373 293 0
234.535 295 0
234.697 861 0
234.859 202 0.162
235.021 779 0
235.184 579 0
235.346 51 0
235.508 257 0
235.67 277 0.162
235.832 199 0
235.994 635 0
236.157 312 0
236.319 303 0
236.481 512 0
236.643 54 0
236.805 414 0
236.967 708 0
237.13 117 0
237.292 642 0.162
237.454 547 0.162
237.616 662 0.162
237.778 395 0
237.94 210 0
238.103 529 0.162
238.265 248 0
