3.677 657 0.115
3.677 307 0
3.907 82 0
4.138 442 0
4.369 400 0
4.6 576 0
4.83 840 0
5.061 268 0
5.292 184 0
5.523 635 0
5.753 343 0
5.984 314 0
6.215 58 0
6.446 252 0
6.677 375 0
6.907 486 0
7.138 537 0
7.253 436 0
7.369 53 0.115
7.369 479 0
7.6 140 0
7.83 75 0
8.061 664 0
8.292 814 0
8.523 696 0
8.753 110 0
8.984 149 0
9.215 39 0
9.446 122 0
9.677 151 0
9.907 120 0
10.138 759 0
10.369 703 0
10.6 369 0
10.83 900 0
11.061 562 0
11.061 608 0.231
11.177 572 0.115
11.292 464 0.231
11.407 889 0.116
11.523 87 0.23
11.638 567 0.115
11.753 738 0.231
11.869 98 0.115
11.984 259 0.231
12.1 219 0.115
12.215 505 0.231
12.33 175 0.116
12.446 326 0.231
12.561 625 0.116
12.677 698 0.23
12.792 582 0.115
12.907 438 0.231
13.023 402 0.115
13.138 790 0.231
13.253 630 0.116
13.369 87 0.231
13.484 649 0.116
13.6 181 0.23
13.715 605 0.115
13.83 727 0.231
13.946 309 0.115
14.061 79 0.231
14.177 347 0.115
14.292 252 0.231
14.407 803 0.116
14.523 175 0.23
14.638 625 0.115
14.753 232 0
14.753 830 0.231
14.869 538 0.115
14.984 733 0.231
15.1 411 0.115
15.215 17 0.231
15.33 465 0.116
15.446 560 0.231
15.561 193 0.116
15.677 175 0.23
15.792 758 0.115
15.907 450 0.231
16.023 292 0.115
16.138 402 0.231
16.253 379 0.116
16.369 604 0.231
16.484 773 0.116
16.6 135 0.23
16.715 539 0.115
16.83 253 0.231
16.946 407 0.115
17.061 276 0.231
17.177 150 0.115
17.292 757 0.231
17.407 150 0.116
17.523 700 0.23
17.638 347 0.115
17.753 540 0.231
17.869 448 0.115
17.984 567 0.058
18.1 478 0
18.157 727 0
18.215 308 0
18.215 136 0
18.273 607 0
18.273 15 0
18.33 826 0
18.33 87 0
18.388 428 0
18.446 673 0.057
18.446 740 0
18.446 758 0
18.677 183 0.057
18.907 595 0
18.907 851 0.058
19.138 290 0.058
19.253 426 0
19.253 139 0
19.369 154 0.058
19.6 326 0
19.6 393 0.057
19.83 834 0
19.83 249 0.058
20.061 63 0.058
20.292 202 0
20.292 656 0.058
20.523 586 0.057
20.753 542 0
20.753 25 0.058
20.984 655 0.058
21.215 542 0
21.215 434 0.058
21.446 808 0
21.446 305 0.057
21.677 552 0
21.677 143 0.057
21.792 257 0
21.792 145 0
21.907 758 0
21.907 545 0.058
22.023 647 0
22.023 460 0.057
22.138 806 0.115
22.138 352 0.058
22.369 668 0.058
22.6 184 0
22.6 388 0.057
22.83 481 0.058
22.946 295 0
22.946 770 0
23.061 309 0.058
23.292 630 0
23.292 90 0.058
23.523 0 0
23.523 548 0.057
23.753 791 0.058
23.984 94 0
23.984 471 0.058
24.215 685 0.058
24.446 532 0
24.446 361 0.057
24.677 138 0.057
24.907 659 0
24.907 342 0.058
25.138 365 0
25.138 59 0.058
25.369 496 0
25.369 722 0.058
25.484 567 0
25.484 598 0
25.6 289 0
25.6 52 0.057
25.715 656 0
25.715 467 0
25.83 844 0.058
25.83 350 0
25.83 776 0
26.061 207 0.058
26.061 353 0.058
26.292 682 0
26.292 368 0.058
26.523 565 0.057
26.638 199 0
26.638 155 0
26.753 76 0.058
26.753 724 0.058
26.984 128 0.058
26.984 137 0
26.984 598 0.058
27.215 75 0
27.215 625 0.058
27.446 854 0.057
27.677 345 0
27.677 369 0.057
27.907 830 0.058
28.138 722 0.058
28.138 603 0
28.138 593 0.058
28.369 479 0.058
28.369 96 0.058
28.6 555 0
28.6 356 0.057
28.83 302 0.058
28.83 828 0
28.83 252 0.058
29.061 367 0
29.061 758 0.058
29.177 241 0
29.177 197 0
29.292 244 0
29.292 764 0.058
29.407 431 0
29.407 589 0.058
29.523 776 0.115
29.523 811 0.057
29.753 114 0.058
29.753 819 0.058
29.984 746 0
29.984 149 0.058
30.215 815 0.058
30.33 871 0
30.33 97 0
30.446 579 0
30.446 37 0
30.503 757 0
30.561 23 0
30.561 648 0
30.619 77 0
30.677 157 0
30.677 714 0
30.734 281 0
30.792 745 0
30.792 167 0
30.85 295 0
30.907 343 0
30.907 587 0
30.965 699 0
31.023 198 0
31.023 352 0
31.08 379 0
31.138 29 0
31.138 706 0
31.138 64 0
31.196 330 0
31.253 377 0
31.311 258 0
31.369 574 0.231
31.369 549 0.231
31.369 249 0.231
31.715 740 0.231
31.715 314 0.231
31.715 226 0.231
32.061 484 0.231
32.061 152 0.231
32.061 165 0.231
32.407 459 0.231
32.407 700 0.231
32.407 804 0.231
32.753 51 0.174
32.753 421 0.174
32.753 412 0.174
32.984 67 0
32.984 709 0
33.042 150 0
33.071 554 0
33.1 551 0
33.128 21 0
33.157 4 0
33.186 191 0
33.215 464 0.058
33.215 759 0.058
33.446 897 0.057
33.446 680 0.057
33.561 56 0
33.561 219 0
33.677 37 0
33.677 28 0.057
33.677 887 0.057
33.907 489 0
33.907 841 0.058
33.907 246 0.058
34.023 577 0
34.023 521 0
34.138 758 0.058
34.138 165 0.058
34.369 50 0.058
34.369 756 0.058
34.484 428 0
34.484 567 0
34.6 885 0
34.6 562 0.057
34.6 573 0.057
34.83 251 0
34.83 223 0.058
34.83 63 0.058
34.946 223 0
35.003 170 0
35.061 896 0
35.061 269 0.058
35.061 289 0.058
35.292 348 0.058
35.292 612 0.058
35.407 509 0
35.407 695 0
35.523 815 0
35.523 51 0.057
35.523 238 0.057
35.753 94 0
35.753 330 0.058
35.753 441 0.058
35.869 408 0
35.898 724 0
35.927 320 0
35.955 782 0
35.984 227 0.058
35.984 620 0.058
36.215 175 0.058
36.215 563 0.058
36.33 308 0
36.33 398 0
36.446 656 0.057
36.446 43 0.057
36.446 772 0
36.561 546 0
36.561 90 0
36.677 693 0.057
36.677 159 0.057
36.677 55 0
36.792 391 0.058
36.792 3 0.058
36.907 900 0.058
36.907 412 0.058
36.907 295 0
37.023 868 0
37.023 640 0
37.138 605 0.058
37.138 766 0
37.138 326 0.058
37.253 623 0
37.253 374 0
37.369 731 0.058
37.369 121 0.058
37.369 19 0
37.484 572 0
37.484 832 0
37.6 166 0.057
37.6 126 0
37.6 135 0.057
37.715 817 0
37.715 473 0
37.83 385 0.058
37.83 31 0.058
37.83 272 0
37.946 768 0
37.946 583 0
38.061 293 0.058
38.061 166 0.058
38.061 126 0
38.177 551 0
38.177 308 0
38.292 271 0.058
38.292 608 0
38.292 43 0.058
38.407 515 0
38.407 119 0
38.523 253 0.057
38.523 166 0.057
38.523 785 0
38.638 690 0
38.638 710 0
38.753 724 0
38.753 796 0
38.811 222 0
38.869 175 0
38.869 351 0
38.927 370 0
38.984 128 0
38.984 679 0
39.042 266 0
39.1 390 0
39.1 392 0
39.157 429 0
39.215 183 0
39.215 872 0
39.273 887 0
39.33 320 0
39.33 219 0
39.388 635 0
39.446 723 0
39.475 160 0
39.503 878 0
39.532 670 0
39.561 162 0
39.59 736 0
39.619 767 0
39.648 315 0
39.677 879 0
39.677 55 0
39.792 861 0
39.907 397 0
40.138 34 0
40.253 747 0
40.311 143 0
40.369 91 0
40.427 392 0
40.484 764 0
40.542 183 0
40.6 186 0.115
40.6 677 0.173
40.6 275 0.115
40.715 168 0.115
40.773 465 0.115
40.83 165 0.231
40.888 662 0.173
40.946 879 0.115
41.061 711 0
41.234 177 0
41.292 253 0
41.407 695 0
41.465 118 0
41.523 779 0
41.638 614 0
41.696 738 0
41.753 492 0
41.869 358 0
41.927 848 0
41.984 37 0
42.1 520 0
42.157 761 0
42.215 239 0
42.33 158 0
42.388 604 0
42.446 564 0.115
42.446 549 0.173
42.446 329 0.115
42.561 483 0.116
42.619 314 0.058
42.677 608 0.115
42.734 135 0.116
42.792 461 0.115
42.85 124 0.057
42.907 832 0
43.023 629 0
43.08 601 0
43.138 3 0
43.253 541 0
43.311 631 0
43.369 834 0
43.369 765 0
43.427 830 0
43.484 408 0
43.484 347 0
43.542 370 0
43.6 545 0
43.6 562 0
43.657 464 0
43.715 469 0
43.715 537 0
43.773 624 0
43.83 784 0.173
43.83 374 0.116
43.83 522 0.058
44.061 874 0
44.061 513 0
44.1 735 0
44.138 501 0
44.177 250 0
44.215 768 0
44.292 513 0.115
44.292 161 0.173
44.292 449 0.115
44.407 433 0.116
44.465 389 0.115
44.523 28 0.173
44.58 176 0.116
44.638 267 0.058
44.753 786 0
44.753 751 0
44.753 118 0
44.811 419 0
44.869 424 0
44.927 686 0
44.984 227 0
45.042 819 0
45.1 249 0
45.157 220 0
45.215 104 0
45.215 154 0
45.273 826 0
45.33 549 0
45.388 243 0
45.446 365 0
45.503 707 0
45.561 239 0
45.619 674 0
45.677 558 0
45.677 325 0
45.677 37 0
45.734 669 0
45.792 402 0
45.85 242 0
45.907 61 0
45.965 476 0
46.023 16 0
46.08 689 0
46.138 780 0.115
46.138 568 0.173
46.138 49 0.058
46.369 264 0.173
46.427 461 0.115
46.484 721 0.058
46.6 355 0
46.6 127 0
46.6 697 0
46.657 678 0
46.715 185 0
46.773 6 0
46.83 865 0
46.888 295 0
46.946 26 0
47.003 625 0
47.061 303 0
47.061 861 0
47.119 637 0
47.177 503 0
47.234 77 0
47.292 454 0
47.35 415 0
47.407 643 0.058
47.407 554 0.058
47.523 756 0
47.523 128 0.057
47.523 423 0.115
47.58 677 0.058
47.638 662 0.115
47.696 96 0.057
47.753 385 0
47.753 763 0
47.869 848 0
47.869 222 0.058
47.984 83 0.058
47.984 696 0.116
47.984 831 0
48.1 705 0.115
48.215 28 0.115
48.273 454 0.057
48.33 817 0.116
48.388 150 0.058
48.446 33 0
48.446 32 0
48.561 57 0
48.59 714 0
48.619 271 0
48.677 468 0
48.734 552 0
48.792 152 0
48.792 187 0
48.85 59 0
48.907 724 0
48.936 22 0
48.965 391 0
49.023 106 0
49.052 790 0
49.08 350 0
49.138 182 0
49.138 3 0
49.253 149 0
49.282 724 0
49.311 465 0
49.369 231 0
49.369 173 0
49.427 385 0
49.484 800 0
49.542 645 0
49.6 514 0
49.6 217 0
49.715 467 0
49.744 400 0
49.773 767 0
49.83 599 0
49.83 737 0.116
49.888 657 0.058
49.946 497 0.115
50.003 273 0.058
50.061 580 0.116
50.119 95 0.115
50.177 389 0.115
50.292 86 0
50.292 239 0
50.35 828 0
50.407 52 0
50.465 218 0
50.523 361 0
50.523 788 0
50.523 59 0
50.58 535 0
50.638 244 0
50.638 772 0
50.638 729 0
50.696 214 0
50.753 540 0
50.753 812 0
50.869 519 0
50.869 24 0
50.927 648 0
50.927 537 0
50.984 231 0
50.984 499 0
51.042 898 0
51.042 60 0
51.1 476 0
51.157 714 0
51.215 74 0
51.215 252 0
51.215 603 0
51.273 650 0
51.33 881 0
51.388 646 0
51.446 275 0
51.446 666 0
51.561 316 0
51.677 98 0.115
51.677 48 0.173
51.677 641 0.115
51.792 828 0.115
51.85 413 0.115
51.907 510 0.173
51.965 289 0.115
52.023 125 0.057
52.138 177 0.231
52.138 273 0.404
52.138 380 0.173
52.369 91 0.058
52.369 632 0.058
52.484 72 0.058
52.484 693 0.058
52.6 724 0.173
52.6 652 0.23
52.6 43 0.403
52.83 498 0.058
52.83 36 0.058
52.946 143 0.057
52.946 213 0.057
53.061 388 0.231
53.061 455 0.404
53.061 147 0.173
53.292 661 0.058
53.292 374 0.058
53.407 262 0.058
53.407 678 0.058
53.523 681 0.057
53.523 154 0.115
53.523 72 0.173
53.753 109 0.174
53.811 645 0.116
53.869 296 0.058
53.984 285 0.231
53.984 585 0.404
53.984 392 0.173
54.215 449 0.058
54.215 382 0.058
54.33 459 0.058
54.33 118 0.058
54.446 332 0.173
54.446 241 0.231
54.446 594 0.404
54.677 845 0.057
54.677 100 0.057
54.792 345 0.058
54.792 33 0.058
54.907 348 0
54.907 503 0
54.907 656 0
55.023 788 0.057
55.023 216 0.057
55.138 166 0
55.138 554 0
55.253 780 0
55.311 534 0
55.369 478 0
55.369 437 0.115
55.369 31 0.058
55.484 617 0.116
55.6 672 0.115
55.657 819 0.058
55.715 404 0.115
55.773 850 0.057
55.83 75 0
55.83 411 0
55.946 139 0
55.975 82 0
56.003 150 0
56.061 838 0
56.119 310 0
56.177 703 0
56.177 405 0
56.234 231 0
56.292 828 0
56.321 563 0
56.35 237 0
56.407 125 0
56.436 173 0
56.465 179 0
56.523 839 0
56.523 668 0
56.638 307 0
56.667 201 0
56.696 134 0
56.753 525 0
56.753 556 0
56.811 763 0
56.869 345 0
56.898 762 0
56.984 167 0
56.984 118 0
57.023 76 0
57.061 195 0
57.1 207 0
57.157 822 0
57.215 515 0
57.215 584 0
57.273 424 0
57.33 797 0
57.359 618 0
57.446 73 0
57.475 792 0
57.561 725 0
57.561 346 0
57.619 33 0
57.677 641 0
57.677 766 0
57.677 753 0
57.792 233 0
57.821 265 0
57.907 898 0
57.907 524 0
57.965 500 0
58.023 179 0
58.023 780 0
58.08 642 0
58.138 66 0
58.138 413 0
58.253 642 0
58.369 516 0
58.369 524 0
58.484 318 0
58.6 391 0
58.657 432 0
58.657 229 0
58.715 779 0
58.715 612 0
58.773 658 0
58.83 421 0
58.83 756 0
58.83 832 0
58.946 409 0
58.946 394 0
59.061 79 0.116
59.061 354 0.116
59.061 686 0.173
59.177 789 0.115
59.234 553 0.116
59.292 64 0.173
59.35 716 0.115
59.407 541 0.058
59.523 893 0
59.523 236 0
59.523 766 0.154
59.6 129 0.153
59.677 19 0.153
59.753 529 0.154
59.83 491 0.154
59.907 71 0.154
59.984 831 0.154
59.984 79 0
60.061 531 0.154
60.138 401 0.154
60.215 93 0.154
60.292 551 0.154
60.369 179 0.154
60.446 752 0.154
60.446 206 0
60.523 381 0.154
60.6 798 0.153
60.677 876 0.153
60.753 314 0
60.83 478 0
60.907 310 0.058
60.907 636 0.116
60.907 334 0.173
61.138 836 0.173
61.196 146 0.115
61.253 70 0.058
61.369 1 0
61.369 271 0
61.369 331 0.154
61.446 686 0.154
61.523 244 0.154
61.6 169 0.153
61.677 846 0.153
61.753 538 0.154
61.83 78 0.154
61.83 539 0
61.907 270 0.154
61.984 706 0.193
62.061 384 0.116
62.177 249 0.115
62.215 696 0.077
62.292 316 0
62.292 21 0
62.407 712 0.116
62.446 260 0.077
62.523 165 0
62.523 620 0
62.638 28 0.115
62.638 233 0.058
62.753 273 0
62.753 210 0.058
62.753 414 0.116
62.869 833 0.115
62.984 98 0.116
63.042 416 0.058
63.1 774 0.115
63.157 262 0.058
63.215 425 0
63.215 842 0
63.388 251 0
63.417 827 0
63.446 205 0
63.561 165 0
63.561 323 0
63.677 44 0
63.705 509 0
63.792 731 0
63.821 565 0
63.907 399 0
63.907 560 0
64.023 373 0
64.052 817 0
64.08 710 0
64.138 789 0
64.138 657 0
64.138 430 0
64.253 894 0
64.282 10 0
64.311 628 0
64.369 272 0
64.369 533 0
64.484 39 0
64.513 198 0
64.542 265 0
64.6 107 0
64.6 644 0
64.657 524 0
64.715 650 0
64.773 548 0
64.83 136 0
64.859 217 0
64.946 338 0
64.975 542 0
65.003 466 0
65.032 407 0
65.061 453 0
65.061 10 0
65.234 439 0
65.263 476 0
65.292 480 0
65.292 516 0
65.407 686 0
65.407 394 0
65.407 294 0
65.523 829 0
65.523 267 0
65.58 900 0
65.58 709 0
65.638 365 0
65.696 837 0
65.753 856 0
65.811 104 0
65.869 442 0
65.869 38 0
65.927 7 0
65.927 820 0
65.984 722 0
66.042 553 0
66.1 407 0
66.157 641 0
66.215 615 0
66.215 813 0
66.273 639 0
66.33 162 0
66.33 317 0
66.446 635 0.115
66.446 463 0.115
66.446 159 0.173
66.561 374 0.116
66.619 19 0.115
66.677 389 0.173
66.734 868 0.116
66.792 642 0.058
66.907 855 0
66.907 433 0
66.907 481 0
67.023 769 0
67.052 721 0
67.08 605 0
67.138 33 0
67.167 276 0
67.253 706 0
67.282 629 0
67.311 146 0
67.369 504 0
67.369 574 0
67.484 109 0
67.513 27 0
67.542 781 0
67.6 671 0
67.628 293 0
67.715 266 0
67.744 79 0
67.773 648 0
67.83 557 0
67.83 565 0
67.946 293 0
68.003 794 0
68.032 741 0
68.061 85 0
68.09 454 0
68.177 361 0
68.205 15 0
68.234 109 0
68.292 384 0.173
68.292 779 0.115
68.407 608 0.116
68.465 377 0.115
68.523 44 0.115
68.58 37 0.116
68.638 704 0.115
68.753 766 0
68.753 519 0
68.753 368 0
68.869 14 0
68.927 335 0
68.955 755 0
68.984 71 0
69.013 339 0
69.1 812 0
69.128 478 0
69.157 671 0
69.215 211 0
69.215 407 0
69.33 585 0
69.388 732 0
69.417 309 0
69.446 502 0
69.475 24 0
69.561 673 0
69.619 372 0
69.677 309 0.057
69.677 298 0
69.677 82 0
69.792 782 0.115
69.907 274 0.058
69.907 228 0
70.023 134 0.115
70.138 35 0.115
70.138 681 0.173
70.138 330 0.115
70.253 667 0.116
70.311 261 0.116
70.369 710 0.115
70.427 243 0.115
70.484 724 0.116
70.542 132 0.058
70.6 465 0
70.6 429 0
70.715 156 0
70.715 298 0
70.83 649 0
70.83 782 0
70.946 149 0
70.946 299 0
71.003 587 0
71.061 748 0
71.061 443 0
71.177 665 0
71.234 593 0
71.292 444 0
71.292 45 0
71.407 606 0
71.407 116 0
71.523 434 0
71.523 139 0
71.523 473 0
71.638 91 0
71.638 369 0
71.753 202 0
71.753 234 0
71.753 126 0
71.869 888 0
71.869 527 0
71.984 864 0
71.984 256 0
71.984 125 0
72.157 359 0
72.157 572 0
72.157 246 0
72.215 537 0
72.33 196 0
72.33 425 0
72.33 749 0
72.446 186 0
72.503 541 0
72.503 103 0
72.503 62 0
72.677 847 0
72.677 500 0
72.677 174 0
72.792 255 0
72.792 854 0
72.792 414 0
72.907 397 0
72.907 8 0
72.965 30 0
72.965 23 0
73.023 451 0
73.023 418 0
73.08 370 0
73.08 575 0
73.138 148 0
73.138 17 0
73.196 659 0
73.196 683 0
73.253 447 0
73.253 227 0
73.311 772 0
73.311 144 0
73.369 697 0
73.369 493 0
73.484 574 0
73.542 187 0
73.657 611 0
73.715 724 0
73.83 23 0
73.83 701 0
73.83 180 0
74.061 703 0
74.177 797 0
74.292 861 0
74.407 485 0
74.523 822 0
74.638 669 0
74.753 650 0
74.869 849 0
74.984 336 0
75.1 566 0.115
75.215 617 0
75.33 400 0.116
75.446 478 0
75.561 159 0
75.677 807 0
75.734 20 0
75.792 409 0
75.85 23 0
75.907 403 0
75.965 551 0
76.023 670 0
76.08 380 0
76.138 522 0
76.196 617 0
76.253 437 0
76.311 220 0
76.369 548 0
76.427 166 0
76.484 93 0
76.542 614 0
76.6 288 0
76.6 863 0
76.657 113 0
76.657 400 0
76.715 321 0
76.715 354 0
76.773 433 0
76.773 183 0
76.83 669 0
76.83 107 0
76.888 493 0
76.888 605 0
76.946 360 0
76.946 898 0
77.003 782 0
77.003 176 0
77.061 177 0
77.061 514 0
77.119 95 0.058
77.177 33 0.057
77.292 319 0.058
77.407 188 0.058
77.523 801 0
77.523 159 0
77.58 684 0
77.638 458 0
77.753 232 0
77.753 596 0
77.811 720 0
77.869 297 0
77.984 185 0
77.984 0 0
78.042 867 0
78.1 732 0
78.215 468 0
78.215 270 0
78.273 892 0
78.33 838 0
78.446 422 0
78.446 899 0
78.503 779 0
78.561 877 0
78.619 380 0
78.677 526 0
78.677 638 0
78.734 32 0
78.792 572 0
78.85 374 0
78.907 290 0
78.907 101 0
78.965 723 0
79.023 45 0
79.08 174 0
79.138 702 0
79.138 677 0
79.253 448 0
79.311 38 0
79.369 751 0
79.369 465 0
79.369 754 0
79.484 734 0
79.484 25 0
79.6 391 0
79.6 378 0
79.6 184 0
79.715 811 0
79.715 792 0
79.83 878 0
79.83 573 0
79.83 470 0
79.946 505 0
79.946 216 0
80.061 733 0
80.061 218 0
80.119 791 0
80.148 66 0
80.177 726 0
80.205 835 0
80.234 767 0
80.263 464 0
80.292 43 0
80.292 181 0
80.407 33 0
80.465 389 0
80.523 552 0
80.523 235 0
80.638 854 0
80.638 805 0
80.696 807 0
80.753 848 0
80.753 48 0
80.811 767 0
80.811 773 0
80.869 130 0
80.869 698 0
80.927 421 0
80.984 527 0
80.984 667 0
81.1 8 0
81.1 627 0
81.215 181 0
81.215 239 0
81.215 802 0
81.33 431 0
81.33 342 0
81.33 317 0
81.446 362 0.115
81.446 85 0.057
81.446 26 0.115
81.503 348 0.116
81.561 163 0.116
81.677 142 0
81.677 309 0
81.734 736 0
81.792 549 0
81.85 331 0
81.907 65 0
81.907 193 0
81.965 501 0
82.023 324 0
82.08 130 0
82.138 543 0
82.138 411 0
82.196 878 0
82.253 540 0
82.311 347 0
82.369 429 0
82.369 128 0
82.427 753 0
82.484 96 0
82.542 380 0
82.6 396 0
82.6 104 0
82.657 232 0
82.715 893 0
82.773 94 0
82.83 82 0
82.83 86 0
82.888 451 0
82.946 223 0
83.003 851 0
83.061 393 0.116
83.061 430 0.173
83.061 234 0.058
83.292 52 0.173
83.35 147 0.115
83.407 626 0.058
83.523 637 0
83.523 12 0
83.58 333 0
83.638 266 0
83.696 238 0
83.753 413 0
83.753 463 0
83.811 448 0
83.869 298 0
83.927 192 0
83.984 164 0
83.984 837 0
84.042 134 0
84.1 795 0
84.157 817 0
84.215 467 0
84.215 380 0
84.273 95 0
84.33 717 0.116
84.33 806 0.058
84.446 442 0.057
84.446 830 0.115
84.503 446 0.058
84.561 303 0.116
84.619 392 0.058
84.677 808 0
84.677 577 0
84.792 279 0
84.792 524 0
84.907 770 0
84.907 329 0
84.907 603 0
84.965 65 0
85.023 25 0
85.08 110 0
85.138 197 0
85.138 336 0
85.196 227 0
85.253 704 0
85.253 316 0
85.311 493 0
85.369 525 0
85.369 740 0
85.427 791 0
85.484 558 0
85.542 495 0
85.6 153 0
85.6 545 0
85.657 316 0
85.715 719 0
85.773 292 0
85.83 265 0
85.83 61 0
85.888 167 0
85.946 723 0
86.003 58 0
86.061 5 0
86.061 410 0
86.119 500 0
86.177 119 0
86.234 254 0
86.292 883 0
86.292 144 0
86.35 397 0
86.407 213 0
86.465 749 0
86.523 410 0
86.523 317 0
86.58 846 0
86.638 727 0
86.696 188 0
86.753 662 0
86.753 758 0
86.792 731 0
86.83 488 0
86.869 633 0
86.927 552 0
86.984 410 0
86.984 803 0
87.042 598 0
87.1 536 0
87.138 124 0
87.177 164 0
87.215 147 0
87.215 716 0
87.292 420 0
87.33 49 0
87.369 836 0
87.446 268 0
87.446 451 0
87.503 756 0
87.561 306 0
87.619 387 0
87.677 666 0
87.677 230 0
87.792 173 0
87.792 607 0
87.792 708 0
87.907 527 0
87.946 372 0
87.984 719 0
88.023 138 0
88.023 730 0
88.138 740 0
88.138 141 0
88.138 723 0
88.215 345 0
88.253 472 0
88.292 834 0
88.369 109 0
88.407 793 0
88.484 598 0
88.484 544 0
88.6 726 0
88.6 199 0
88.628 151 0
88.657 190 0
88.715 27 0
88.83 608 0.116
88.83 442 0.058
88.83 411 0.116
88.888 554 0.115
88.946 701 0.115
89.061 344 0
89.061 303 0
89.119 690 0
89.177 215 0
89.234 499 0
89.292 429 0
89.292 543 0
89.35 812 0
89.407 756 0
89.465 760 0
89.523 347 0
89.523 695 0
89.58 486 0
89.638 630 0
89.696 754 0
89.753 39 0
89.753 5 0
89.811 310 0
89.869 121 0
89.927 604 0
89.984 247 0
89.984 891 0
90.042 657 0
90.1 773 0
90.157 852 0
90.215 409 0
90.215 588 0
90.273 299 0
90.33 266 0
90.388 6 0
90.446 51 0.057
90.446 662 0.115
90.446 586 0.173
90.677 189 0.057
90.677 135 0.115
90.677 195 0.173
90.907 438 0
90.907 260 0
90.965 854 0
91.023 477 0
91.08 99 0
91.138 113 0
91.138 39 0
91.196 626 0
91.253 435 0
91.311 751 0
91.369 894 0
91.369 695 0
91.427 260 0
91.484 189 0
91.542 61 0
91.6 310 0
91.6 714 0
91.657 511 0
91.715 774 0
91.773 412 0
91.83 344 0
91.83 138 0
91.946 47 0
92.003 23 0
92.061 822 0
92.061 66 0
92.177 275 0
92.177 789 0
92.292 173 0
92.292 179 0
92.292 318 0
92.35 130 0
92.407 458 0
92.465 466 0
92.523 801 0
92.523 556 0
92.58 19 0
92.638 129 0
92.638 387 0
92.696 336 0
92.753 153 0
92.753 716 0
92.811 202 0
92.869 720 0
92.927 897 0
92.984 35 0
92.984 245 0
93.042 458 0
93.1 291 0
93.157 187 0
93.215 866 0
93.215 17 0
93.273 323 0
93.33 882 0
93.388 291 0
93.446 673 0
93.446 510 0
93.503 303 0
93.561 270 0
93.619 431 0
93.677 348 0
93.677 446 0
93.792 670 0
93.792 451 0
93.907 16 0
93.907 760 0
94.023 233 0
94.023 446 0
94.08 500 0
94.138 491 0
94.138 219 0
94.138 83 0
94.253 342 0
94.253 135 0
94.369 279 0.115
94.6 124 0
94.6 370 0
94.6 804 0
94.715 544 0
94.715 99 0
94.83 59 0
94.83 580 0
94.888 529 0
94.888 645 0
94.946 122 0
94.946 518 0
95.003 855 0
95.061 387 0
95.061 518 0
95.061 894 0
95.177 655 0
95.292 729 0
95.292 448 0
95.292 142 0
95.407 555 0
95.523 14 0
95.523 650 0
95.523 168 0
95.58 879 0
95.638 767 0
95.696 45 0
95.753 544 0
95.753 689 0
95.753 643 0
95.869 658 0
95.927 896 0
95.984 422 0
95.984 634 0
96.1 586 0
96.1 890 0
96.1 529 0
96.215 890 0.115
96.215 717 0.058
96.215 293 0.115
96.273 635 0.115
96.33 612 0.116
96.446 701 0
96.446 842 0
96.503 553 0
96.561 556 0
96.619 252 0
96.677 522 0
96.677 694 0
96.734 853 0
96.792 511 0
96.85 151 0
96.907 347 0
96.907 132 0
96.965 564 0
97.023 488 0
97.08 744 0
97.138 7 0
97.138 719 0
97.196 790 0
97.253 772 0
97.311 287 0
97.369 563 0
97.369 566 0
97.427 29 0
97.484 792 0
97.542 584 0
97.6 171 0
97.6 458 0
97.657 96 0
97.715 267 0
97.773 49 0
97.83 201 0.116
97.83 462 0.173
97.83 186 0.058
98.061 491 0.173
98.119 668 0.115
98.177 774 0.057
98.292 533 0
98.292 65 0
98.35 850 0
98.407 127 0
98.465 637 0
98.523 883 0
98.523 102 0
98.58 484 0
98.638 657 0
98.696 53 0
98.753 666 0
98.753 753 0
98.811 492 0
98.869 703 0
98.927 472 0
98.984 454 0
98.984 351 0
99.042 865 0
99.1 242 0
99.138 260 0
99.177 332 0
99.215 564 0
99.215 528 0
99.33 716 0
99.33 368 0
99.446 120 0
99.446 628 0
99.561 707 0
99.561 198 0
99.677 279 0
99.677 485 0
99.677 613 0
99.792 454 0
99.85 702 0
99.907 836 0
99.907 159 0
100.023 239 0
100.023 823 0
100.023 565 0
100.138 880 0
100.138 474 0
100.253 564 0
100.253 488 0
100.253 284 0
100.369 621 0
100.369 592 0
100.484 30 0
100.484 294 0
100.484 350 0
100.6 504 0
100.6 723 0
100.6 580 0
100.715 718 0
100.773 627 0
100.83 351 0
100.83 589 0
100.946 234 0
100.946 778 0
100.946 94 0
101.061 209 0
101.061 657 0
101.177 467 0
101.177 538 0
101.177 314 0
101.234 313 0
101.292 3 0
101.292 544 0
101.292 147 0
101.407 794 0
101.465 67 0
101.523 713 0
101.523 393 0
101.523 654 0
101.638 108 0
101.753 413 0
101.753 710 0
101.869 268 0
101.869 870 0
101.869 287 0
101.984 539 0
101.984 857 0
102.1 653 0
102.215 829 0
102.215 75 0
102.215 306 0
102.33 854 0
102.33 397 0
102.388 671 0
102.388 881 0
102.446 185 0
102.446 819 0
102.561 315 0
102.561 571 0
102.792 115 0
102.792 685 0
102.792 669 0
102.907 649 0
102.907 664 0
102.965 166 0
103.023 20 0
103.08 196 0
103.138 616 0
103.138 370 0
103.138 471 0
103.196 101 0
103.253 384 0
103.311 768 0
103.369 51 0
103.369 513 0
103.398 655 0
103.427 490 0
103.484 490 0
103.6 778 0.115
103.6 411 0.057
103.6 566 0.115
103.657 494 0.116
103.715 248 0.115
103.83 681 0
103.83 493 0
103.888 696 0
103.946 561 0
104.003 797 0
104.061 420 0
104.061 883 0
104.061 162 0
104.119 690 0
104.177 554 0
104.234 874 0
104.292 70 0
104.292 211 0
104.292 131 0
104.35 794 0
104.407 811 0
104.465 450 0
104.523 765 0
104.523 844 0
104.523 784 0
104.58 298 0
104.638 898 0
104.696 333 0
104.753 377 0
104.753 696 0
104.753 34 0
104.811 853 0
104.869 551 0
104.927 425 0
104.984 721 0
104.984 594 0
104.984 607 0
105.042 415 0
105.1 589 0
105.157 868 0
105.215 654 0.058
105.215 691 0.115
105.215 690 0.173
105.446 584 0.057
105.446 849 0.115
105.446 769 0.173
105.677 249 0
105.677 404 0
105.677 208 0
105.734 269 0
105.792 882 0
105.85 291 0
105.907 730 0
105.907 40 0
105.907 405 0
105.965 339 0
106.023 856 0
106.08 655 0
106.138 865 0
106.138 239 0
106.138 701 0
106.196 374 0
106.253 193 0
106.311 247 0
106.369 186 0
106.369 136 0
106.369 557 0
106.427 559 0
106.484 696 0
106.484 114 0
106.6 755 0
106.6 16 0
106.6 172 0
106.715 654 0
106.715 527 0
106.715 462 0
106.83 836 0
106.83 291 0
106.83 423 0
106.946 897 0
106.946 191 0
107.003 479 0
107.061 629 0.231
107.061 466 0.231
107.061 566 0.231
107.407 712 0.116
107.407 598 0.116
107.407 288 0.116
107.638 331 0
107.638 794 0
107.696 424 0
107.753 559 0
107.753 480 0
107.753 89 0
107.984 579 0.231
107.984 225 0.231
107.984 729 0.231
108.33 443 0.116
108.33 169 0.116
108.33 523 0.116
108.561 452 0
108.561 876 0
108.677 194 0
108.677 509 0
108.677 822 0
108.792 824 0
108.792 210 0
108.907 796 0
108.907 584 0
108.907 63 0
109.83 664 0
109.83 5 0
110.177 575 0
110.234 238 0
110.292 505 0
110.292 85 0
110.35 2 0
110.407 339 0
110.465 76 0
110.523 371 0
110.523 244 0
110.523 450 0
110.753 852 0
110.753 549 0
110.753 415 0
110.869 537 0
110.869 94 0
110.927 31 0
110.927 751 0
110.984 711 0
110.984 492 0
111.042 107 0
111.1 22 0
111.1 374 0
111.1 420 0
111.215 163 0
111.215 376 0
111.273 8 0
111.273 541 0
111.33 491 0
111.33 358 0
111.388 400 0
111.446 329 0
111.446 689 0
111.446 386 0
111.561 305 0
111.561 177 0
111.619 708 0
111.619 662 0
111.677 584 0
111.677 864 0
111.734 684 0
111.792 324 0
111.792 195 0
111.792 339 0
111.907 317 0
111.907 106 0
111.965 547 0
111.965 365 0
112.023 245 0
112.023 210 0
112.08 654 0
112.138 600 0
112.138 434 0
112.196 494 0
112.253 12 0
112.253 770 0
112.369 535 0
112.369 460 0
112.427 564 0
112.484 673 0
112.542 716 0
112.6 506 0
112.6 860 0
112.6 624 0
112.715 292 0
112.715 470 0
112.773 90 0
112.773 323 0
112.83 57 0
112.83 449 0
112.888 747 0
112.946 458 0
112.946 587 0
112.946 500 0
113.061 820 0
113.061 404 0
113.119 408 0
113.119 95 0
113.177 625 0
113.177 316 0
113.234 773 0
113.292 709 0
113.292 355 0
113.292 875 0
113.407 608 0
113.407 483 0
113.465 101 0
113.465 59 0
113.523 882 0
113.523 555 0
113.58 884 0
113.638 405 0
113.638 801 0
113.638 543 0
113.753 215 0
113.753 881 0
113.811 889 0
113.811 121 0
113.869 815 0
113.869 246 0
113.927 540 0
113.984 876 0
113.984 693 0
114.042 412 0
114.071 351 0
114.1 229 0
114.138 547 0
114.215 864 0
114.215 34 0
114.253 233 0
114.292 269 0
114.446 134 0
114.446 214 0
114.446 117 0
114.561 555 0
114.561 124 0
114.619 344 0
114.619 600 0
114.677 64 0
114.677 633 0
114.734 225 0
114.792 17 0
114.792 95 0
114.792 4 0
114.907 289 0
114.907 558 0
114.965 452 0
114.965 565 0
115.023 334 0
115.023 838 0
115.08 600 0
115.138 645 0
115.138 348 0
115.138 265 0
115.253 472 0
115.253 718 0
115.311 862 0
115.311 41 0
115.369 529 0
115.369 668 0
115.427 77 0
115.484 693 0
115.484 67 0
115.484 198 0
115.6 209 0
115.6 227 0
115.657 152 0
115.657 414 0
115.715 245 0
115.715 26 0
115.773 311 0
115.83 550 0
115.83 340 0
115.888 199 0
115.946 656 0
115.946 845 0
116.003 513 0
116.061 621 0
116.061 175 0
116.119 1 0
116.177 813 0
116.234 587 0
116.292 177 0
116.292 194 0
116.292 139 0
116.407 591 0
116.407 309 0
116.465 263 0
116.465 135 0
116.523 540 0
116.523 155 0
116.58 897 0
116.638 96 0
116.638 349 0
116.638 168 0
116.753 257 0
116.753 201 0
116.811 249 0
116.811 751 0
116.869 311 0
116.869 301 0
116.927 236 0
116.984 605 0
117.013 178 0
117.042 441 0
117.071 289 0
117.1 269 0
117.128 271 0
117.157 461 0
117.186 167 0
117.215 583 0
117.215 567 0
117.388 454 0
117.388 667 0
117.388 717 0
117.561 44 0
117.561 663 0
117.561 71 0
117.677 268 0.115
117.677 62 0.173
117.677 824 0.23
117.907 606 0
117.907 171 0
118.138 707 0
118.138 212 0
118.138 240 0
118.253 572 0
118.311 806 0
118.311 257 0
118.311 670 0
118.427 723 0
118.484 308 0
118.484 854 0
118.484 39 0
118.6 252 0
118.6 172 0
118.6 174 0
118.773 595 0.057
118.83 461 0.058
118.888 391 0.058
118.946 329 0
118.946 759 0
119.003 135 0
119.061 733 0
119.061 459 0
119.061 327 0
119.234 350 0
119.234 186 0
119.234 19 0
119.407 209 0
119.407 61 0
119.407 343 0
119.58 734 0
119.58 88 0
119.58 631 0
119.753 188 0
119.753 236 0
119.753 366 0
119.984 490 0
119.984 450 0
119.984 244 0
120.157 404 0
120.157 782 0
120.157 492 0
120.33 897 0
120.33 110 0
120.33 828 0
120.446 789 0
120.446 776 0
120.446 386 0
120.561 101 0.058
120.619 273 0.058
120.677 649 0.057
120.734 338 0.058
120.792 733 0
120.792 72 0
120.907 749 0
120.907 485 0
120.907 784 0
121.08 693 0
121.08 154 0
121.08 44 0
121.253 649 0
121.253 53 0
121.253 338 0
121.369 25 0
121.369 823 0
121.484 705 0
121.484 104 0
121.6 334 0
121.6 799 0
121.6 148 0
121.657 887 0
121.715 577 0
121.773 398 0
121.83 691 0
121.83 202 0
121.888 748 0
121.888 874 0
121.946 106 0
122.003 41 0
122.003 441 0
122.003 430 0
122.177 98 0
122.177 264 0
122.177 369 0
122.292 792 0
122.292 105 0
122.292 594 0
122.407 792 0
122.407 780 0
122.523 336 0
122.523 235 0
122.638 540 0
122.667 474 0
122.696 597 0
122.725 476 0
122.753 287 0
122.753 537 0
122.927 867 0
122.927 513 0
122.927 119 0
123.1 576 0
123.1 451 0
123.1 38 0
123.273 544 0
123.273 257 0
123.273 513 0
123.446 2 0
123.446 729 0
123.446 839 0
123.677 450 0
123.677 838 0
123.677 837 0
123.85 153 0
123.85 664 0
123.85 689 0
124.023 163 0
124.023 245 0
124.023 173 0
124.138 307 0
124.138 180 0
124.138 97 0
124.253 314 0
124.253 574 0
124.253 169 0
124.484 34 0.116
124.484 55 0.116
124.484 104 0.116
124.484 336 0.116
125.523 6 1.846
125.523 259 0
127.369 808 5.538
132.907 135 1.846
132.907 418 0
134.753 679 1.847
136.6 324 1.846
138.446 312 1.384
139.83 808 0.462
140.292 543 0
140.292 14 0
140.292 350 0.231
140.407 171 0.116
140.523 714 0.23
140.638 235 0.115
140.753 297 0.231
140.869 606 0.115
140.984 338 0.231
141.1 745 0.115
141.215 302 0.231
141.33 568 0.116
141.446 73 0.231
141.561 530 0.116
141.677 825 0.23
141.792 57 0.115
141.907 41 0.231
142.023 421 0.115
142.138 427 0
142.138 216 0.231
142.253 695 0.116
142.369 782 0.231
142.484 604 0.116
142.6 153 0.23
142.715 359 0.115
142.83 894 0.231
142.946 869 0.115
143.061 847 0.231
143.177 602 0.115
143.292 380 0.231
143.407 760 0.116
143.523 48 0.23
143.638 129 0.115
143.753 340 0.231
143.869 684 0.115
143.984 59 0.231
144.1 397 0.115
144.215 47 0.231
144.33 72 0.116
144.446 699 0.231
144.561 411 0.116
144.677 224 0.23
144.792 702 0.115
144.907 863 0.231
145.023 414 0.115
145.138 28 0.231
145.253 636 0.116
145.369 379 0.231
145.484 627 0.116
145.6 579 0.23
145.715 201 0.115
145.83 114 0.231
145.946 602 0.115
146.061 560 0.231
146.177 449 0.115
146.292 367 0.231
146.407 492 0.116
146.523 254 0.23
146.638 872 0.115
146.753 186 0.231
146.869 335 0.115
146.984 427 0.231
147.1 661 0.115
147.215 341 0.231
147.33 595 0.116
147.446 82 0.231
147.561 117 0.116
147.677 702 0
147.677 659 0.23
147.792 166 0.115
147.907 485 0.231
148.023 227 0.115
148.138 692 0.231
148.253 489 0.116
148.369 301 0.231
148.484 171 0.116
148.6 595 0.23
148.715 768 0.115
148.83 276 0.231
148.946 831 0.115
149.061 98 0.231
149.177 201 0.115
149.292 43 0.231
149.407 250 0.116
149.523 261 0.23
149.523 319 0
149.638 279 0.115
149.753 361 0.231
149.869 62 0.115
149.984 514 0.231
150.1 788 0.115
150.215 851 0.231
150.33 438 0.116
150.446 843 0.231
150.561 613 0.116
150.677 697 0.23
150.792 822 0.115
150.907 649 0.231
151.023 689 0.115
151.138 270 0.231
151.253 540 0.116
151.369 644 0
151.369 833 0.231
151.484 848 0.116
151.6 787 0.23
151.715 317 0.115
151.83 403 0.231
151.946 199 0.115
152.061 102 0.231
152.177 794 0.115
152.292 663 0.231
152.407 726 0.116
152.523 603 0.23
152.638 108 0.115
152.753 518 0.231
152.869 790 0.115
152.984 407 0.231
153.1 899 0.115
153.215 84 0
153.215 195 0.231
153.33 539 0.116
153.446 720 0.231
153.561 340 0.116
153.677 442 0.346
153.792 667 0.115
153.907 95 0.231
154.023 94 0.23
154.138 734 0.231
154.253 644 0.116
154.369 759 0.231
154.484 753 0.231
154.6 823 0.23
154.715 357 0.115
154.83 294 0.231
154.946 730 0.115
155.061 615 0
155.061 763 0
155.292 847 0
155.523 236 0
155.523 99 0
155.753 885 0
155.984 340 0
155.984 288 0
156.215 720 0
156.446 521 0
156.446 848 0
156.677 516 0
156.907 746 0
156.907 768 0
157.138 129 0
157.138 879 0
157.369 653 0
157.369 211 0
157.6 816 0
157.6 90 0
157.83 747 0
157.83 713 0
158.061 698 0
158.061 278 0
158.292 847 0
158.33 227 0
158.369 108 0
158.407 338 0
158.523 265 0
158.638 76 0
158.753 142 0
158.753 379 0
158.984 226 0
159.215 278 0
159.215 797 0
159.446 40 0
159.677 420 0
159.677 563 0
159.907 627 0
160.138 177 0
160.138 781 0
160.369 355 0
160.6 558 0
160.6 887 0
160.83 609 0
160.83 604 0
161.061 207 0
161.061 155 0
161.292 575 0
161.292 235 0
161.523 70 0.923
161.523 641 0
161.6 585 0
161.677 576 0
161.753 771 0
161.83 481 0
162.446 328 0.057
162.446 690 0
162.446 54 0
162.561 374 0
162.677 745 0.057
162.677 306 0
162.792 539 0
162.907 517 0.058
162.907 758 0
163.023 642 0
163.138 827 0.058
163.138 348 0
163.253 12 0
163.369 11 0.058
163.369 186 0
163.369 238 0
163.484 116 0
163.6 445 0.057
163.6 731 0
163.6 851 0
163.715 395 0
163.83 47 0.058
163.83 547 0
163.83 17 0
163.946 515 0
164.061 69 0.058
164.061 757 0
164.061 829 0
164.177 355 0
164.292 494 0.058
164.292 668 0
164.292 97 0.058
164.407 590 0
164.523 708 0.057
164.523 803 0.057
164.523 359 0
164.638 631 0
164.638 868 0
164.753 650 0.058
164.753 277 0.058
164.753 248 0
164.869 798 0
164.869 81 0
164.984 103 0.058
164.984 86 0.058
164.984 84 0
165.1 72 0
165.1 675 0
165.215 526 0.058
165.215 900 0.058
165.215 113 0
165.33 269 0
165.33 880 0
165.446 770 0.057
165.446 591 0.057
165.446 874 0
165.561 742 0
165.561 547 0
165.677 679 0.057
165.677 580 0
165.677 80 0.057
165.792 124 0
165.85 466 0
165.907 36 0
165.936 664 0
165.965 33 0
165.994 441 0
166.023 324 0
166.052 284 0
166.08 792 0
166.109 185 0
166.138 860 0
166.138 605 0
166.196 454 0
166.253 75 0
166.253 509 0
166.311 27 0
166.369 870 0
166.369 182 0
166.427 770 0
166.484 90 0
166.484 811 0
166.542 90 0
166.6 375 0
166.6 766 0
166.657 281 0
166.715 244 0
166.715 686 0
166.773 292 0
166.83 359 0
166.83 248 0
166.888 293 0
166.946 19 0
166.946 85 0
167.003 537 0
167.061 2 0
167.061 193 0
167.119 179 0
167.177 553 0
167.177 695 0
167.234 475 0
167.292 814 0
167.292 460 0
167.35 638 0
167.407 221 0
167.407 228 0
167.465 743 0
167.523 373 0
167.523 344 0
167.58 684 0
167.638 737 0
167.638 872 0
167.696 386 0
167.753 436 0
167.753 48 0
167.811 578 0
167.869 785 0
167.898 834 0
167.927 93 0
167.955 84 0
167.984 526 0
167.984 745 0
168.1 880 0
168.215 641 0
168.215 121 0
168.215 585 0
168.215 314 0
168.33 721 0
168.446 499 0
168.446 219 0
168.446 73 0
168.446 796 0
168.561 91 0
168.677 347 0
168.677 608 0
168.677 406 0
168.677 602 0
168.792 569 0
168.792 762 0
168.85 842 0
168.907 68 0
168.907 601 0
168.907 802 0
168.965 127 0
169.023 60 0
169.08 830 0
169.138 30 0
169.253 153 0
169.253 643 0
169.311 374 0
169.369 856 0
169.369 571 0
169.369 773 0
169.427 851 0
169.484 873 0
169.542 773 0
169.6 462 0
169.6 183 0
169.6 71 0
169.657 313 0
169.715 222 0
169.83 432 0
169.83 126 0
169.83 705 0
169.888 397 0
169.946 147 0
170.003 585 0
170.061 432 0
170.061 74 0
170.061 439 0
170.119 76 0
170.177 400 0
170.234 101 0
170.292 625 0
170.292 670 0
170.292 768 0
170.35 410 0
170.407 607 0
170.465 45 0
170.523 86 0
170.523 19 0
170.523 847 0
170.58 634 0
170.638 549 0
170.696 475 0
170.753 159 0
170.753 610 0
170.753 536 0
170.811 252 0
170.869 481 0
170.927 288 0
170.984 148 0
170.984 66 0
170.984 311 0
171.042 607 0
171.1 648 0
171.157 589 0
171.215 314 0
171.215 256 0
171.215 593 0
171.273 783 0
171.33 725 0
171.388 671 0
171.446 592 0
171.446 442 0
171.446 803 0
171.503 739 0
171.561 383 0
171.619 468 0
171.677 605 0
171.677 427 0
171.677 884 0
171.734 608 0
171.792 371 0
171.85 584 0
171.907 297 0
171.907 27 0
171.907 276 0
171.965 682 0
172.023 307 0
172.08 765 0
172.138 625 0
172.138 376 0
172.138 74 0
172.196 32 0
172.253 562 0
172.311 290 0
172.369 841 0
172.369 602 0
172.369 688 0
172.427 766 0
172.484 10 0
172.542 42 0
172.6 611 0
172.6 74 0
172.6 866 0
172.657 761 0
172.715 781 0
172.773 619 0
172.83 665 0
172.83 76 0
172.83 830 0
172.888 535 0
172.946 157 0
173.003 419 0
173.061 456 0
173.061 484 0
173.061 458 0
173.119 889 0
173.177 878 0
173.234 658 0
173.292 614 0
173.292 588 0
173.292 451 0
173.35 228 0
173.407 366 0
173.465 817 0
173.523 776 0
173.523 186 0
173.523 362 0
173.58 701 0
173.638 348 0
173.696 819 0
173.753 7 0
173.753 51 0
173.753 102 0
173.811 313 0
173.869 749 0
173.927 398 0
173.984 138 0
173.984 747 0
173.984 379 0
174.042 625 0
174.1 496 0
174.157 209 0
174.215 440 0
174.215 83 0
174.215 420 0
174.273 659 0
174.33 37 0
174.388 514 0
174.446 426 0
174.446 385 0
174.446 34 0
174.503 485 0
174.561 232 0
174.619 332 0
174.677 90 0
174.677 754 0
174.677 388 0
174.734 381 0
174.792 6 0
174.85 751 0
174.907 234 0
174.907 899 0
174.907 315 0
174.965 382 0
175.023 101 0
175.08 505 0
175.138 441 0
175.138 832 0
175.138 846 0
175.196 319 0
175.253 890 0
175.311 251 0
175.369 262 0
175.369 530 0
175.369 90 0
175.427 881 0
175.484 68 0
175.542 241 0
175.6 631 0
175.6 135 0
175.6 701 0
175.657 261 0
175.715 294 0
175.773 289 0
175.83 804 0
175.83 253 0
175.83 741 0
175.888 292 0
175.946 424 0
176.003 623 0
176.061 636 0
176.061 379 0
176.061 305 0
176.119 417 0
176.177 450 0
176.234 577 0
176.292 774 0
176.292 590 0
176.292 445 0
176.35 202 0
176.407 390 0
176.465 29 0
176.523 745 0
176.523 333 0
176.523 585 0
176.58 849 0
176.638 558 0
176.696 894 0
176.753 828 0
176.753 249 0
176.753 800 0
176.811 137 0
176.869 811 0
176.927 581 0
176.984 171 0
176.984 888 0
176.984 518 0
177.042 390 0
177.1 623 0
177.1 243 0
177.157 677 0
177.215 378 0
177.215 357 0
177.215 194 0
177.273 782 0
177.33 720 0
177.388 73 0
177.446 359 0
177.446 798 0
177.446 109 0
177.503 630 0
177.561 21 0
177.619 191 0
177.677 890 0
177.677 853 0
177.677 492 0
177.734 430 0
177.792 805 0
177.85 522 0
177.907 567 0
177.907 865 0
177.907 847 0
177.965 421 0
178.023 476 0
178.08 128 0
178.138 42 0
178.138 156 0
178.138 149 0
178.196 677 0
178.253 608 0
178.311 744 0
178.369 293 0
178.369 895 0
178.369 456 0
178.427 767 0
178.484 162 0
178.542 246 0
178.6 83 0
178.6 42 0
178.6 508 0
178.657 776 0
178.715 542 0
178.773 17 0
178.83 818 0
178.83 41 0
178.83 471 0
178.888 145 0
178.946 622 0
179.003 310 0
179.061 803 0
179.061 491 0
179.061 449 0
179.119 728 0
179.177 220 0
179.234 313 0
179.292 606 0
179.292 738 0
179.292 379 0
179.35 575 0
179.407 21 0
179.465 307 0
179.523 536 0
179.523 74 0
179.523 368 0
179.58 393 0
179.638 786 0
179.696 844 0
179.753 97 0
179.753 188 0
179.753 263 0
179.811 468 0
179.869 629 0
179.927 512 0
179.984 320 0
179.984 417 0
179.984 569 0
180.042 521 0
180.1 314 0
180.157 342 0
180.215 639 0
180.215 769 0
180.215 772 0
180.273 326 0
180.33 250 0
180.388 110 0
180.446 28 0
180.446 218 0
180.446 62 0
180.503 525 0
180.561 585 0
180.619 69 0
180.677 315 0
180.677 739 0
180.677 78 0
180.734 763 0
180.792 260 0
180.85 67 0
180.907 495 0
180.907 425 0
180.907 464 0
180.965 284 0
181.023 298 0
181.08 300 0
181.138 208 0
181.138 663 0
181.138 121 0
181.196 440 0
181.253 52 0
181.311 113 0
181.369 323 0
181.369 470 0
181.369 498 0
181.427 24 0
181.484 811 0
181.542 855 0
181.6 319 0
181.6 160 0
181.6 191 0
181.657 331 0
181.715 83 0
181.773 439 0
181.83 871 0
181.83 592 0
181.83 840 0
181.888 263 0
181.946 4 0
182.003 147 0
182.061 646 0
182.061 153 0
182.061 197 0
182.119 323 0
182.177 675 0
182.234 86 0
182.292 12 0
182.292 76 0
182.292 277 0
182.35 328 0
182.407 429 0
182.465 392 0
182.523 655 0
182.523 488 0
182.523 28 0
182.58 271 0
182.638 640 0
182.696 531 0
182.753 532 0
182.753 461 0
182.753 734 0
182.811 91 0
182.869 3 0
182.927 15 0
182.984 407 0
182.984 501 0
182.984 871 0
183.042 866 0
183.1 880 0
183.157 352 0
183.215 290 0
183.215 582 0
183.215 232 0
183.273 104 0
183.33 628 0
183.388 714 0
183.446 468 0
183.446 140 0
183.446 58 0
183.503 566 0
183.561 444 0
183.619 854 0
183.677 824 0
183.677 281 0
183.734 152 0
183.734 330 0
183.792 740 0
183.792 389 0
183.85 18 0
183.907 866 0
183.907 643 0
183.907 514 0
183.965 386 0
184.023 332 0
184.023 400 0
184.08 430 0
184.138 879 0
184.138 421 0
184.196 814 0
184.196 753 0
184.253 654 0
184.253 729 0
184.311 337 0
184.369 126 0
184.369 217 0
184.369 876 0
184.427 82 0
184.484 131 0
184.484 254 0
184.542 61 0
184.6 722 0
184.6 689 0
184.657 540 0
184.715 421 0
184.773 87 0
184.83 626 0
184.83 516 0
184.83 82 0
184.888 234 0
184.946 328 0
185.003 311 0
185.061 299 0
185.061 471 0
185.061 640 0
185.119 319 0
185.177 250 0
185.234 855 0
185.292 308 0
185.292 572 0
185.292 578 0
185.35 873 0
185.407 25 0
185.465 850 0
185.523 89 0
185.523 739 0
185.523 541 0
185.58 156 0
185.638 185 0
185.696 512 0
185.753 503 0
185.753 714 0
185.753 532 0
185.811 870 0
185.869 660 0
185.927 466 0
185.984 322 0
185.984 628 0
185.984 54 0
186.042 521 0
186.1 414 0
186.157 91 0
186.215 761 0
186.215 256 0
186.215 897 0
186.273 150 0
186.33 366 0
186.388 198 0
186.446 201 0
186.446 703 0
186.446 648 0
186.503 428 0
186.561 161 0
186.619 436 0
186.677 113 0
186.677 766 0
186.677 792 0
186.734 889 0
186.792 896 0
186.85 819 0
186.907 512 0
186.907 672 0
186.907 766 0
186.965 295 0
187.023 498 0
187.08 180 0
187.138 671 0
187.138 628 0
187.138 158 0
187.196 266 0
187.253 501 0
187.311 342 0
187.369 60 0.058
187.369 6 0.115
187.427 647 0.115
187.484 556 0.116
187.542 578 0.058
187.6 252 0
187.6 750 0
187.715 443 0
187.715 780 0
187.83 664 0
187.83 169 0
187.83 736 0
187.888 772 0
187.946 452 0
187.946 671 0
188.003 212 0
188.061 352 0
188.061 354 0
188.061 338 0
188.119 851 0
188.177 570 0
188.234 385 0
188.292 432 0
188.292 14 0
188.292 458 0
188.35 819 0
188.407 592 0
188.465 34 0
188.523 356 0
188.523 289 0
188.523 398 0
188.58 260 0
188.638 45 0
188.696 203 0
188.753 827 0
188.753 749 0
188.753 704 0
188.811 887 0
188.869 801 0
188.927 61 0
188.984 713 0
188.984 844 0
188.984 177 0
189.042 44 0
189.1 158 0
189.157 185 0
189.215 821 0
189.215 94 0
189.215 756 0
189.273 37 0
189.33 382 0
189.388 146 0
189.446 864 0
189.446 627 0
189.446 166 0
189.503 849 0
189.561 327 0
189.619 660 0
189.677 299 0
189.677 86 0
189.677 293 0
189.734 882 0
189.792 347 0
189.85 253 0
189.907 138 0
189.907 685 0
189.907 245 0
189.965 369 0
190.023 629 0
190.08 551 0
190.138 787 0
190.138 95 0
190.138 891 0
190.196 155 0
190.253 551 0
190.311 768 0
190.369 632 0
190.369 844 0
190.369 562 0
190.427 300 0
190.484 146 0
190.542 500 0
190.6 521 0
190.6 166 0
190.6 411 0
190.657 743 0
190.715 2 0
190.773 767 0
190.83 29 0
190.83 135 0
190.83 878 0
190.888 611 0
190.946 884 0
191.003 156 0
191.061 163 0.058
191.061 865 0.116
191.119 423 0.115
191.177 253 0.057
191.234 397 0.058
191.292 84 0
191.292 668 0
191.292 862 0
191.407 53 0
191.407 264 0
191.523 321 0
191.552 634 0
191.58 63 0
191.638 472 0
191.667 286 0
191.696 743 0
191.753 679 0
191.753 149 0
191.869 271 0
191.898 144 0
191.927 103 0
191.984 631 0
191.984 142 0
191.984 177 0
192.042 820 0
192.1 188 0
192.157 206 0
192.215 450 0
192.215 399 0
192.215 698 0
192.273 402 0
192.33 565 0
192.388 826 0
192.446 353 0
192.446 563 0
192.446 113 0
192.503 191 0
192.561 113 0
192.619 100 0
192.677 367 0
192.677 737 0
192.677 582 0
192.734 759 0
192.792 538 0
192.85 853 0
192.907 640 0
192.907 893 0
192.907 5 0
192.965 311 0
193.023 212 0
193.08 394 0
193.138 627 0
193.138 276 0
193.138 637 0
193.196 358 0
193.253 745 0
193.311 894 0
193.369 87 0
193.369 666 0
193.369 427 0
193.427 413 0
193.484 404 0
193.542 679 0
193.6 621 0
193.6 681 0
193.6 24 0
193.657 384 0
193.715 17 0
193.773 821 0
193.83 563 0
193.83 271 0
193.83 255 0
193.888 775 0
193.946 302 0
194.003 894 0
194.061 274 0
194.061 727 0
194.061 94 0
194.119 801 0
194.177 835 0
194.234 814 0
194.292 529 0
194.292 308 0
194.292 525 0
194.35 737 0
194.407 189 0
194.465 809 0
194.523 101 0
194.523 313 0
194.523 657 0
194.58 470 0
194.638 850 0
194.696 683 0
194.753 5 0.116
194.753 195 0.058
194.811 255 0.058
194.869 261 0.115
194.927 746 0.057
194.984 352 0
194.984 129 0
195.042 269 0
195.1 805 0.115
195.1 857 0
195.215 493 0
195.273 669 0
195.33 861 0
195.33 372 0
195.388 453 0
195.446 802 0
195.446 412 0
195.446 745 0
195.503 601 0
195.561 826 0
195.561 453 0
195.619 881 0
195.677 265 0
195.677 223 0
195.677 519 0
195.734 327 0
195.792 141 0
195.85 351 0
195.907 402 0
195.907 501 0
195.907 418 0
195.965 831 0
196.023 780 0
196.08 465 0
196.138 535 0
196.138 15 0
196.138 492 0
196.196 107 0
196.253 185 0
196.311 344 0
196.369 772 0
196.369 778 0
196.369 130 0
196.427 478 0
196.484 824 0
196.542 852 0
196.6 787 0
196.6 651 0
196.6 569 0
196.657 686 0
196.715 587 0
196.773 31 0
196.83 34 0
196.83 526 0
196.83 821 0
196.888 412 0
196.946 321 0
197.003 25 0
197.061 727 0
197.061 57 0
197.061 56 0
197.119 598 0
197.177 376 0
197.234 813 0
197.292 843 0
197.292 409 0
197.292 860 0
197.35 868 0
197.407 264 0
197.407 517 0
197.465 294 0
197.523 144 0
197.523 741 0
197.523 827 0
197.58 273 0
197.638 109 0
197.696 688 0
197.753 274 0
197.753 174 0
197.753 713 0
197.811 711 0
197.869 745 0
197.927 465 0
197.984 451 0
197.984 540 0
197.984 33 0
198.042 120 0
198.1 555 0
198.157 30 0
198.215 333 0
198.215 873 0
198.215 877 0
198.273 212 0
198.33 54 0
198.388 412 0
198.446 877 0
198.446 116 0
198.446 124 0
198.503 578 0
198.561 776 0
198.619 48 0
198.677 615 0
198.677 623 0
198.677 585 0
198.734 829 0
198.792 44 0
198.85 466 0
198.907 376 0
198.907 744 0
198.907 195 0
198.965 781 0
199.023 152 0
199.08 337 0
199.138 678 0
199.138 758 0
199.138 1 0
199.196 669 0
199.253 378 0
199.311 120 0
199.369 279 0
199.369 511 0
199.369 678 0
199.484 530 0
199.484 79 0
199.6 159 0
199.6 645 0
199.6 422 0
199.6 150 0
199.715 314 0
199.715 361 0
199.83 668 0
199.83 870 0
199.83 783 0
199.946 58 0
199.946 792 0
200.061 536 0
200.061 465 0
200.061 94 0
200.061 238 0
200.177 330 0
200.177 863 0
200.292 368 0
200.292 614 0
200.292 164 0
200.407 408 0
200.407 733 0
200.523 198 0
200.523 419 0
200.523 90 0
200.523 278 0
200.638 30 0
200.638 561 0
200.753 699 0
200.753 15 0
200.753 580 0
200.869 51 0
200.869 101 0
200.984 863 0
200.984 681 0
200.984 78 0
200.984 727 0
201.1 137 0
201.1 742 0
201.215 863 0
201.215 285 0
201.215 502 0
201.33 320 0
201.33 695 0
201.446 331 0
201.446 558 0
201.446 886 0
201.561 324 0
201.6 732 0
201.638 289 0
201.677 412 0
201.677 218 0
201.734 88 0
201.792 524 0
201.907 791 0
201.907 408 0
201.907 56 0
201.907 681 0
202.023 589 0
202.023 160 0
202.138 207 0
202.138 341 0
202.138 592 0
202.253 720 0
202.253 809 0
202.369 112 0
202.369 180 0
202.369 117 0
202.484 320 0
202.523 875 0
202.561 309 0
202.6 711 0
202.6 838 0
202.657 859 0
202.715 886 0
202.83 795 0
202.83 424 0
202.83 614 0
202.83 364 0
202.946 836 0
202.946 176 0
203.061 93 0
203.061 737 0
203.061 627 0
203.177 836 0
203.177 288 0
203.292 346 0
203.292 242 0
203.292 136 0
203.407 391 0
203.446 96 0
203.484 611 0
203.523 831 0
203.523 266 0
203.58 334 0
203.638 634 0
203.696 623 0
203.753 665 0
203.753 146 0
203.753 228 0
203.869 7 0
203.869 356 0
203.984 483 0
203.984 259 0
203.984 635 0
204.1 773 0
204.1 622 0
204.215 466 0
204.215 659 0
204.215 603 0
204.33 561 0
204.369 728 0
204.407 493 0
204.446 252 0
204.446 648 0
204.503 463 0
204.561 286 0
204.619 374 0
204.677 639 0
204.677 470 0
204.677 653 0
204.792 272 0
204.792 531 0
204.907 585 0
204.907 652 0
204.907 654 0
205.023 829 0
205.023 296 0
205.138 436 0
205.138 595 0
205.138 68 0
205.253 652 0
205.292 496 0
205.33 656 0
205.369 482 0
205.369 189 0
205.427 413 0
205.484 455 0
205.542 540 0
205.6 195 0
205.6 566 0
205.6 363 0
205.715 630 0
205.715 435 0
205.83 521 0
205.83 374 0
205.83 857 0
205.946 857 0
206.061 95 0
206.061 813 0
206.061 793 0
206.061 356 0
206.177 818 0
206.177 188 0
206.234 538 0
206.234 399 0
206.292 384 0
206.292 399 0
206.407 47 0
206.407 555 0
206.523 624 0
206.523 163 0
206.523 874 0
206.523 334 0
206.638 559 0
206.638 831 0
206.753 368 0
206.753 659 0
206.753 585 0
206.811 811 0
206.869 454 0
206.869 141 0
206.984 21 0
206.984 710 0
206.984 159 0
206.984 83 0
207.1 748 0
207.1 100 0
207.215 582 0
207.215 184 0
207.215 217 0
207.33 629 0
207.33 30 0
207.446 395 0
207.446 144 0
207.446 570 0
207.446 899 0
207.561 287 0
207.561 283 0
207.677 209 0
207.677 875 0
207.677 373 0
207.792 632 0
207.792 584 0
207.907 439 0
207.907 721 0
207.907 544 0
207.907 435 0
208.023 510 0
208.023 276 0
208.138 442 0
208.138 128 0
208.138 294 0
208.253 770 0
208.253 201 0
208.369 457 0
208.369 565 0
208.369 679 0
208.369 770 0
208.484 753 0
208.484 416 0
208.6 744 0
208.6 541 0
208.6 528 0
208.715 719 0
208.715 802 0
208.83 677 0
208.83 564 0
208.83 285 0
208.946 345 0
208.984 174 0
209.023 725 0
209.061 723 0
209.061 520 0
209.119 412 0
209.177 602 0
209.292 445 0
209.292 241 0
209.292 772 0
209.292 468 0
209.407 252 0
209.407 768 0
209.523 423 0
209.523 882 0
209.523 316 0
209.638 187 0
209.638 181 0
209.753 349 0
209.753 292 0
209.753 793 0
209.869 414 0
209.907 722 0
209.946 32 0
209.984 256 0
209.984 426 0
210.042 705 0
210.1 788 0
210.215 39 0
210.215 394 0
210.215 900 0
210.215 368 0
210.33 125 0
210.33 384 0
210.446 373 0
210.446 835 0
210.446 247 0
210.561 633 0
210.561 154 0
210.677 123 0
210.677 580 0
210.677 412 0
210.792 510 0
210.83 803 0
210.869 280 0
210.907 464 0
210.907 709 0
210.965 261 0
211.023 175 0
211.08 705 0
211.138 667 0
211.138 832 0
211.138 652 0
211.253 884 0
211.253 821 0
211.253 136 0
211.369 24 0
211.369 53 0
211.369 896 0
211.484 484 0
211.484 531 0
211.6 854 0
211.6 164 0
211.6 373 0
211.715 207 0
211.753 588 0
211.792 672 0
211.83 391 0
211.83 472 0
211.888 274 0
211.946 351 0
211.946 858 0
212.003 585 0
212.003 808 0
212.061 491 0
212.061 830 0
212.177 384 0
212.177 429 0
212.292 463 0
212.321 490 0
212.35 361 0
212.378 69 0
212.407 512 0
212.465 274 0
212.523 422 0
212.523 650 0
212.58 689 0
212.609 680 0
212.638 658 0
212.696 561 0
212.753 186 0
212.782 229 0
212.811 119 0
212.84 42 0
212.869 370 0
212.927 788 0
212.984 600 0
212.984 53 0
213.042 77 0
213.071 554 0
213.1 734 0
213.157 476 0
213.215 777 0
213.215 229 0
213.273 31 0
213.33 809 0
213.388 633 0
213.446 542 0
213.503 848 0
213.561 876 0
213.619 765 0
213.677 400 0
213.677 546 0
213.734 562 0
213.792 472 0
213.85 363 0
213.907 899 0
213.907 345 0
213.965 349 0
214.023 381 0
214.08 599 0
214.138 718 0
214.138 596 0
214.253 695 0
214.311 405 0
214.369 108 0
214.369 881 0
214.427 285 0
214.484 290 0
214.542 155 0
214.6 817 0
214.657 432 0
214.715 44 0
214.773 134 0
214.83 614 0
214.888 590 0
214.946 867 0
215.003 595 0
215.061 603 0
215.061 499 0
215.177 867 0
215.234 540 0
215.292 844 0
215.292 644 0
215.35 897 0
215.407 336 0
215.465 628 0
215.523 238 0
215.58 702 0
215.638 675 0
215.696 174 0
215.753 61 0
215.811 648 0
215.869 94 0
215.927 783 0
215.984 515 0
215.984 635 0
216.1 336 0
216.157 296 0
216.215 346 0
216.215 263 0
216.273 180 0
216.33 551 0
216.388 416 0
216.446 895 0
216.503 263 0
216.561 44 0
216.619 568 0
216.677 139 0
216.734 20 0
216.792 132 0
216.85 596 0
216.907 648 0
216.907 601 0
217.023 47 0
217.08 245 0
217.138 153 0
217.138 336 0
217.196 712 0
217.253 7 0
217.311 501 0
217.369 769 0
217.427 569 0
217.484 309 0
217.542 811 0
217.6 390 0
217.657 595 0
217.715 127 0
217.773 518 0
217.83 2 0
217.83 5 0
217.83 847 0
217.946 682 0
218.003 823 0
218.061 398 0
218.119 239 0
218.177 307 0
218.292 122 0
218.292 837 0
218.292 229 0
218.407 668 0
218.465 309 0
218.523 105 0
218.58 252 0
218.638 71 0
218.753 138 0
218.753 134 0
218.753 467 0
218.869 287 0
218.927 440 0
218.984 221 0
219.042 349 0
219.1 148 0
219.215 142 0
219.215 504 0
219.215 666 0
219.33 749 0
219.388 184 0
219.446 657 0
219.503 635 0
219.561 139 0
219.677 155 0
219.677 629 0
219.677 504 0
219.907 296 0.116
220.023 339 0
220.023 349 0
220.023 317 0
220.253 383 0.116
220.369 193 0
220.369 237 0
220.369 385 0
220.6 445 0.115
220.715 8 0
220.715 420 0
220.773 842 0
220.83 36 0
220.869 768 0
220.907 623 0
220.946 32 0
221.003 353 0
221.061 394 0
221.061 136 0
221.119 837 0
221.177 605 0
221.234 103 0
221.292 63 0
221.292 675 0
221.292 589 0
221.523 240 0
221.523 56 0
221.638 714 0.404
221.753 624 0.52
221.869 194 0.058
221.869 18 0.634
221.984 71 0.462
222.1 117 0.057
222.215 823 0.462
222.33 51 0.058
222.446 275 0.461
222.561 887 0.058
222.677 247 0
222.677 214 0.461
222.792 732 0
222.907 200 0
223.023 900 0
223.138 677 0
223.138 813 0
223.196 733 0
223.253 487 0
223.311 675 0
223.369 568 0
223.369 877 0
223.369 4 0
225.215 206 0.058
225.446 163 0.057
225.561 895 0.058
225.792 6 0.058
225.907 822 0.058
226.023 552 0.115
226.253 202 0.058
226.311 751 0.058
226.369 499 0.058
226.484 404 0.116
226.6 658 0.057
226.715 101 0
226.773 372 0
226.83 856 0.116
227.061 417 0.077
227.292 738 0.077
227.407 789 0.077
227.638 501 0.077
227.753 481 0.077
227.869 230 0.077
228.1 757 0.057
228.157 521 0.058
228.215 826 0.058
228.33 810 0.116
228.446 452 0.115
228.561 132 0
228.619 242 0
228.677 689 0.115
228.907 889 0.116
229.138 591 0.115
229.253 399 0.116
229.484 708 0.116
229.6 346 0.115
229.715 772 0.115
229.83 68 0
229.83 20 0
229.946 791 0
230.003 720 0
230.177 426 0
230.234 25 0
230.292 183 0
230.35 743 0
230.407 434 0
230.465 753 0
230.523 65 0
230.58 171 0
230.638 43 0
230.638 775 0
230.753 77 0
230.753 682 0
230.753 833 0
230.869 186 0.115
230.984 119 0.116
230.984 794 0
231.1 845 0
231.215 766 0
231.33 760 0
231.446 462 0
231.561 652 0
231.677 588 0
231.792 860 0
231.907 306 0
232.023 739 0
232.138 235 0
232.253 674 0
232.369 442 0
232.369 310 0
232.369 148 0
232.484 522 0
232.6 43 0
232.6 213 0
232.6 89 0
232.715 95 0.115
232.83 186 0.058
232.83 452 0
232.946 281 0.057
232.946 353 0
233.061 315 0
233.177 875 0.057
233.177 355 0
233.292 690 0.058
233.292 879 0
233.407 741 0.058
233.407 865 0
233.523 103 0.057
233.523 538 0
233.638 25 0
233.753 261 0.058
233.753 540 0
233.869 860 0.058
233.869 697 0
233.984 782 0
234.1 623 0.057
234.1 243 0
234.215 264 0.058
234.215 714 0
234.215 701 0
234.33 37 0.058
234.446 614 0
234.446 377 0
234.446 105 0
234.561 615 0
234.561 461 0
234.677 146 0
234.677 584 0
234.677 195 0
234.792 723 0
234.792 718 0
234.907 539 0
234.907 146 0
234.907 528 0
235.023 491 0
235.023 236 0
235.138 427 0
235.138 162 0
235.138 575 0
235.253 855 0
235.253 70 0
235.369 154 0
235.369 192 0
235.369 548 0
235.484 611 0
235.484 453 0
235.6 453 0
235.6 787 0
235.6 452 0
235.715 316 0
235.715 41 0
235.83 710 0
235.83 767 0
235.83 481 0
235.946 11 0
235.946 702 0
236.061 121 0
236.061 702 0
236.061 743 0
236.177 886 0
236.177 623 0
236.292 675 0
236.292 214 0
236.35 430 0
236.407 85 0
236.407 786 0
236.465 834 0
236.523 246 0
236.523 368 0
236.58 834 0
236.638 89 0
236.638 148 0
236.696 198 0
236.753 248 0
236.753 453 0
236.811 490 0
236.84 721 0
236.869 825 0
236.898 315 0
236.927 581 0
236.955 116 0
236.984 151 0
237.013 246 0
237.042 719 0
237.071 428 0
237.1 668 0
237.128 630 0
237.157 402 0
237.186 544 0
237.215 824 0
237.215 485 0
237.907 589 0
237.907 611 0
237.965 280 0
238.023 222 0
238.08 265 0
238.138 737 0
238.138 243 0
238.138 866 0
238.196 394 0
238.253 391 0
238.253 25 0
238.311 862 0
238.369 283 0
238.369 588 0
238.369 690 0
238.484 667 0
238.484 559 0
238.484 185 0
238.6 480 0
238.6 144 0
238.715 758 0
238.715 856 0
238.715 601 0
238.773 266 0
238.83 332 0
238.83 78 0
238.888 862 0
238.946 807 0
238.946 353 0
239.003 613 0
239.061 753 0
239.061 263 0
239.177 126 0
239.177 785 0
239.234 693 0
239.292 351 0
239.292 538 0
239.292 492 0
239.407 665 0
239.407 441 0
239.465 426 0
239.523 875 0
239.523 509 0
239.523 332 0
239.638 344 0
239.638 501 0
239.753 354 0
239.753 250 0
239.753 606 0
239.811 892 0
239.869 733 0
239.898 68 0
239.927 358 0
239.955 465 0
239.984 70 0
239.984 557 0
240.042 369 0
240.042 11 0
240.1 754 0
240.1 268 0
240.157 469 0
240.215 720 0
240.215 791 0
240.215 742 0
240.33 366 0
240.33 825 0
240.33 130 0
240.446 416 0
240.446 166 0
240.561 93 0
240.561 322 0
240.561 272 0
240.619 389 0
240.677 432 0
240.677 652 0
240.734 403 0
240.792 528 0
240.792 475 0
240.85 871 0
240.907 52 0
240.907 599 0
241.023 249 0
241.023 660 0
241.08 107 0
241.138 774 0
241.138 286 0
241.253 431 0
241.253 180 0
241.253 805 0
241.369 714 0
241.398 244 0
241.427 35 0
241.455 495 0
241.484 99 0
241.513 489 0
241.542 318 0
241.571 552 0
241.6 301 0
241.628 279 0
241.657 806 0
241.686 249 0
241.715 43 0
241.715 428 0
241.773 454 0
241.773 380 0
241.83 89 0
241.83 141 0
241.888 772 0
241.888 80 0
241.946 100 0
241.946 861 0
242.003 747 0
242.061 529 0
242.061 15 0
242.061 826 0
242.177 49 0
242.177 37 0
242.177 14 0
242.292 177 0
242.292 763 0
242.407 847 0
242.407 103 0
242.407 543 0
242.465 425 0
242.523 877 0
242.523 694 0
242.58 654 0
242.638 627 0
242.638 35 0
242.696 735 0
242.753 401 0
242.753 522 0
242.869 123 0
242.869 33 0
242.927 787 0
242.984 378 0
242.984 763 0
242.984 592 0
243.1 119 0
243.1 8 0
243.215 788 0
243.215 552 0
243.215 250 0
243.33 36 0
243.33 338 0
243.446 261 0
243.446 743 0
243.446 323 0
243.503 561 0
243.561 351 0
243.619 774 0
243.677 328 0
243.677 337 0
243.677 98 0
243.734 140 0
243.792 761 0
243.792 605 0
243.85 572 0
243.907 388 0
243.907 407 0
243.907 336 0
244.023 446 0
244.023 369 0
244.023 847 0
244.138 658 0
244.138 622 0
244.196 463 0
244.196 239 0
244.253 261 0
244.253 707 0
244.311 697 0
244.311 526 0
244.369 749 0
244.369 585 0
244.484 146 0
244.484 871 0
244.484 72 0
244.6 867 0
244.628 733 0
244.657 394 0
244.686 350 0
244.715 23 0
244.744 583 0
244.773 559 0
244.802 43 0
244.83 25 0
244.859 644 0
244.888 806 0
244.917 823 0
244.946 585 0
244.975 6 0
245.003 587 0
245.032 844 0
245.061 273 0.346
245.119 832 0.288
245.523 331 0
245.523 66 0
245.552 487 0
245.58 441 0
245.638 525 0
245.638 201 0
245.696 93 0
245.753 341 0
245.753 73 0
245.753 132 0
245.811 205 0
245.869 786 0
245.869 36 0
245.927 836 0
245.984 279 0
245.984 301 0
246.1 363 0
246.1 881 0
246.1 393 0
246.157 309 0
246.215 74 0
246.215 790 0
246.273 273 0
246.33 272 0
246.33 471 0
246.388 198 0
246.446 803 0
246.446 508 0
246.446 779 0
246.561 248 0
246.561 226 0
246.561 794 0
246.677 322 0
246.677 608 0
246.677 418 0
246.792 826 0
246.792 190 0
246.85 165 0
246.907 727 0
246.907 713 0
246.907 13 0
246.965 295 0
247.023 183 0
247.023 860 0
247.08 116 0
247.138 182 0
247.167 725 0
247.196 479 0
247.225 401 0
247.253 474 0
247.253 465 0
247.311 193 0
247.311 675 0
247.369 836 0
247.398 15 0
247.427 819 0
247.455 217 0
247.484 332 0
247.484 306 0
247.542 573 0
247.6 223 0
247.6 491 0
247.6 267 0
247.657 107 0
247.715 424 0
247.715 636 0
247.773 36 0
247.83 112 0
247.83 293 0
247.946 827 0
247.946 723 0
247.946 425 0
248.003 121 0
248.061 646 0
248.061 354 0
248.119 274 0
248.177 3 0
248.177 3 0
248.234 832 0
248.292 133 0
248.292 890 0
248.292 279 0
248.407 441 0
248.407 495 0
248.407 489 0
248.523 813 0
248.523 199 0
248.523 455 0
248.638 804 0
248.638 100 0
248.696 621 0
248.753 236 0
248.753 625 0
248.753 611 0
248.811 373 0
248.869 851 0
248.869 409 0
248.927 838 0
248.984 303 0
249.013 210 0
249.042 38 0
249.071 581 0
249.1 45 0
249.128 758 0
249.157 602 0
249.186 762 0
249.215 695 0
249.215 15 0
249.273 880 0
249.33 174 0
249.33 808 0
249.388 172 0
249.446 146 0
249.446 78 0
249.446 451 0
249.561 22 0
249.561 533 0
249.619 900 0
249.677 283 0
249.677 47 0
249.677 161 0
249.792 213 0
249.792 395 0
249.792 686 0
249.907 863 0
249.907 550 0
249.965 140 0
249.994 160 0
250.023 301 0
250.052 59 0
250.08 130 0
250.109 228 0
250.138 77 0
250.138 49 0
250.196 257 0
250.196 406 0
250.253 20 0
250.253 871 0
250.311 799 0
250.369 126 0
250.369 829 0
250.369 531 0
250.484 670 0
250.484 158 0
250.542 242 0
250.6 371 0
250.6 510 0
250.6 176 0
250.715 14 0
250.715 600 0
250.715 494 0
250.802 107 0
250.83 554 0
250.83 186 0
250.888 518 0
250.946 181 0
250.946 451 0
251.003 126 0
251.061 441 0
251.09 887 0
251.119 235 0
251.148 820 0
251.177 544 0
251.205 485 0
251.234 838 0
251.263 837 0
251.292 816 0
251.321 215 0
251.35 775 0
251.378 774 0
251.407 676 0
251.436 340 0
251.465 681 0
251.494 669 0
251.523 566 0
251.552 802 0
251.58 694 0
251.609 2 0
251.638 875 0
251.667 19 0
251.696 28 0
251.725 430 0
251.753 59 0
251.782 563 0
251.811 136 0
251.84 283 0
251.869 352 0
251.898 863 0
251.927 59 0
251.955 543 0
251.984 765 0.058
251.984 687 0.116
252.1 526 0
252.128 560 0
252.157 444 0
252.186 191 0
252.215 144 0
252.215 354 0
252.33 188 0
252.33 540 0
252.388 687 0
252.388 565 0
252.446 145 0
252.446 842 0
252.561 25 0
252.59 498 0
252.619 621 0
252.648 406 0
252.677 653 0
252.677 607 0
252.734 430 0
252.734 437 0
252.792 365 0
252.792 788 0
252.85 660 0
252.907 665 0.058
252.907 668 0
252.907 641 0
253.138 733 0.058
253.369 645 0
253.369 736 0.058
253.6 347 0.057
253.715 834 0
253.715 758 0
253.83 115 0.058
254.061 406 0
254.061 283 0.058
254.292 188 0
254.292 402 0.058
254.523 587 0.057
254.753 27 0
254.753 21 0.058
254.984 513 0.058
255.215 613 0
255.215 812 0.058
255.446 367 0.057
255.677 492 0
255.677 776 0.057
255.907 468 0
255.907 336 0.058
256.138 635 0
256.138 185 0.058
256.253 56 0
256.253 776 0
256.369 646 0
256.369 784 0.058
256.484 621 0
256.484 638 0.058
256.6 85 0
256.6 419 0.057
256.83 228 0.058
257.061 106 0
257.061 590 0.058
257.292 590 0.058
257.407 87 0
257.407 631 0
257.523 734 0.057
257.753 221 0
257.753 227 0.058
257.984 455 0
257.984 898 0.058
258.215 286 0.058
258.446 653 0
258.446 830 0.057
258.677 587 0.057
258.907 46 0
258.907 767 0.058
259.138 313 0.058
259.369 204 0
259.369 613 0.058
259.6 668 0
259.6 397 0.057
259.83 760 0
259.83 898 0.058
259.946 736 0
259.946 769 0
260.061 256 0
260.061 376 0.058
260.177 276 0
260.177 196 0
260.292 204 0
260.292 126 0.058
260.523 692 0.057
260.753 322 0
260.753 557 0.058
260.984 704 0.058
261.1 751 0
261.1 412 0
261.215 687 0.058
261.446 686 0
261.446 555 0.057
261.677 612 0
261.677 289 0.057
261.907 49 0.058
262.138 368 0
262.138 645 0.058
262.369 203 0.058
262.6 122 0
262.6 142 0.057
262.83 26 0.058
263.061 475 0
263.061 50 0.058
263.292 871 0
263.292 762 0.058
263.523 413 0
263.523 693 0.057
263.638 627 0
263.638 722 0
263.753 77 0
263.753 170 0.058
263.869 86 0
263.869 147 0.058
263.984 438 0
263.984 51 0.058
264.215 431 0.058
264.446 533 0
264.446 812 0.057
264.677 676 0.057
264.792 214 0
264.792 886 0
264.907 602 0.058
265.138 403 0
265.138 779 0.058
265.369 304 0
265.369 893 0.058
265.6 398 0.057
265.83 328 0
265.83 177 0.058
266.061 837 0.058
266.292 508 0
266.292 294 0.058
266.523 778 0.057
266.753 785 0
266.753 593 0.058
266.984 279 0
266.984 236 0.058
267.215 868 0.231
267.215 401 0
267.33 79 0.231
267.33 178 0
267.446 484 0
267.446 344 0.231
267.561 313 0
267.561 358 0.116
267.677 662 0
267.677 667 0
