1.375 209 0.333
1.375 302 0
1.708 634 0.333
1.874 164 0.334
2.041 214 0.333
2.374 581 0.334
2.708 83 0.666
3.374 82 0.334
3.708 650 0.333
3.874 749 0.334
4.041 546 0.333
4.374 613 0.334
4.541 64 0.333
4.874 245 0.334
5.208 543 0.5
5.708 573 0.333
6.041 546 0.333
6.208 72 0.333
6.374 421 0.334
6.541 278 0.333
6.708 406 0.333
7.041 627 0.333
7.208 584 0.333
7.374 245 0.334
7.708 49 0.333
8.041 892 0.5
8.541 590 0.333
8.708 783 0.5
9.208 209 0.333
9.374 515 0.334
9.541 675 0.333
9.708 687 0.333
9.874 70 0.334
10.041 467 0.333
10.374 241 0.334
10.374 507 0
10.708 560 0.5
10.708 467 0
11.208 46 0.333
11.374 685 0.5
11.874 373 0.334
12.041 9 0.333
12.041 750 0
12.041 359 0
12.374 590 0.334
12.374 35 0
12.541 307 0.333
12.708 768 0.333
12.708 197 0
13.041 865 0.333
13.374 252 0.667
13.374 612 0
13.708 235 0
13.708 46 0
14.041 474 0.333
14.041 214 0
14.374 779 0.334
14.541 314 0.333
14.708 823 0.333
14.708 635 0
15.041 697 0.333
15.041 812 0
15.208 579 0.333
15.374 322 0
15.374 25 0
15.541 157 0.333
15.874 24 0.5
16.041 199 0
16.041 129 0
16.374 805 0.334
16.541 515 0
16.541 438 0
16.708 163 0.333
16.708 744 0
16.874 245 0.334
17.041 30 0.333
17.208 825 0.333
17.374 248 0.334
17.374 626 0
17.708 329 0.333
17.708 238 0
17.874 475 0.334
18.041 807 0.333
18.041 19 0
18.374 844 0.334
18.708 578 0.333
18.708 705 0
19.041 641 0.333
19.041 625 0
19.374 577 0.5
19.374 65 0
19.874 448 0.334
20.041 691 0.333
20.041 20 0
20.208 319 0.333
20.374 544 0
20.374 197 0.334
20.541 888 0.333
20.708 315 0.333
20.708 165 0
20.874 263 0.334
21.041 880 0.333
21.208 23 0.166
21.374 279 0
21.374 580 0
21.541 455 0
21.624 575 0
21.708 247 0
21.708 478 0
21.874 363 0
21.958 337 0
22.041 76 0
22.041 46 0
22.041 322 0
22.208 568 0
22.291 512 0
22.374 559 0
22.374 599 0
22.374 769 0
22.541 731 0
22.624 426 0
22.708 115 0
22.708 319 0
22.763 704 0
22.819 815 0
22.874 230 0
23.041 85 0
23.041 614 0
23.208 543 0.166
23.249 699 0.125
23.374 468 0
23.374 456 0
23.541 761 0
23.708 14 0
23.708 525 0
23.745 675 0
23.782 299 0
23.819 877 0
24.041 59 0
24.041 801 0
24.097 205 0
24.152 611 0
24.208 123 0
24.374 491 0
24.374 223 0
24.541 469 0.167
24.569 774 0.139
24.708 685 0
24.708 421 0
24.874 451 0
25.041 898 0
25.041 562 0
25.078 239 0
25.115 781 0
25.152 250 0
25.189 813 0
25.226 262 0
25.263 459 0
25.3 104 0
25.337 744 0
25.374 754 0
25.374 451 0
25.43 656 0
25.486 535 0
25.541 704 0
25.708 265 0
25.708 845 0
25.874 713 0.167
25.902 624 0.139
26.041 827 0
26.041 555 0
26.208 244 0
26.374 859 0.112
26.374 493 0
26.402 75 0.084
26.541 731 0.111
26.569 840 0.083
26.708 312 0
26.708 138 0
26.763 371 0
26.819 351 0
26.874 140 0
26.93 811 0
26.986 325 0
27.041 268 0.167
27.041 855 0.333
27.208 684 0.333
27.374 649 0.167
27.374 473 0.334
27.541 4 0.167
27.708 326 0
27.708 112 0
27.791 155 0
27.874 116 0
27.958 457 0
28.041 890 0
28.041 310 0
28.097 37 0
28.152 207 0
28.208 538 0
28.374 754 0
28.374 292 0
28.541 822 0.167
28.569 37 0.139
28.708 251 0
28.708 204 0
28.874 349 0
29.041 239 0
29.041 887 0
29.078 306 0
29.115 794 0
29.152 123 0
29.374 842 0
29.374 847 0
29.43 392 0
29.486 894 0
29.541 94 0
29.708 262 0
29.708 448 0
29.874 862 0.167
29.902 854 0.139
30.041 851 0
30.041 383 0
30.208 5 0
30.374 55 0
30.374 173 0
30.412 715 0
30.449 481 0
30.486 335 0
30.523 159 0
30.56 152 0
30.597 722 0
30.634 1 0
30.671 609 0
30.708 598 0
30.708 318 0
30.763 319 0
30.819 601 0
30.874 552 0
31.041 109 0
31.041 598 0
31.208 631 0.166
31.236 777 0.138
31.374 30 0
31.374 527 0
31.541 29 0
31.708 203 0
31.708 557 0.111
31.736 706 0.083
31.874 178 0.112
31.902 348 0.084
32.041 194 0.25
32.041 463 0.25
32.041 748 0
32.374 366 0.25
32.374 368 0.25
32.374 512 0
32.708 659 0.25
32.708 528 0.25
32.708 558 0
33.041 53 0.25
33.041 617 0.25
33.041 205 0
33.041 384 0
33.374 826 0.167
33.374 78 0.084
33.374 454 0
33.708 716 0
33.708 631 0
33.874 239 0.334
33.874 570 0.167
34.208 160 0
34.208 176 0
34.374 509 0
34.374 825 0
34.412 554 0
34.449 725 0
34.486 870 0
34.708 460 0
34.708 169 0
34.763 103 0
34.819 852 0
34.874 380 0
35.041 491 0
35.041 836 0
35.208 334 0.333
35.208 598 0.166
35.541 640 0
35.541 710 0
35.708 888 0
35.708 87 0
35.745 697 0
35.782 38 0
35.819 483 0
35.874 62 0
35.874 171 0
35.93 286 0
35.967 425 0
36.004 134 0
36.041 531 0
36.041 723 0
36.097 190 0
36.152 465 0
36.208 686 0
36.374 532 0
36.374 442 0
36.541 685 0.333
36.541 851 0.167
36.874 599 0
36.874 738 0
37.041 233 0
37.041 668 0.111
37.069 875 0.083
37.208 837 0.111
37.236 157 0.083
37.374 546 0
37.374 706 0
37.43 349 0
37.486 547 0
37.541 790 0
37.597 643 0
37.652 320 0
37.708 89 0.166
37.708 865 0.333
37.874 539 0.167
38.041 601 0.083
38.041 558 0.083
38.208 379 0.166
38.208 125 0.166
38.374 627 0
38.374 615 0
38.458 105 0
38.458 816 0
38.541 715 0
38.541 645 0
38.624 220 0
38.624 713 0
38.708 708 0.166
38.708 743 0
38.708 501 0
38.874 526 0
38.874 282 0
39.041 549 0
39.041 437 0
39.041 94 0.167
39.208 642 0
39.208 752 0
39.374 768 0
39.374 181 0
39.374 416 0.167
39.541 568 0
39.541 502 0
39.708 238 0.166
39.708 290 0
39.708 824 0
39.874 513 0
39.874 143 0
39.958 249 0
39.958 456 0
40.041 545 0
40.041 596 0.167
40.208 184 0
40.208 32 0
40.374 887 0
40.374 146 0
40.374 737 0.167
40.541 35 0
40.541 605 0
40.708 223 0
40.708 801 0
40.708 666 0.166
40.874 8 0
40.874 60 0
41.041 584 0
41.041 851 0
41.041 720 0.167
41.208 732 0
41.208 735 0
41.291 801 0
41.291 9 0
41.374 115 0
41.374 468 0
41.458 245 0
41.541 471 0
41.541 893 0
41.624 604 0
41.708 209 0
41.708 823 0
41.791 543 0
41.874 754 0
41.874 368 0
41.958 792 0
42.041 897 0
42.041 314 0
42.124 311 0
42.208 821 0
42.208 277 0
42.291 683 0
42.374 358 0
42.374 317 0
42.458 629 0
42.541 235 0
42.541 614 0
42.624 838 0
42.708 424 0.25
42.708 58 0.25
42.874 717 0
42.958 12 0
43.041 191 0.25
43.041 190 0.25
43.208 560 0
43.291 461 0
43.374 439 0.25
43.374 4 0.25
43.541 362 0
43.541 130 0
43.708 451 0.25
43.708 539 0.25
44.041 376 0.25
44.041 66 0.25
44.374 425 0
44.374 131 0
44.416 762 0
44.541 726 0
44.583 436 0
44.708 457 0
44.749 675 0
44.874 553 0
44.916 819 0
45.041 619 0
45.041 614 0
45.083 633 0
45.208 713 0.083
45.249 365 0.084
45.374 51 0
45.416 122 0
45.541 14 0
45.583 433 0
45.708 718 0
45.708 201 0
45.749 11 0
45.874 413 0
45.916 585 0
46.041 59 0
46.083 84 0
46.208 764 0
46.249 441 0
46.374 578 0
46.374 55 0.334
46.374 477 0.25
46.708 297 0
46.749 279 0
46.874 305 0
46.916 563 0
47.041 533 0
47.041 754 0
47.083 863 0
47.208 866 0
47.249 584 0
47.374 300 0
47.416 367 0
47.541 765 0
47.583 775 0
47.708 225 0
47.708 739 0.083
47.749 119 0.084
47.874 9 0.084
47.916 880 0.083
48.041 338 0.333
48.041 208 0.167
48.374 690 0.167
48.374 631 0.084
48.374 261 0
48.708 0 0.166
48.708 888 0.083
49.041 410 0
49.124 223 0
49.208 338 0
49.291 621 0
49.374 177 0
49.416 86 0
49.541 886 0
49.583 598 0
49.708 153 0
49.708 603 0
49.749 670 0
49.874 330 0
49.916 508 0
50.041 538 0
50.083 133 0
50.208 337 0
50.249 898 0
50.374 875 0
50.374 710 0
50.416 597 0
50.541 844 0.083
50.583 43 0.083
50.708 868 0
50.749 696 0
50.874 899 0
50.916 534 0
51.041 879 0
51.041 412 0
51.083 751 0
51.208 524 0
51.249 481 0
51.374 672 0
51.374 711 0.25
51.458 685 0.166
51.541 462 0.167
51.624 527 0.167
51.708 736 0
51.708 141 0
51.791 420 0
51.874 682 0
51.874 534 0
51.958 262 0
52.041 899 0
52.041 508 0.083
52.208 783 0.083
52.374 414 0
52.458 334 0
52.541 228 0
52.541 698 0.083
52.624 672 0
52.708 694 0
52.708 872 0.083
52.791 835 0
52.874 416 0
52.958 369 0
53.041 900 0
53.041 274 0
53.041 574 0.083
53.124 619 0
53.208 168 0
53.208 11 0.083
53.291 446 0
53.374 63 0
53.374 741 0
53.458 89 0
53.541 422 0.083
53.541 584 0
53.624 500 0
53.708 497 0.083
53.708 168 0
53.708 825 0
53.791 574 0
53.874 246 0
53.874 561 0
53.958 185 0
54.041 410 0
54.041 301 0
54.124 582 0
54.208 324 0
54.208 847 0
54.208 595 0
54.291 299 0
54.374 794 0
54.374 575 0.334
54.708 740 0
54.749 188 0
54.874 846 0
54.916 877 0
55.041 198 0
55.041 720 0
55.083 77 0
55.208 393 0
55.249 473 0
55.374 33 0
55.416 646 0
55.541 568 0
55.583 60 0
55.708 726 0
55.708 406 0
55.749 445 0
55.874 845 0.084
55.916 817 0.083
56.041 409 0
56.083 828 0
56.208 887 0
56.249 412 0
56.374 266 0
56.374 341 0
56.416 793 0
56.541 241 0
56.583 513 0
56.708 25 0
56.749 634 0
56.874 729 0
56.916 710 0
57.041 414 0
57.041 545 0.25
57.041 144 0.333
57.374 317 0
57.416 489 0
57.541 431 0
57.583 126 0
57.708 356 0
57.708 842 0
57.749 37 0
57.874 679 0
57.916 533 0
58.041 429 0
58.083 32 0
58.208 284 0
58.249 118 0
58.374 207 0.084
58.374 86 0
58.416 558 0.042
58.541 491 0.083
58.583 163 0.041
58.708 149 0.166
58.708 283 0.333
59.041 770 0
59.041 677 0.083
59.041 63 0.167
59.374 157 0.084
59.374 253 0.167
59.708 323 0
59.791 767 0
59.874 700 0
59.958 727 0
60.041 411 0
60.083 391 0
60.208 541 0
60.249 175 0
60.374 435 0
60.374 475 0
60.416 481 0
60.541 815 0
60.583 150 0
60.708 221 0
60.749 161 0
60.874 146 0
60.916 43 0
61.041 592 0
61.041 626 0
61.083 806 0
61.208 368 0.083
61.249 53 0.042
61.374 391 0
61.416 415 0
61.541 562 0
61.583 867 0
61.708 52 0
61.708 518 0
61.749 59 0
61.874 608 0
61.916 144 0
62.041 512 0
62.041 632 0.25
62.124 667 0.167
62.208 80 0.083
62.291 662 0.083
62.374 730 0
62.374 105 0
62.374 15 0
62.458 204 0
62.541 864 0
62.624 157 0
62.708 46 0.083
62.708 445 0
62.874 727 0.084
63.041 196 0
63.041 811 0
63.041 388 0
63.124 106 0
63.208 759 0
63.208 591 0.083
63.291 216 0
63.374 365 0
63.374 844 0.084
63.458 537 0
63.541 546 0
63.624 820 0
63.708 706 0
63.708 368 0
63.708 862 0.083
63.874 476 0
63.874 786 0.084
64.041 316 0.333
64.041 510 0
64.208 349 0
64.208 899 0
64.374 290 0.334
64.374 401 0
64.541 319 0
64.541 728 0
64.708 177 0.333
64.708 645 0
64.791 447 0
64.874 136 0
64.958 744 0
65.041 423 0.333
65.041 413 0
65.124 685 0
65.208 490 0
65.291 532 0
65.374 519 2.667
65.374 25 0
65.708 728 0
66.041 235 0
66.374 744 0
66.708 524 0
67.041 53 0
67.374 465 0
67.708 77 0
68.041 838 0.167
68.041 437 0
68.041 291 0
68.374 343 0.167
68.541 260 0
68.708 478 0.166
69.041 471 0.167
69.374 900 0.167
69.708 210 0.166
70.041 344 0.167
70.374 34 0.167
70.708 113 0.166
71.041 332 0
71.208 329 0
71.374 602 0.167
71.708 188 0.166
72.041 861 0.167
72.374 203 0.167
72.541 416 0
72.708 155 0.166
73.041 559 0.167
73.374 227 0.167
73.541 330 0
73.708 884 0.166
73.874 727 0
74.041 5 0.167
74.374 687 0.167
74.541 422 0.167
74.708 681 0.166
75.041 167 0.167
75.208 766 0
75.374 746 0.167
75.708 177 0.166
76.041 485 0.167
76.374 557 0.167
76.541 873 0
76.708 896 0.166
77.041 884 0.167
77.208 538 0.166
77.374 552 0.167
77.708 543 0.166
78.041 415 0.167
78.208 665 0
78.374 869 0.167
78.708 806 0.166
78.708 569 0
79.041 520 0.083
79.208 851 0.083
79.374 41 0.167
79.374 131 0
79.708 90 0.166
80.041 223 0.167
80.041 329 0
80.374 570 0.167
80.708 606 0.166
80.708 48 0
81.041 783 0.167
81.374 888 0
81.374 517 0
81.708 219 0
81.874 214 0
82.041 629 0
82.041 79 0
82.374 127 0
82.708 402 0
82.708 292 0
83.041 272 0
83.208 796 0
83.208 587 0
83.374 744 0
83.374 719 0
83.374 140 0
83.708 168 0
83.708 872 0
84.041 503 0
84.041 491 0
84.374 42 0
84.541 260 0
84.708 420 0
84.708 156 0
85.041 658 0
85.208 513 0
85.374 736 0
85.374 221 0
85.708 152 0
86.041 604 0
86.041 513 0
86.374 794 0
86.708 774 0
86.708 748 0
87.041 399 0
87.208 790 0
87.374 534 0
87.374 550 0
87.708 583 0
87.874 145 0
88.041 880 0
88.041 335 0
88.208 65 0.166
88.374 66 0
88.374 777 0
88.458 568 0
88.541 318 0.167
88.624 893 0
88.708 376 0
88.708 794 0
88.791 249 0
88.874 710 0
88.958 161 0
89.041 842 0
89.041 554 0
89.124 687 0
89.208 72 0
89.291 848 0
89.374 253 0
89.374 645 0
89.624 260 0
89.708 777 0
89.708 154 0
89.874 70 0
90.041 778 0
90.041 522 0
90.291 365 0
90.374 808 0
90.374 147 0
90.541 86 0
90.708 503 0
90.708 821 0
90.958 31 0
91.041 834 0
91.041 368 0
91.208 395 0
91.374 226 0
91.374 193 0
91.541 209 0
91.708 550 0
91.708 229 0
91.874 83 0
92.041 644 0.083
92.041 792 0
92.291 244 0.083
92.374 234 0
92.374 697 0
92.541 506 0.083
92.708 461 0.083
92.708 213 0
92.958 778 0.083
93.041 890 0
93.041 590 0
93.208 393 0.083
93.374 107 0.084
93.374 636 0
93.624 797 0.084
93.708 588 0
93.708 262 0
93.874 516 0.084
94.041 824 0
94.041 627 0
94.208 434 0
94.374 639 0
94.374 482 0
94.541 900 0
94.708 742 0.166
94.708 21 0
94.958 482 0.166
95.041 840 0
95.041 281 0
95.208 273 0.166
95.374 734 0
95.374 90 0.167
95.624 62 0.167
95.708 320 0
95.708 346 0
95.874 657 0.167
96.041 805 0
96.041 634 0.167
96.291 868 0.167
96.374 593 0
96.374 808 0
96.541 799 0.167
96.708 282 0
96.708 137 0.166
96.874 57 0.167
97.041 552 0
97.041 331 0.167
97.208 108 0.166
97.374 673 0.167
97.374 829 0
97.541 655 0
97.624 449 0.167
97.708 753 0
97.708 43 0
97.874 227 0.167
97.958 363 0
98.041 556 0
98.041 17 0.167
98.208 645 0
98.291 732 0.167
98.374 483 0
98.374 687 0
98.541 215 0.167
98.624 40 0
98.708 718 0
98.708 724 0.333
99.041 326 0.333
99.291 874 0
99.291 428 0
99.374 304 0.334
99.374 481 0
99.541 5 0
99.541 862 0
99.708 388 0.166
99.708 448 0
99.874 169 0.167
99.874 429 0
100.041 229 0
100.041 628 0
100.208 61 0
100.374 834 0
100.374 755 0
100.374 803 0
100.541 878 0
100.624 297 0
100.708 213 0
100.708 537 0
100.874 122 0
101.041 235 0
101.041 457 0
101.041 671 0
101.208 748 0
101.291 345 0
101.374 159 0
101.374 341 0
101.541 766 0
101.708 504 0
101.708 128 0
101.708 172 0
101.874 319 0
101.958 746 0
102.041 588 0
102.041 69 0
102.208 562 0
102.374 551 0
102.374 54 0
102.374 829 0
102.541 812 0
102.708 521 0
102.708 106 0
102.874 240 0
103.041 276 0
103.041 35 0
103.041 17 0
103.208 49 0
103.291 549 0
103.374 739 0
103.374 314 0
103.541 661 0
103.708 763 0
103.708 812 0
103.708 655 0
103.874 683 0
103.874 119 0
104.041 55 0
104.041 467 0
104.124 243 0
104.208 673 0
104.291 405 0
104.374 569 0
104.374 359 0
104.458 234 0
104.541 297 0
104.624 683 0
104.708 338 0
104.708 291 0
104.791 866 0
104.874 494 0
104.958 80 0
105.041 516 0
105.041 684 0
105.124 557 0
105.208 774 0
105.208 461 0
105.291 587 0
105.374 892 0
105.374 164 0
105.374 698 0
105.541 416 0
105.541 341 0
105.708 831 0
105.708 303 0
105.708 316 0
105.874 21 0
105.874 107 0
105.958 761 0
106.041 364 0
106.041 195 0
106.041 888 0
106.208 451 0
106.208 421 0
106.374 353 0
106.374 256 0
106.374 489 0
106.541 115 0
106.541 832 0
106.624 35 0
106.624 856 0
106.708 710 0
106.708 59 0
106.874 242 0
107.041 145 0
107.041 674 0
107.041 387 0
107.208 395 0
107.291 771 0
107.374 287 0
107.374 2 0
107.374 735 0
107.541 265 0
107.708 720 0
107.708 372 0
107.708 543 0
107.874 505 0
107.874 880 0
107.958 554 0
107.958 282 0
108.041 462 0
108.041 288 0
108.208 87 0
108.208 403 0
108.374 586 0
108.374 191 0
108.541 854 0
108.541 589 0
108.624 334 0
108.708 857 0
108.708 194 0
108.874 270 0
108.874 844 0
109.041 363 0
109.041 94 0
109.208 403 0
109.208 206 0
109.374 346 0.334
109.541 181 0
109.624 726 0
109.708 58 0.333
109.874 146 0
109.958 708 0
110.041 315 0
110.041 687 0.333
110.208 64 0
110.208 627 0
110.374 214 0
110.374 642 0
110.374 490 0.334
110.708 621 0
110.708 817 0
110.874 621 0
110.958 292 0
111.041 390 0
111.208 215 0
111.291 461 0
111.374 194 0
111.541 592 0
111.624 400 0
111.708 731 0.166
111.874 802 0
111.958 818 0
112.041 186 0
112.208 324 0
112.291 808 0
112.374 888 0
112.541 405 0
112.624 361 0
112.708 888 0.166
112.874 768 0
112.958 735 0
113.041 585 0
113.041 438 0
113.208 57 0
113.291 592 0
113.374 775 0
113.374 560 0
113.541 754 0
113.624 237 0
113.708 804 0
113.874 42 0
113.958 621 0
114.041 494 0
114.208 274 0
114.291 737 0
114.374 512 0.167
114.541 631 0
114.624 32 0
114.708 5 0
114.708 686 0
114.874 667 0
114.958 455 0
115.041 377 0
115.041 752 0
115.208 566 0
115.291 629 0
115.374 698 0
115.374 703 0
115.541 348 0
115.541 735 0
115.708 114 0
115.708 765 0
115.708 239 0
115.791 453 0
115.874 705 0
115.874 899 0
115.958 211 0
115.958 232 0
116.041 662 0
116.041 355 0
116.208 434 0
116.291 863 0
116.374 111 0
116.374 181 0
116.374 400 0
116.541 182 0
116.624 398 0
116.708 373 0
116.708 409 0
116.874 316 0
116.958 562 0
117.041 894 0
117.041 89 0.167
117.041 276 0
117.208 406 0
117.291 438 0
117.374 704 0
117.374 355 0
117.541 117 0
117.624 392 0
117.708 390 0
117.708 426 0
117.708 680 0
117.874 858 0
117.958 362 0
118.041 792 0.167
118.041 152 0
118.208 835 0
118.291 204 0
118.374 226 0
118.374 810 0
118.374 309 0
118.541 286 0
118.624 614 0
118.708 221 0
118.708 194 0
118.874 65 0
118.958 205 0
119.041 836 0
119.041 674 0
119.041 642 0
119.208 88 0
119.291 245 0
119.374 570 0
119.374 260 0
119.541 62 0
119.624 284 0
119.708 234 0.166
119.708 422 0
119.708 900 0
119.874 502 0
119.874 841 0
119.958 644 0
119.958 824 0
120.041 318 0
120.041 380 0
120.208 277 0
120.208 504 0
120.374 755 0
120.374 507 0
120.374 404 0
120.541 471 0
120.541 625 0
120.708 413 0
120.708 793 0
120.708 526 0
120.874 842 0
120.874 468 0
121.041 819 0.167
121.041 456 0
121.041 852 0
121.208 622 0
121.291 606 0
121.374 415 0.334
121.374 802 0
121.708 307 0.166
121.708 727 0
121.708 407 0
121.874 29 0.167
121.958 6 0
122.041 292 0
122.041 406 0.167
122.208 897 0
122.291 697 0
122.374 162 0
122.374 118 0.167
122.374 627 0
122.541 27 0
122.624 298 0
122.708 536 0.25
122.708 469 0
122.874 549 0
122.958 376 0
123.041 289 0
123.041 693 0
123.041 387 0.167
123.208 242 0
123.291 800 0
123.374 586 0.167
123.374 13 0
123.541 229 0
123.624 731 0
123.708 865 0.166
123.708 803 0
123.708 650 0
123.874 589 0.167
123.958 451 0
124.041 804 0.167
124.041 725 0
124.208 66 0
124.291 259 0
124.374 165 0.167
124.374 69 0
124.374 579 0
124.541 275 0.167
124.624 309 0
124.708 620 0
124.708 590 0
124.874 25 0
124.958 208 0
125.041 618 0
125.041 603 0
125.041 893 0
125.208 623 0.333
125.291 844 0
125.374 296 0
125.374 453 0
125.541 894 0
125.624 325 0
125.708 597 0.166
125.708 6 0
125.708 604 0
125.874 723 0
125.958 522 0
126.041 648 0.167
126.041 893 0
126.208 707 0
126.291 394 0
126.374 848 0.167
126.374 686 0
126.374 849 0
126.541 374 0
126.541 229 0.167
126.708 1 0
126.708 225 0
126.708 657 0
126.874 508 0
126.874 394 0
127.041 698 0
127.041 823 0
127.041 562 0
127.208 82 0
127.208 597 0
127.374 89 0
127.374 294 0
127.374 269 0
127.541 897 0
127.541 38 0
127.708 658 0
127.708 306 0
127.708 730 0
127.874 781 0
127.874 247 0
127.958 392 0
127.958 480 0
128.041 258 0
128.041 361 0
128.208 531 0
128.208 122 0
128.374 509 0
128.374 883 0
128.374 27 0
128.541 442 0
128.708 149 0
128.708 188 0
128.708 594 0
128.874 487 0
129.041 622 0
129.041 408 0
129.041 664 0
129.208 125 0
129.208 286 0
129.291 208 0
129.291 843 0
129.374 737 0
129.374 579 0
129.458 283 0
129.541 670 0
129.541 489 0
129.624 878 0
129.708 492 0
129.708 53 0
129.791 808 0
129.874 648 0
129.874 786 0
129.958 25 0
130.041 19 0
130.041 827 0
130.124 572 0
130.208 614 0
130.291 240 0
130.374 531 0
130.374 617 0
130.458 702 0
130.541 180 0
130.624 412 0
130.708 208 0.166
130.708 841 0
130.708 773 0
130.874 182 0.167
131.041 485 0.167
131.041 586 0
131.041 589 0
131.208 799 0.166
131.374 110 0
131.374 703 0
131.374 855 0.167
131.541 7 0
131.541 123 0.167
131.708 459 0.333
131.708 808 0
131.708 359 0
131.874 207 0.167
132.041 600 0.167
