0.313 858 0
0.313 413 0
0.313 246 0
0.313 276 2.1
1.063 268 0
1.213 83 0
1.438 612 0
1.738 386 0
2.413 727 0.525
2.938 340 0.375
3.463 785 0
3.463 456 0
3.538 615 0
3.538 464 0
3.613 355 0.075
3.613 148 0
3.613 862 0
3.613 258 0
3.763 580 0
3.763 316 0
3.838 514 0
3.913 488 0
3.913 539 0
3.988 219 0
4.063 643 0.075
4.063 243 0
4.063 693 0
4.138 678 0
4.213 313 0
4.213 15 0
4.288 873 0
4.363 87 0
4.363 65 0
4.438 421 0
4.513 862 0.075
4.513 873 0
4.513 11 0
4.588 649 0
4.663 183 0
4.663 734 0
4.738 777 0
4.813 284 0
4.813 510 0
4.888 146 0
4.963 167 0.075
4.963 308 0
4.963 307 0
5.038 22 0
5.113 150 0
5.113 534 0
5.188 348 0
5.263 864 0
5.263 180 0
5.338 380 0
5.413 278 0.075
5.413 511 0
5.413 501 0
5.488 352 0
5.563 754 0
5.563 634 0
5.638 502 0
5.713 847 0.075
5.713 440 0
5.713 268 0
5.788 339 0
5.863 254 0
5.863 222 0
5.938 594 0
6.013 551 0.075
6.013 465 0
6.013 353 0
6.013 497 0
6.163 53 0
6.163 547 0
6.238 577 0
6.313 405 0
6.313 690 0
6.388 764 0
6.463 596 0.075
6.463 689 0
6.463 843 0
6.538 808 0
6.613 351 0
6.613 63 0
6.688 652 0
6.763 145 0
6.763 465 0
6.838 146 0
6.913 631 0.075
6.913 197 0
6.913 748 0
6.988 13 0
7.063 89 0
7.063 740 0
7.138 259 0
7.213 869 0
7.213 509 0
7.288 567 0
7.363 357 0.075
7.363 591 0
7.363 747 0
7.438 102 0
7.513 671 0
7.513 655 0
7.588 552 0
7.663 381 0
7.663 848 0
7.738 453 0
7.813 647 0.075
7.813 353 0
7.813 356 0
7.888 293 0
7.963 750 0
7.963 505 0
8.038 86 0
8.113 676 0.075
8.113 624 0
8.113 841 0
8.188 730 0
8.263 292 0
8.263 777 0
8.338 886 0
8.413 70 0.075
8.413 898 0
8.413 454 0
8.413 771 0
8.563 35 0
8.563 487 0
8.638 231 0
8.713 279 0
8.713 859 0
8.788 299 0
8.863 336 0.075
8.863 445 0
8.863 442 0
8.938 289 0
9.013 809 0
9.013 813 0
9.088 438 0
9.163 348 0
9.163 845 0
9.238 877 0
9.313 809 0.075
9.313 474 0
9.313 709 0
9.388 795 0
9.463 502 0
9.463 262 0
9.538 870 0
9.613 233 0
9.613 629 0
9.688 586 0
9.763 154 0.075
9.763 58 0
9.763 114 0
9.838 668 0
9.913 616 0
9.913 108 0
9.988 14 0
10.063 893 0
10.063 550 0
10.138 508 0
10.213 2 0
10.213 707 0.075
10.213 201 0
10.288 470 0
10.363 378 0
10.363 883 0
10.438 351 0
10.513 523 0.075
10.513 475 0
10.513 199 0
10.588 203 0
10.663 782 0
10.663 777 0
10.738 334 0
10.813 251 0.075
10.813 352 0
10.813 274 0
10.813 836 0
10.963 823 0
10.963 212 0
11.038 493 0
11.113 699 0
11.113 228 0
11.188 699 0
11.263 617 0.075
11.263 103 0
11.263 560 0
11.338 493 0
11.413 722 0
11.413 273 0
11.488 760 0
11.563 67 0
11.563 336 0
11.638 657 0
11.713 891 0
11.713 326 0.075
11.713 751 0
11.788 216 0
11.863 463 0
11.863 157 0
11.938 2 0
12.013 310 0
12.013 856 0
12.088 74 0
12.163 465 0.075
12.163 414 0
12.163 479 0
12.238 526 0
12.313 373 0
12.313 747 0
12.388 276 0
12.463 762 0
12.463 702 0
12.463 238 0
12.613 561 0
12.613 115 0
12.613 876 0
12.613 541 0
12.913 522 0
12.913 113 0
12.913 562 0
12.913 438 0
13.213 765 0.225
13.213 472 0.225
13.213 26 0.225
13.213 153 0.225
13.513 272 0
13.513 368 0
13.513 458 0
13.513 161 0
13.663 398 0.075
13.663 233 0.075
13.738 456 0.075
13.813 537 0.075
13.813 9 0.075
13.813 284 0.075
13.888 731 0.075
13.963 486 0.075
13.963 383 0.075
14.038 619 0.075
14.113 81 0.075
14.113 298 0.075
14.113 361 0.075
14.188 554 0.075
14.263 230 0.075
14.263 90 0.075
14.338 647 0.075
14.413 152 0.075
14.413 481 0.075
14.413 198 0.075
14.488 198 0.075
14.563 273 0.075
14.563 283 0.075
14.638 109 0.075
14.713 868 0.075
14.713 28 0.075
14.713 837 0.075
14.788 348 0.075
14.863 622 0.075
14.863 671 0.075
14.938 159 0.075
15.013 145 0.075
15.013 620 0.075
15.013 503 0.075
15.088 556 0.075
15.163 58 0.075
15.163 50 0.075
15.238 442 0.075
15.313 162 0.075
15.313 255 0.075
15.313 746 0.075
15.388 86 0.075
15.463 716 0.075
15.463 641 0.075
15.538 506 0.075
15.613 643 0.075
15.613 500 0.075
15.613 452 0.075
15.688 874 0.075
15.763 622 0.075
15.763 716 0.075
15.838 58 0.075
15.913 781 0.075
15.913 623 0.075
15.913 465 0.075
15.988 420 0.075
16.063 774 0.075
16.063 418 0.075
16.138 467 0.075
16.213 599 0.075
16.213 634 0.075
16.213 718 0.075
16.288 367 0.075
16.363 191 0.075
16.363 11 0.075
16.438 396 0.075
16.513 556 0.075
16.513 591 0.075
16.513 676 0.075
16.588 736 0.075
16.663 164 0.075
16.663 583 0.075
16.738 601 0.075
16.813 871 0.075
16.813 270 0.075
16.813 771 0.075
16.888 523 0.075
16.963 377 0.075
16.963 139 0.075
17.038 369 0.075
17.113 496 0.075
17.113 60 0.075
17.113 593 0.075
17.188 280 0.075
17.263 518 0.075
17.263 603 0.075
17.338 593 0.075
17.413 897 0.075
17.413 374 0.075
17.413 240 0.075
17.488 354 0.075
17.563 47 0.075
17.563 576 0.075
17.638 362 0.075
17.713 225 0.075
17.713 471 0.075
17.713 551 0.075
17.788 70 0.075
17.863 673 0.075
17.863 19 0.075
17.938 231 0.075
18.013 612 0.075
18.013 34 0.075
18.013 796 0.075
18.088 513 0.075
18.163 283 0.075
18.163 561 0.075
18.238 834 0.075
18.313 7 0.075
18.313 481 0.075
18.313 150 0.075
18.388 801 0.075
18.463 272 0.075
18.463 812 0.075
18.538 660 0.075
18.613 796 0.075
18.613 212 0.075
18.613 507 0.075
18.688 6 0.075
18.763 97 0.075
18.763 611 0.075
18.838 363 0.075
18.913 595 0.075
18.913 130 0.075
18.913 493 0.075
18.988 788 0.075
19.063 169 0.075
19.063 689 0.075
19.138 899 0.075
19.213 271 0.075
19.213 451 0.075
19.213 128 0.075
19.288 101 0.075
19.363 617 0.075
19.363 127 0.075
19.438 490 0.075
19.513 626 0.075
19.513 41 0.075
19.513 690 0.075
19.588 644 0.075
19.663 74 0.075
19.663 580 0.075
19.738 278 0.075
19.813 518 0.075
19.813 130 0.075
19.813 218 0.075
19.888 689 0.075
19.963 801 0.075
19.963 838 0.075
20.038 363 0.075
20.113 548 0.075
20.113 77 0.075
20.113 682 0.075
20.188 815 0.075
20.263 63 0.075
20.263 578 0.075
20.338 845 0.075
20.413 339 0.075
20.413 665 0
20.413 701 0
20.488 482 0
20.563 226 0.075
20.563 889 0
20.638 301 0
20.713 345 0.075
20.713 141 0
20.713 458 0
20.788 443 0
20.863 363 0.075
20.863 304 0
20.938 816 0
21.013 689 0.075
21.013 256 0
21.013 401 0
21.088 230 0
21.163 49 0.075
21.163 408 0
21.163 735 0
21.313 705 0.075
21.313 469 0
21.313 226 0
21.388 686 0
21.463 288 0.075
21.463 800 0
21.538 72 0
21.613 237 0.075
21.613 488 0
21.613 200 0
21.688 165 0
21.763 778 0.075
21.763 533 0
21.838 767 0
21.913 20 0.075
21.913 226 0
21.913 365 0
21.988 763 0
22.063 711 0
22.063 449 0
22.138 684 0
22.213 313 0.225
22.213 183 0.225
22.213 276 0.225
22.213 624 0.225
22.513 596 0.075
22.513 619 0.075
22.513 737 0.075
22.513 346 0.075
22.663 150 0.075
22.663 55 0.075
22.663 666 0.075
22.663 860 0.075
22.813 63 0
22.813 61 0
22.813 505 0
22.813 79 0
22.963 664 0.075
23.113 47 0.075
23.113 39 0
23.113 558 0
23.263 160 0
23.313 398 0
23.363 73 0
23.413 737 0.075
23.413 320 0
23.413 533 0
23.563 631 0.075
23.713 888 0.075
23.713 822 0
23.713 803 0
23.863 377 0.075
24.013 297 0.075
24.013 546 0
24.013 61 0
24.163 797 0.075
24.313 131 0.075
24.313 477 0
24.313 107 0
24.463 543 0
24.513 856 0
24.563 218 0
24.613 332 0.075
24.613 170 0
24.613 499 0
24.763 142 0.075
24.913 587 0.075
24.913 172 0
24.913 853 0
24.988 400 0
25.063 130 0
25.063 389 0
25.138 441 0
25.213 804 0.075
25.213 210 0
25.213 39 0
25.363 222 0.075
25.513 285 0
25.513 498 0
25.563 326 0
25.613 731 0
25.663 511 0.075
25.663 233 0
25.663 281 0
25.813 798 0.075
25.813 711 0
25.813 271 0
25.963 105 0
26.013 225 0
26.063 307 0
26.113 333 0
26.113 733 0
26.163 692 0
26.213 698 0
26.263 425 0.075
26.263 699 0
26.263 184 0
26.413 374 0.075
26.413 263 0
26.413 207 0
26.563 37 0.075
26.563 583 0
26.563 785 0
26.713 792 0.075
26.713 147 0
26.713 285 0
26.863 181 0.075
27.013 349 0
27.063 704 0
27.113 522 0
27.163 628 0
27.213 652 0
27.263 693 0
27.313 0 0.075
27.313 582 0
27.313 640 0
27.463 522 0.075
27.613 517 0.075
27.613 301 0
27.613 336 0
27.763 679 0
27.913 644 0.075
27.913 777 0.075
27.913 675 0.075
28.063 683 0
28.113 114 0
28.163 377 0
28.213 806 0.075
28.213 300 0
28.213 613 0
28.363 285 0.075
28.513 218 0.075
28.513 11 0
28.513 311 0
28.663 252 0.075
28.813 247 0
28.813 401 0
28.963 185 0.075
29.113 849 0.075
29.113 524 0
29.113 694 0
29.263 553 0.075
29.413 762 0.075
29.563 39 0.075
29.713 175 0.075
29.863 237 0.075
30.013 507 0.075
30.163 203 0.075
30.313 850 0.075
30.463 703 0.075
30.613 549 0.075
30.763 161 0.075
30.913 178 0.075
31.063 494 0.075
31.213 353 0.075
31.363 5 0.075
31.513 632 0.075
31.663 426 0.075
31.813 664 0.075
31.963 772 0.075
32.113 477 0.075
32.263 596 0.075
32.413 430 0.075
32.563 803 0.075
