4.21 515 0
4.21 827 0.421
4.263 5 0
4.315 583 0
4.368 824 0
4.631 805 0
4.631 277 0.421
4.684 366 0
4.736 351 0
4.789 433 0
5.052 241 0
5.052 738 0
5.263 110 0
5.263 484 0
5.578 779 0
5.578 59 0
5.578 305 0
5.894 318 0
5.894 315 0
5.894 30 0
6.21 512 0
6.21 223 0
6.526 133 0
6.526 836 0
6.947 556 0
6.947 717 0
6.947 572 0
7.263 656 0
7.263 80 0
7.578 522 0
7.578 91 0
7.578 634 0
7.894 680 0
7.894 735 0
8.21 391 0
8.21 794 0
8.631 781 0
8.631 833 0
8.631 790 0
8.947 572 0
8.947 448 0
8.947 80 0
9.263 704 0
9.263 695 0
9.578 338 0
9.578 867 0
9.894 262 0
9.894 212 0
10.315 231 0
10.315 375 0
10.631 138 0
10.631 414 0
10.736 634 0
10.842 2 0
10.947 607 0
10.947 426 0
11.052 193 0
11.052 427 0
11.157 230 0
11.157 429 0
11.21 609 0
11.263 672 0
11.315 274 0
11.368 300 0
11.368 11 0
11.473 702 0
11.578 213 0
11.578 566 0
11.684 255 0
11.684 392 0
11.789 393 0
11.789 475 0
11.842 318 0
11.842 865 0
11.894 15 0
11.894 668 0
11.947 193 0
11.947 356 0
11.999 783 0
11.999 613 0
12.315 780 0.106
12.315 448 0
12.315 298 0
12.631 473 0.105
12.631 741 0
12.631 171 0
12.947 224 0.105
12.947 681 0.105
12.947 615 0
12.947 462 0
13.263 825 0.105
13.263 397 0.105
13.263 184 0
13.263 522 0
13.473 82 0
13.473 893 0
13.526 229 0
13.526 88 0
13.578 564 0
13.578 839 0
13.631 748 0
13.631 786 0
13.684 75 0
13.684 185 0
13.999 495 0.106
13.999 622 0
13.999 894 0
14.315 466 0.106
14.315 601 0
14.315 92 0
14.631 681 0.105
14.631 199 0
14.631 85 0
14.947 730 0.105
14.947 372 0
14.947 333 0
15.157 395 0
15.157 893 0
15.21 59 0
15.21 300 0
15.263 159 0
15.263 48 0
15.315 865 0
15.315 53 0
15.368 183 0
15.368 208 0
15.684 450 0.105
15.684 668 0
15.684 387 0
15.999 616 0
15.999 251 0.106
15.999 227 0
16.315 245 0
16.315 326 0.106
16.315 733 0
16.631 851 0.105
16.631 203 0
16.631 573 0
16.842 684 0
16.842 317 0
16.894 786 0
16.894 301 0
16.947 13 0
16.947 497 0
16.999 580 0
16.999 809 0
17.052 260 0
17.052 682 0
17.368 238 0.105
17.368 681 0
17.368 797 0
17.684 144 0
17.684 355 0.105
17.684 148 0
17.999 800 0
17.999 526 0.106
17.999 626 0
17.999 296 0
18.105 512 0
18.21 543 0
18.315 48 0
18.421 755 0
18.526 325 0
18.526 57 0.421
18.736 639 0
18.736 601 0.211
18.947 123 0
18.947 98 0.21
19.157 383 0
19.157 382 0.421
19.263 522 0.315
19.368 108 0
19.578 269 0
19.578 796 0.211
19.789 537 0
19.789 404 0.21
19.999 680 0
20.21 392 0
20.21 760 0.316
20.315 80 0.211
20.421 247 0
20.421 46 0.105
20.631 79 0
20.631 647 0.316
20.736 357 0.211
20.842 13 0
20.842 83 0.105
21.052 335 0
21.052 448 0.211
21.052 85 0.211
21.263 600 0.21
21.263 817 0.21
21.473 275 0.211
21.473 326 0.211
21.684 247 0
21.894 782 0
21.894 5 0.421
22.105 260 0
22.105 562 0.21
22.315 165 0
22.315 276 0.211
22.526 103 0
22.526 738 0.421
22.631 55 0.316
22.736 393 0
22.842 568 0
22.947 532 0
22.947 740 0.21
23.052 322 0
23.157 561 0
23.157 506 0.421
23.368 177 0
23.368 283 0.21
23.578 720 0
23.578 419 0.316
23.684 215 0.21
23.789 134 0
23.789 72 0.105
23.999 815 0
23.999 36 0.316
24.105 229 0.21
24.21 509 0
24.21 173 0.105
24.421 739 0
24.421 645 0
24.473 574 0
24.473 530 0
24.526 350 0
24.526 725 0
24.578 381 0
24.578 658 0
24.631 665 0
24.631 192 0
24.842 268 0.315
24.842 899 0.315
24.842 514 0.315
24.842 225 0.315
25.263 873 0
25.263 358 0.105
25.263 657 0
25.263 166 0
25.578 461 0
25.578 355 0
25.578 852 0.106
25.578 893 0
25.894 330 0
25.894 255 0.421
25.999 35 0.316
26.105 895 0
26.21 896 0.105
26.315 407 0.211
26.526 345 0
26.526 733 0.21
26.736 699 0
26.947 765 0
26.947 655 0
26.947 786 0.316
27.052 26 0.211
27.157 234 0.106
27.368 694 0
27.368 571 0.316
27.473 181 0.211
27.578 20 0
27.578 276 0.106
27.789 114 0
27.789 556 0.21
27.999 838 0
27.999 79 0.211
28.21 707 0.211
28.21 598 0.211
28.631 205 0
28.631 98 0
28.736 598 0
28.736 489 0
28.842 179 0
28.842 166 0
28.947 406 0
28.947 480 0
29.052 183 0
29.052 62 0
29.157 614 0
29.157 119 0
29.263 521 0
29.315 429 0
29.368 460 0
29.421 316 0
29.473 718 0
29.526 368 0
29.578 852 0
29.631 503 0
29.684 895 0
29.684 302 0
29.736 389 0
29.736 866 0
29.789 375 0
29.789 613 0
29.842 496 0
29.842 469 0
29.894 438 0
29.894 370 0
29.947 719 0
29.947 173 0
29.999 10 0
29.999 519 0
30.052 5 0
30.052 239 0
30.105 127 0
30.105 472 0
30.157 66 0
30.157 442 0
30.21 235 0
30.21 121 0
30.263 544 0
30.263 142 0
30.315 851 0.421
30.526 861 0.21
30.736 658 0
30.789 271 0
30.842 472 0
30.894 720 0
30.947 80 0
31.052 511 0
31.157 186 0.106
31.157 853 0
31.263 789 0.105
31.368 731 0.105
31.473 368 0.105
31.578 70 0.106
31.684 828 0.315
31.684 427 0.105
31.789 718 0.105
31.894 752 0.105
31.999 308 0
31.999 895 0
32.21 521 0.105
32.21 133 0
32.21 896 0
32.421 84 0.105
32.421 393 0
32.421 165 0
32.631 33 0.105
32.631 331 0
32.631 181 0
32.842 594 0
32.842 468 0
32.947 687 0
32.947 16 0
33.052 786 0
33.052 888 0
33.157 23 0
33.157 51 0
33.263 709 0.315
33.263 169 0.315
33.473 107 0
33.473 570 0
33.578 649 0
33.578 252 0
33.684 759 0.105
33.684 147 0
33.894 243 0
33.894 791 0.105
33.894 834 0
34.105 5 0
34.105 580 0.105
34.105 263 0
34.315 559 0.106
34.315 230 0
34.315 79 0
34.526 658 0
34.526 260 0.105
34.526 689 0
34.631 665 0.105
34.736 832 0
34.736 394 0.106
34.842 429 0.105
34.947 98 0.421
35.157 550 0
35.157 553 0
35.263 572 0
35.263 86 0
35.368 260 0
35.368 102 0
35.578 496 0.106
35.578 691 0
35.578 886 0
35.789 810 0
35.789 341 0.105
35.789 425 0
35.999 97 0
35.999 18 0
35.999 792 0.106
36.21 725 0.105
36.21 796 0.105
36.315 167 0.106
36.315 530 0.106
36.421 842 0.105
36.526 474 0
36.631 99 0.211
36.631 645 0.211
36.842 151 0
36.842 350 0
36.947 194 0
36.947 594 0
37.052 715 0.105
37.052 671 0
37.052 200 0
37.263 739 0.105
37.263 574 0
37.263 320 0
37.473 279 0
37.473 195 0.105
37.473 463 0
37.578 105 0
37.578 384 0
37.684 189 0
37.684 300 0
37.789 795 0
37.789 743 0
37.894 755 0
37.999 728 0
37.999 103 0
38.105 549 0
38.21 144 0
38.21 135 0
38.315 497 0
38.421 180 0
38.421 628 0
38.526 295 0
38.631 891 0
38.631 390 0
38.736 700 0
38.736 372 0
38.947 183 0.105
38.947 889 0
38.947 553 0
39.157 662 0.106
39.157 539 0
39.157 152 0
39.263 530 0
39.263 426 0
39.368 451 0
39.368 840 0
39.473 405 0
39.473 643 0
39.578 371 0
39.578 23 0
39.684 230 0.105
39.789 443 0.105
39.894 886 0.105
39.999 783 0
39.999 185 0
40.105 584 0
40.105 838 0
40.21 364 0
40.21 715 0
40.315 765 0
40.315 616 0
40.421 35 0
40.421 59 0
40.631 73 0
40.631 554 0.105
40.631 746 0
40.842 526 0
40.842 77 0.105
40.842 10 0
40.947 411 0
40.947 5 0
41.052 538 0
41.052 388 0
41.157 323 0
41.157 303 0
41.263 16 0.105
41.263 610 0
41.368 853 0
41.473 463 0.105
41.473 421 0.105
41.578 38 0.106
41.684 737 0
41.894 14 0
41.894 44 0
41.999 255 0
41.999 871 0
42.105 719 0.105
42.105 688 0
42.105 637 0
42.315 424 0.106
42.315 98 0
42.315 609 0
42.526 33 0
42.526 826 0.105
42.526 655 0
42.736 513 0.106
42.736 280 0
42.947 194 0
42.947 833 0.105
43.052 750 0
43.052 807 0
43.157 235 0
43.157 765 0
43.263 149 0
43.263 303 0
43.368 612 0
43.368 199 0
43.578 801 0
43.578 771 0
43.684 534 0
43.684 421 0
43.789 53 0
43.789 844 0
43.999 740 0.106
43.999 133 0
43.999 14 0
44.21 113 0.105
44.21 483 0
44.21 86 0
44.421 897 0
44.421 722 0
44.631 619 0
44.631 655 0
44.736 491 0
44.736 208 0
44.842 775 0
44.842 178 0
44.947 583 0
44.947 384 0
45.052 789 0
45.052 63 0
45.157 708 0
45.157 5 0
45.263 461 0
45.263 775 0
45.368 629 0
45.368 302 0
45.473 423 0.105
45.473 799 0
45.473 408 0
45.684 165 0.105
45.684 856 0
45.684 433 0
45.894 693 0.105
45.894 370 0
45.894 427 0
46.105 277 0.105
46.105 693 0
46.315 548 0
46.315 48 0
46.315 473 0.106
46.526 694 0
46.526 29 0
46.526 862 0.105
46.736 596 0
46.736 688 0
46.736 717 0.106
46.947 799 0
46.947 510 0
47.052 811 0
47.052 643 0
47.157 609 0.106
47.157 784 0
47.157 264 0
47.368 796 0.105
47.368 883 0
47.368 207 0
47.578 779 0
47.578 180 0.106
47.789 515 0
47.789 39 0
47.789 382 0.105
47.999 758 0
47.999 196 0
47.999 167 0.106
48.21 135 0
48.21 642 0
48.21 50 0.105
48.421 190 0
48.421 222 0.105
48.421 122 0
48.631 211 0
48.631 840 0
48.736 301 0
48.736 472 0
48.842 455 0.105
48.842 120 0
48.842 840 0
49.052 523 0.105
49.052 214 0
49.052 784 0
49.263 187 0
49.263 72 0.105
49.263 36 0
49.473 93 0
49.473 91 0
49.473 639 0.105
49.684 765 0
49.684 717 0.105
49.684 209 0
49.894 43 0
49.894 498 0
49.999 539 0.106
49.999 544 0
50.105 388 0.105
50.105 404 0
50.315 703 0
50.315 10 0
50.421 562 0
50.526 390 0.105
50.526 322 0
50.631 384 0
50.736 205 0
50.842 258 0
50.947 458 0
51.052 38 0
51.157 440 0
51.263 427 0
51.368 485 0
51.473 842 0
51.578 346 0
51.684 652 0
51.736 174 0
51.789 505 0
51.789 542 0
51.894 28 0
51.999 633 0
52.105 445 0
52.21 292 0
52.421 73 0.105
52.421 92 0
52.421 780 0
52.631 547 0.105
52.631 498 0
52.631 262 0
52.842 473 0.105
52.842 718 0
52.842 77 0
53.052 747 0.105
53.052 508 0
53.052 63 0
53.263 339 0.105
53.263 176 0
53.263 733 0
53.473 129 0.105
53.473 251 0
53.473 900 0
53.684 810 0
53.684 387 0
53.789 149 0
53.789 729 0
53.894 473 0
53.894 661 0
54.105 774 0.105
54.105 124 0
54.105 323 0
54.315 40 0.106
54.315 755 0
54.315 537 0
54.526 182 0.105
54.526 41 0
54.526 828 0
54.736 565 0.106
54.736 519 0.106
54.736 9 0
55.052 502 0
55.052 342 0.105
55.052 144 0.105
55.368 199 0
55.368 653 0.105
55.368 594 0
55.368 809 0
55.473 514 0
55.578 642 0
55.578 337 0
55.631 80 0
55.684 796 0
55.736 323 0
55.789 704 0
55.842 741 0
55.894 794 0
55.947 287 0
55.999 586 0
56.052 696 0
56.105 684 0
56.157 603 0
56.21 668 0
56.263 12 0
56.315 308 0
56.368 273 0
56.421 632 0
56.473 554 0
56.526 86 0
56.578 765 0
56.631 730 0
56.684 522 0
56.736 195 0
56.789 646 0
56.842 293 0
56.894 232 0
56.947 801 0
56.999 489 0
57.052 300 0
57.105 626 0
57.157 602 0
57.21 649 0
57.263 795 0
57.315 302 0
57.368 679 0
57.421 893 0
57.473 277 0
57.526 644 0
57.684 433 0
57.736 476 0
57.789 412 0
57.842 867 0
57.894 560 0
57.947 377 0
58.105 272 0
58.105 175 0
58.21 427 0
58.21 609 0
58.315 399 0
58.315 331 0
58.421 717 0
58.526 429 0
58.631 121 0
58.736 125 0
58.736 164 0
58.842 506 0
58.947 13 0.737
59.052 345 0.632
59.157 144 0.527
59.263 796 0.421
59.789 404 0.737
59.894 334 0.632
59.999 879 0.527
60.105 632 0.421
60.631 764 0.316
60.736 263 0.211
60.842 758 0.105
61.052 99 0.316
61.157 159 0.211
61.263 554 0.105
61.473 798 0
61.578 724 0
61.684 499 0
61.789 253 0
61.789 653 0
61.842 830 0
61.842 854 0
61.894 358 0
61.894 506 0
61.947 304 0
61.947 179 0
61.999 210 0
61.999 187 0
62.052 281 0
62.052 670 0
62.105 714 0
62.105 195 0
62.157 700 0
62.157 223 0
62.21 82 0
62.21 722 0
62.315 661 0
62.315 206 0
62.526 488 0
62.526 204 0
62.526 423 0
62.736 56 0
62.736 855 0.106
62.736 230 0
62.947 807 0.105
62.947 561 0
63.157 88 0.106
63.157 408 0
63.157 436 0
63.368 845 0.105
63.368 378 0
63.368 661 0
63.578 310 0
63.578 10 0.106
63.578 610 0
63.789 736 0
63.789 280 0
63.894 672 0
63.894 774 0
63.999 785 0
63.999 639 0
64.21 432 0.105
64.21 693 0
64.421 339 0
64.421 487 0.105
64.421 137 0
64.631 251 0
64.631 52 0.105
64.631 681 0
64.842 794 0.105
64.842 455 0
64.842 716 0
65.052 280 0.105
65.052 470 0
65.052 454 0
65.263 749 0.105
65.263 278 0
65.315 806 0
65.368 811 0
65.421 808 0
65.473 437 0.105
65.473 798 0
65.578 213 0
65.578 744 0
65.684 190 0
65.684 755 0
65.789 880 0
65.789 848 0
65.894 787 0
65.894 333 0
65.999 191 0
66.105 156 0
66.21 314 0
66.315 606 0.106
66.421 846 0
66.526 355 0
66.526 578 0
66.631 523 0
66.631 544 0
66.736 547 0
66.736 540 0
66.842 586 0
66.842 703 0
66.947 287 0.105
67.052 627 0
67.157 574 0
67.263 442 0
67.368 452 0
67.368 66 0
67.473 419 0
67.473 292 0
67.578 355 0.106
67.578 46 0.106
67.578 11 0
67.578 496 0
67.684 369 0
67.684 389 0
67.789 240 0.105
67.789 794 0.105
67.999 538 0
68.105 386 0
68.21 772 0
68.21 171 0
68.315 587 0
68.368 650 0
68.421 466 0
68.473 44 0
68.526 427 0
68.578 870 0
68.631 2 0
68.684 415 0
68.736 105 0
68.789 95 0
68.842 779 0
68.947 236 0
69.052 448 0
69.052 80 0
69.052 842 0
69.157 38 0
69.157 75 0
69.263 598 0
69.263 705 0
69.368 290 0
69.368 39 0
69.473 503 0
69.473 18 0
69.684 126 0
69.684 631 0
69.789 454 0
69.894 880 0
69.894 587 0
69.999 872 0
70.105 146 0
70.105 570 0
70.21 600 0
70.315 64 0
70.315 12 0
70.421 726 0
70.526 217 0
70.578 610 0
70.631 620 0
70.684 784 0
70.736 174 0
70.736 382 0
70.736 373 0
70.842 218 0
70.842 782 0
70.947 628 0
70.947 781 0
71.052 625 0
71.052 158 0
71.157 853 0
71.157 167 0
71.263 397 0
71.263 859 0
71.368 894 0
71.368 264 0
71.473 738 0
71.473 715 0
71.578 193 0
71.631 374 0
71.684 77 0
71.736 161 0
71.789 62 0
71.842 374 0
71.894 158 0
71.947 294 0
71.999 675 0
72.052 612 0
72.105 179 0
72.157 710 0
72.21 620 0
72.263 466 0
72.315 633 0
72.368 834 0
72.421 79 0
72.421 482 0
72.526 629 0
72.526 465 0
72.631 147 0
72.631 634 0
72.736 742 0
72.736 121 0
72.842 545 0
72.947 729 0
73.052 166 0
73.157 700 0
73.263 92 0
73.263 358 0
73.368 779 0
73.368 104 0
73.473 147 0
73.473 427 0
73.578 521 0
73.578 900 0
73.684 110 0
73.736 194 0
73.789 515 0
73.842 811 0
73.894 246 0
73.947 106 0
73.999 77 0
74.052 350 0
74.105 860 0.421
74.315 549 0.211
74.421 681 0.526
74.842 182 0.105
74.947 164 0.105
75.157 59 0.421
75.368 862 0.21
75.578 308 0.211
75.578 850 0.211
75.789 762 0
75.789 320 1.684
75.894 97 0
75.999 285 0
76.105 608 0
76.21 81 0
76.315 507 0
76.421 358 0
76.526 33 0
76.631 7 0
76.631 548 0
76.736 233 0
76.842 705 0
76.947 764 0
77.052 73 0
77.157 484 0
77.263 747 0
77.368 459 0
77.473 736 0
77.473 168 0
77.578 398 0
77.684 216 0
77.684 393 0.21
77.789 858 0
77.894 429 0
77.894 147 0.211
77.999 455 0
78.105 85 0
78.105 93 0.21
78.21 323 0
78.315 450 0
78.315 643 0
78.315 672 0.421
78.421 175 0
78.526 780 0
78.631 256 0
78.736 314 0
78.736 454 0
78.736 347 0.421
78.842 241 0
78.947 98 0
78.947 260 0
79.157 143 0
79.157 671 0
79.157 631 1.685
79.263 332 0
79.368 241 0
79.473 663 0
79.578 397 0
79.684 42 0
79.789 640 0
79.894 492 0
79.999 298 0
79.999 310 0
80.105 30 0
80.21 362 0
80.315 103 0
80.421 240 0
80.526 466 0
80.631 441 0
80.736 755 0
80.842 520 0
80.842 764 0
80.947 6 0
81.052 820 0
81.052 289 0.211
81.157 897 0
81.263 163 0
81.263 54 0.21
81.368 292 0
81.473 896 0
81.473 157 0.211
81.578 222 0
81.684 587 0
81.684 124 0.421
81.789 779 0
81.894 0 0
81.999 349 0
82.105 755 0
82.105 573 0.421
82.21 736 0
82.315 692 0
82.421 41 0
82.526 144 0
82.526 331 0.21
82.631 745 0
82.736 406 0
82.736 212 0.211
82.842 242 0
82.947 5 0
82.947 556 0.21
83.052 306 0
83.157 664 0
83.157 190 0.632
83.263 269 0
83.368 823 0
83.368 716 0
83.473 877 0
83.578 407 0
83.684 322 0
83.789 474 0
83.789 639 0.21
83.894 88 0
83.999 90 0
83.999 376 0.211
84.105 800 0
84.21 408 0
84.21 664 0
84.21 841 0.421
84.315 314 0
84.421 308 0
84.526 177 0
84.631 838 0
84.631 301 0.421
84.736 641 0
84.842 852 0
84.947 456 0
85.052 584 0
85.052 603 0
85.052 105 0.421
85.157 857 0
85.263 116 0
85.368 80 0
85.473 469 0
85.473 630 0
85.473 749 0.421
85.578 849 0
85.684 205 0
85.684 305 0.21
85.789 131 0
85.894 897 0
85.894 326 0.842
85.999 436 0
86.105 833 0
86.21 208 0
86.315 862 0
86.421 714 0
86.526 448 0
86.631 458 0
86.736 412 0
86.736 608 0
86.736 255 0.421
86.842 186 0
86.947 842 0
87.052 599 0
87.157 202 0
87.157 429 0.421
87.263 507 0
87.368 882 0
87.473 387 0
87.578 79 0
87.578 92 0
87.578 666 0.843
87.684 597 0
87.789 387 0
87.894 758 0
87.999 556 0
88.105 629 0
88.21 298 0
88.315 640 0
88.421 630 0
88.473 834 0
88.526 377 0
88.578 415 0
88.631 678 0
88.684 472 0
88.736 540 0
88.789 653 0
88.842 220 0
88.894 87 0
88.947 169 0
88.999 824 0
89.052 835 0
89.105 372 0
89.157 565 0
89.21 551 0
89.263 132 0.21
89.473 390 0.211
89.684 782 0
89.684 893 0
89.789 862 0
89.789 820 0
89.894 132 0
89.894 200 0
89.999 208 0
89.999 271 0
90.105 82 0
90.105 884 0.842
90.105 245 0.842
90.21 724 0
90.315 754 0
90.421 619 0
90.526 512 0
90.631 101 0
90.736 365 0
90.842 492 0
90.947 526 0
90.947 204 0
91.052 488 0
91.157 555 0
91.157 662 0.211
91.263 801 0
91.368 409 0
91.368 832 0.21
91.473 68 0
91.578 491 0
91.578 122 0.211
91.684 844 0
91.789 614 0
91.789 691 0.421
91.894 719 0
91.999 311 0
92.105 174 0
92.21 240 0
92.21 777 0
92.21 295 0.421
92.315 345 0
92.421 164 0
92.526 310 0
92.631 628 1.684
92.631 387 0
92.631 787 0
92.736 593 0
92.842 54 0
92.947 223 0
93.052 741 0
93.052 582 0
93.157 570 0
93.263 2 0
93.368 304 0
93.473 553 0
93.473 241 0
93.578 248 0
93.684 172 0
93.789 539 0
93.894 498 0
93.894 636 0
93.999 731 0
94.105 577 0
94.21 722 0
94.315 637 0
94.315 328 0
94.421 448 0
94.526 444 0
94.526 196 0
94.526 471 0.21
94.631 588 0
94.736 761 0
94.736 600 0.211
94.842 376 0
94.947 545 0
94.947 425 0.21
95.052 453 0
95.157 825 0
95.157 27 0.211
95.263 584 0
95.368 154 0
95.473 344 0
95.578 829 0
95.578 528 0.211
95.684 821 0
95.789 273 0
95.789 197 0
95.894 156 0
95.999 853 0
95.999 118 0
95.999 521 0.211
96.21 305 0
96.21 507 0.211
96.315 120 0
96.421 17 0
96.421 732 0.21
96.526 685 0
96.631 712 0
96.631 652 0.632
96.736 597 0
96.842 427 0
96.842 146 0
96.947 218 0
97.052 508 0
97.157 900 0
97.263 89 0
97.263 650 0.21
97.368 504 0
97.473 410 0
97.473 770 0.211
97.578 436 0
97.684 524 0
97.684 589 0.421
97.684 268 0
97.789 157 0
97.894 774 0
97.999 806 0
98.105 395 0
98.105 787 0.21
98.21 226 0
98.315 900 0
98.421 73 0
98.526 479 0
98.526 195 0
98.526 670 0.21
98.631 604 0
98.736 609 0
98.842 287 0
98.947 234 0
98.947 546 0.21
99.052 483 0
99.052 1 0
99.157 37 0
99.157 825 0.211
99.263 384 0
99.368 383 0
99.368 295 1.263
99.473 34 0
99.578 312 0
99.684 344 0
99.789 187 0
99.894 318 0
99.999 870 0
100.105 680 0
100.21 755 0
100.21 190 0
100.315 184 0
100.421 279 0
100.526 13 0
100.631 72 0
100.631 268 0.421
100.736 264 0
100.842 668 0
100.947 800 0
101.052 465 0
101.052 1 0.421
101.157 775 0
101.263 753 0
101.368 44 0
101.473 432 0
101.473 140 0.421
101.578 778 0
101.684 397 0
101.789 866 0
101.894 86 0
101.947 814 0
101.999 259 0
102.052 647 0
102.105 517 0
102.157 358 0
102.21 64 0
102.263 739 0
102.315 884 0
102.368 567 0
102.421 735 0
102.473 113 0
102.526 422 0
102.578 279 0
102.631 863 0
102.684 694 0
102.736 307 0
102.736 359 0
102.736 483 0
102.947 543 0
102.947 851 0
103.157 483 0
103.157 411 0
103.368 710 0
103.368 859 0
103.578 196 0
103.578 77 0
103.684 467 0
103.684 520 0
103.789 263 0
103.789 880 0
103.894 609 0
103.894 640 0
103.999 184 0
103.999 128 0
104.105 464 0
104.105 351 0
104.21 209 0
104.21 104 0
104.315 855 0
104.315 52 0
104.421 686 0
104.421 356 0
104.526 205 0
104.526 655 0
104.631 12 0
104.631 439 0
104.736 658 0
104.736 304 0
104.842 811 0
104.842 667 0
104.947 645 0
104.947 757 0
105.052 150 0
105.052 514 0
105.157 125 0
105.157 236 0
105.263 743 0
105.263 231 0
105.368 266 0
105.368 579 0
105.473 187 0
105.473 373 0
105.578 716 0
105.684 345 0
105.684 322 0
105.789 324 0
105.894 433 0
105.894 825 0
105.999 444 0
106.105 58 0
106.105 648 0
106.105 785 0
106.21 362 0
106.315 425 0
106.315 596 0
106.315 206 0
106.421 361 0
106.526 595 0
106.526 400 0
106.631 222 0
106.736 573 0
106.736 439 0
106.842 149 0
106.947 580 0
106.947 863 0
106.947 333 0
107.052 236 0
107.157 8 0
107.157 428 0
107.157 868 0
107.263 310 0
107.368 795 0
107.368 65 0
107.473 807 0
107.473 556 0
107.578 324 0
107.578 49 0
107.684 630 0
107.684 482 0
107.789 346 0.421
107.999 627 0.053
108.105 681 0.052
108.21 733 0
108.263 527 0
108.315 724 0
108.368 658 0
108.421 217 0
108.473 554 0
108.526 662 0
108.578 13 0
108.631 266 0
108.736 447 0
108.736 208 0
108.842 826 0
108.842 749 0
108.947 340 0
108.947 667 0
109.052 319 0
109.052 821 0
109.157 386 0
109.157 376 0
109.263 738 0
109.263 218 0
109.368 899 0
109.368 166 0
109.473 713 0
109.473 739 0
109.684 479 0
109.684 418 0
109.894 147 0
109.894 392 0
109.999 42 0
109.999 745 0
110.21 738 0
110.21 545 0
110.315 688 0
110.315 659 0
110.421 292 0
110.526 294 0
110.631 351 0
110.736 80 0
110.736 744 0
110.947 87 0
110.947 741 0
111.052 0 0
111.052 666 0
111.157 502 0
111.157 55 0
111.368 430 0
111.368 193 0
111.578 72 0
111.578 19 0
111.684 149 0
111.684 16 0
111.894 422 0
111.999 606 0
112.105 441 0
112.105 226 0
112.21 450 0
112.315 604 0
112.421 20 0
112.421 285 0
112.631 362 0
112.631 321 0
112.736 764 0
112.736 22 0
112.842 663 0
113.052 359 0
113.052 363 0
113.263 870 0
113.263 160 0
113.368 489 0
113.368 606 0
113.368 658 0
113.578 92 0
113.684 409 0
113.684 18 0
113.789 160 0
113.789 127 0
113.894 482 0
113.894 795 0
113.999 392 0
113.999 772 0
114.105 893 0.421
114.315 741 0
114.315 311 0
114.526 891 0
114.526 780 0
114.736 602 0
114.736 586 0
114.842 781 0
114.947 62 0
114.947 380 0
115.157 146 0
115.263 313 0
115.368 473 0
115.368 174 0
115.473 329 0
115.526 405 0
115.578 697 0
115.631 644 0
115.631 370 0
115.684 401 0
115.736 79 0
115.789 697 0
115.789 452 0
115.999 742 0
115.999 441 0
116.105 25 0
116.105 445 0
116.21 434 0
116.21 99 0
116.315 463 0
116.421 194 0
116.526 470 0
116.526 758 0
116.526 151 0
116.631 415 0
116.736 507 0
116.736 257 0
116.736 196 0
116.842 93 0
116.947 487 0
117.052 286 0
117.052 40 0
117.052 306 0
117.157 808 0
117.263 334 0
117.368 440 0
117.368 331 0
117.368 502 0
117.473 308 0
117.578 257 0
117.684 732 0
117.789 364 0
117.894 261 0
117.894 103 0
117.999 595 0
118.105 145 0
118.21 254 0
118.21 348 0
118.421 25 0
118.421 843 0
118.526 385 0
118.736 332 0
118.842 500 0
118.842 752 0
118.947 549 0
119.052 172 0
119.157 739 0
119.157 250 0
119.368 597 0
119.368 98 0
119.473 498 0
119.473 373 0
119.578 42 0
119.578 8 0
119.789 758 0
119.789 208 0
119.894 48 0
119.999 496 0
120.105 85 0
120.21 9 0
120.21 807 0
120.315 753 0
120.421 73 0
120.421 707 0
120.526 87 0
120.631 170 0
120.736 312 0
120.842 897 0
120.842 222 0
121.052 354 0
121.052 344 0
121.157 485 0
121.157 361 0
121.263 243 0
121.263 1 0
121.263 798 0
121.368 493 0
121.473 314 0
121.578 205 0
121.684 716 0
121.684 847 0
121.789 469 0
121.894 49 0
121.894 148 0
121.999 254 0
121.999 103 0
122.105 886 0
122.105 39 0
122.21 351 0
122.21 504 0
122.315 134 0
122.315 617 0
122.421 364 0
122.421 8 0
122.526 133 0
122.526 858 0
122.631 661 0
122.631 297 0
122.736 264 0
122.736 476 0
122.842 663 0
122.842 196 0
122.947 660 0.105
123.052 737 0.105
123.157 571 0.106
123.263 456 0.105
123.368 496 0
123.368 110 0.421
123.368 309 0.421
123.473 117 0
123.578 230 0
123.684 356 0
123.789 331 0.421
123.789 619 0
123.894 407 0
123.999 420 0
124.105 726 0
124.21 144 0.421
124.315 338 0
124.421 181 0
124.526 584 0
124.631 14 0
124.631 226 0.421
124.736 73 0
124.842 305 0
124.947 425 0
125.052 193 0
125.052 820 0.421
125.157 736 0
125.263 153 0
125.368 515 0
125.473 1 0
125.473 563 0.421
125.578 409 0
125.684 276 0
125.789 660 0
125.894 704 0
125.894 878 0.421
125.999 607 0
126.105 498 0
126.21 191 0
126.315 554 0
126.315 353 0.421
126.315 713 0
126.421 147 0
126.526 27 0
126.631 62 0
126.736 531 0
126.842 802 0
126.947 674 0
127.052 168 0
127.157 412 0
127.263 581 0
127.368 781 0
127.421 69 0
127.473 169 0
127.526 891 0
127.578 703 0
127.631 545 0
127.684 137 0
127.736 270 0
127.789 646 0
127.842 205 0
127.894 558 0
127.947 349 0
127.999 204 0
127.999 734 0
128.105 417 0
128.105 351 0
128.21 267 0
128.21 206 0
128.421 423 0
128.421 662 0
128.631 514 0
128.631 551 0
128.842 526 0
128.842 59 0
129.157 512 0
129.157 826 0
129.157 690 0
129.473 696 0
129.473 776 0
129.473 517 0
129.473 867 0
129.684 766 0
129.894 587 0
130.105 549 0
130.315 477 0
130.526 489 0
130.736 269 0
130.947 663 0
131.105 835 0
131.157 841 0
131.368 414 0
131.578 53 0
131.789 598 0
131.894 154 0
132.105 362 0
132.421 407 0
132.421 292 0
132.526 126 0
132.631 244 0
132.631 861 0
132.736 139 0
132.842 30 0
132.842 376 0
132.947 85 0
133.052 403 0
133.052 264 0
133.263 670 0
133.368 355 0
133.473 345 0
133.578 452 0
133.684 493 0
133.789 23 0
133.894 278 0
133.999 776 0
134.105 342 0
134.21 301 0
134.315 586 0
134.421 496 0
134.526 325 0
134.631 619 0
134.736 476 0
134.842 463 0
134.947 142 0
135.052 316 0
135.157 68 0
135.263 16 0
135.368 787 0
135.368 823 0
135.578 737 0
135.578 205 0
135.684 862 0
135.684 592 0
135.789 440 0
135.789 549 0
135.999 570 0
135.999 849 0
135.999 403 0
135.999 34 0
136.105 123 0
136.105 898 0
136.21 463 0
136.21 165 0
136.315 675 0
136.315 313 0
136.421 454 0.421
136.421 136 0.21
136.631 403 0
136.842 692 0
137.052 518 0
137.157 214 0
137.263 839 0
137.368 832 0
137.473 803 0
137.578 221 0
137.684 660 0
137.684 66 0
137.789 114 0
137.894 664 0
138.105 345 0
138.105 509 0
138.21 739 0
138.315 47 0
138.315 513 0
138.421 865 0
138.526 475 0
138.631 735 0
138.631 221 0
138.736 2 0
138.842 335 0
138.947 329 0
139.052 722 0
139.157 321 0
139.263 410 0
139.368 251 0
139.368 631 0
139.473 728 0
139.578 334 0
139.578 799 0
139.578 859 0
139.684 819 0
139.684 591 0
139.789 523 0
139.894 574 0
139.999 710 0
140.105 465 0
140.21 137 0
140.315 788 0
140.421 317 0
140.526 472 0
140.631 734 0
140.631 610 0
140.736 890 0
140.736 628 0
140.842 803 0
140.842 160 0
140.947 253 0
141.052 237 0
141.052 645 0
141.052 844 0
141.052 5 0
141.263 111 0
141.263 321 0
141.368 403 0
141.368 800 0
141.578 616 0
141.578 892 0
141.999 137 0
141.999 725 0
142.315 545 0
142.315 786 0
142.421 469 0
142.526 256 0
142.526 255 0
142.631 516 0
142.736 828 0
142.736 98 0
142.842 538 0
142.947 464 0
142.947 826 0
143.052 746 0
143.157 876 0
143.263 316 0
143.368 810 0
143.368 399 0
143.473 4 0
143.578 888 0
143.684 543 0
143.684 163 0
143.789 196 0
143.894 856 0
143.999 511 0
143.999 843 0
144.105 437 0
144.21 89 0
144.21 558 0
144.315 778 0
144.421 102 0
144.421 709 0
144.526 568 0
144.631 232 0
144.631 892 0
144.842 252 0
144.842 816 0
145.052 20 0
145.052 560 0
145.368 4 0
145.368 23 0
145.684 465 0
145.684 272 0
145.789 429 0
145.789 189 0
145.894 121 0
145.999 160 0
145.999 99 0
146.105 51 0
146.315 122 0
146.315 177 0
146.421 888 0
146.421 278 0
146.526 602 0
146.526 311 0
146.736 165 0
146.736 52 0
147.052 201 0
147.052 338 0
147.368 579 0
147.368 180 0
147.473 797 0
147.473 491 0
147.578 698 0
147.684 229 0
147.684 636 0
147.789 166 0
147.999 639 0
147.999 517 0
148.105 499 0
148.105 211 0
148.21 181 0
148.21 708 0
148.421 490 0
148.421 853 0
148.421 2 0
148.736 633 0
148.736 460 0
148.736 593 0
149.052 494 0
149.052 159 0
149.157 575 0
149.157 519 0
149.263 823 0
149.263 579 0
149.368 821 0
149.368 579 0
149.473 215 0
149.473 537 0
149.578 644 0
149.578 622 0
149.684 422 0
149.684 620 0
149.789 781 0
149.789 8 0
149.894 159 0
149.894 239 0
149.894 823 0
150.105 335 0.105
150.21 423 0
150.21 264 0
150.21 672 0
150.421 622 0.105
150.526 700 0
150.526 186 0
150.526 767 0
150.736 777 0.106
150.736 759 0
150.736 205 0
150.736 252 0
150.947 517 0.105
151.052 855 0
151.052 451 0
151.052 638 0
151.263 647 0
151.263 276 0.105
151.368 177 0
151.368 388 0
151.473 559 0
151.473 84 0
151.578 579 0.106
151.578 350 0
151.789 638 0.105
151.789 339 0
151.894 231 0
151.894 186 0
152.105 249 0
152.105 356 0
152.105 218 0
152.21 508 0
152.315 648 0
152.421 242 0
152.473 171 0
152.526 596 0
152.578 353 0
152.631 665 0.105
152.631 764 0
152.631 791 0
152.947 758 0.105
152.947 124 0
152.947 444 0
153.263 645 0.105
153.263 824 0
153.263 8 0
153.473 899 0
153.473 5 0
153.578 516 0
153.684 171 0
153.684 889 0
153.789 66 0
153.894 283 0
153.894 872 0
153.999 897 0
153.999 831 0
154.105 673 0
154.105 93 0
154.21 421 0
154.315 397 0
154.315 585 0
154.315 404 0
154.421 213 0
154.526 782 0
154.526 334 0
154.631 421 0
154.736 706 0
154.842 767 0
154.947 430 0.105
154.947 475 0
154.947 370 0
155.263 862 0.105
155.263 658 0
155.263 856 0
155.578 447 0
155.684 398 0
155.789 854 0
155.789 389 0
155.789 846 0
155.999 593 0.211
155.999 560 0
155.999 485 0
155.999 10 0
156.315 563 0.211
156.315 573 0
156.315 568 0
156.315 61 0
156.631 880 0
156.631 612 0
156.631 50 0
156.631 370 0
156.736 125 0
156.736 363 0
156.842 577 0
156.842 258 0
156.947 808 0
157.052 652 0
157.052 842 0
157.157 154 0
157.263 177 0
157.263 266 0
157.368 467 0
157.473 545 0
157.473 37 0
157.578 86 0
157.684 140 0
157.684 316 0
157.789 217 0
157.894 499 0
157.894 111 0
157.999 845 0
158.105 362 0
158.105 545 0
158.21 138 0
158.315 415 0
158.315 306 0
158.421 49 0
158.526 158 0
158.526 853 0
158.631 382 0
158.736 65 0
158.736 767 0
158.842 551 0
158.947 408 0
158.947 73 0
159.052 647 0
159.157 435 0
159.157 29 0
159.263 839 0
159.368 13 0
159.368 50 0
159.368 676 0
159.473 870 0
159.473 46 0
159.578 80 0
159.578 139 0
159.684 519 0
159.684 130 0
159.789 96 0
159.789 424 0
159.894 753 0
159.999 378 0
160.052 455 0
160.105 14 0
160.157 452 0
160.21 404 0
160.263 39 0
160.315 686 0
160.368 548 0
160.421 21 0
160.473 725 0
160.526 630 0
160.578 190 0
160.631 28 0
160.684 430 0
160.736 792 0
160.789 754 0
160.842 249 0
160.842 442 0
160.947 296 0
160.947 362 0
161.105 394 0
161.105 376 0
161.263 724 0
161.263 536 0
161.368 731 0
161.368 851 0
161.526 29 0
161.526 321 0
161.684 419 0
161.684 854 0
161.684 609 0
161.684 426 0
161.894 686 0
161.947 533 0
161.999 264 0.211
162.105 82 0.105
162.21 870 0.316
162.315 79 0.106
162.421 274 0
162.421 617 0.105
162.631 712 0
162.631 96 0
162.736 727 0
162.736 490 0
162.947 165 0
162.947 163 0
163.052 790 0
163.052 42 0
163.157 633 0
163.368 283 0
163.368 133 0
163.578 12 0
163.578 341 0
163.789 416 0.105
163.789 490 0
163.789 605 0
163.789 598 0
163.999 364 0.106
163.999 756 0
163.999 888 0
163.999 649 0
164.21 491 0.105
164.21 143 0
164.21 145 0
164.315 501 0.106
164.421 875 0.105
164.421 654 0
164.421 142 0
164.526 510 0.105
164.631 344 0.105
164.631 63 0
164.631 881 0
164.842 460 0
164.842 475 0
164.947 375 0
164.947 73 0
165.052 251 0.105
165.052 430 0.105
165.052 869 0
165.052 686 0
165.263 525 0.105
165.263 898 0
165.263 154 0
165.473 620 0
165.473 342 0
165.473 354 0.105
165.473 780 0
165.684 327 0.105
165.684 15 0
165.684 265 0
165.894 853 0.105
165.894 458 0
165.999 166 0.106
165.999 582 0
166.105 560 0.105
166.21 458 0
166.315 175 0
166.526 888 0
166.526 539 0
166.631 734 0
166.631 155 0
166.736 91 0.106
166.736 54 0
166.736 542 0
166.947 307 0
166.947 267 0
167.157 691 0.106
167.157 317 0
167.157 768 0
167.157 171 0
167.368 98 0
167.368 414 0
167.368 331 0.105
167.578 878 0.106
167.578 71 0
167.684 381 0.105
167.789 167 0
167.789 877 0.105
167.894 672 0.105
167.999 877 0.106
167.999 429 0
168.21 221 0
168.21 340 0
168.315 797 0
168.315 455 0
168.421 863 0.105
168.421 126 0
168.421 802 0
168.631 484 0
168.631 736 0.105
168.842 241 0.105
168.842 254 0
168.842 216 0
169.052 91 0
169.052 31 0
169.052 168 0.105
169.263 885 0.105
169.368 79 0
169.368 777 0.105
169.473 358 0
169.473 527 0.105
169.578 107 0
169.578 623 0.106
169.684 274 0.105
169.789 291 0
169.789 593 0.105
169.894 682 0
169.894 635 0.105
169.999 484 0
169.999 428 0.106
170.105 82 0
170.315 444 0.106
170.315 681 0
170.315 761 0
170.631 1 0
170.631 202 0.105
170.631 341 0
170.947 97 0
170.947 24 0
171.052 67 0
171.052 51 0
171.157 549 0
171.157 896 0
171.263 557 0
171.263 838 0
171.368 622 0
171.368 164 0
171.578 152 0
171.578 807 0
171.684 120 0
171.684 50 0
171.789 417 0
171.789 850 0
171.894 792 0
171.999 468 0.106
171.999 279 0
171.999 123 0
172.21 22 0
172.315 280 0.106
172.315 64 0
172.315 705 0
172.526 11 0
172.631 263 0
172.736 93 0
172.736 91 0
172.842 848 0
172.842 237 0
172.947 598 0
172.947 233 0
173.052 344 0.316
173.052 443 0
173.157 523 0
173.157 608 0
173.263 572 0
173.263 780 0
173.368 826 0
173.368 195 0
173.473 802 0
173.473 424 0
173.578 82 0
173.684 120 0.105
173.684 482 0
173.684 764 0
173.894 310 0
173.999 552 0.106
173.999 111 0
173.999 798 0
174.21 593 0
174.315 638 0.106
174.315 29 0
174.315 688 0
174.421 892 0.105
174.421 517 0.105
174.526 674 0.105
174.631 493 0.105
174.631 581 0.105
174.736 564 0.421
174.736 512 0.421
174.842 13 0
174.842 159 0
174.947 135 0
174.947 368 0
175.052 720 0
175.052 535 0
175.157 882 0
175.157 246 0
175.263 18 0
175.263 596 0
175.368 484 0
175.368 307 0
175.473 841 0
175.473 114 0
175.578 619 0
175.684 157 0
175.789 15 0
175.894 123 0
175.947 176 0
175.999 754 0
175.999 622 0
176.157 828 0
176.21 77 0
176.21 115 0
176.368 51 0
176.421 388 0
176.473 657 0
176.526 540 0
176.578 779 0
176.631 254 0
176.684 486 0
176.736 166 0
176.789 795 0
176.842 442 0.105
176.842 303 0
176.842 842 0
177.052 185 0
177.052 397 0
177.052 6 0.105
177.263 759 0
177.263 778 0
177.263 766 0.105
177.473 605 0
177.473 642 0
177.473 146 0.105
177.684 236 0
177.684 233 0
177.684 334 0.105
177.894 579 0.105
177.894 318 0
177.894 754 0
178.105 507 0
178.105 56 0.105
178.105 577 0
178.315 93 0
178.315 836 0
178.315 39 0.106
178.421 779 0
178.421 845 0
178.526 159 0.105
178.526 535 0
178.526 159 0
178.736 135 0
178.736 550 0
178.736 656 0.106
178.947 159 0
178.947 305 0
178.947 718 0.105
179.157 239 0
179.157 576 0
179.157 772 0.106
179.368 816 0
179.368 879 0
179.368 203 0.105
179.578 684 0
179.578 368 0
179.789 693 0
179.789 391 0
179.789 438 0.105
179.999 25 0
179.999 243 0
179.999 50 0.106
180.105 674 0
180.105 587 0
180.21 850 0.105
180.21 381 0
180.21 513 0
180.421 470 0
180.421 59 0
180.631 789 0.105
180.631 646 0
180.631 728 0
180.842 439 0
180.842 516 0
180.842 705 0
180.842 838 0.105
181.052 268 0
181.052 361 0
181.052 158 0.105
181.263 873 0
181.263 745 0
181.263 362 0.105
181.473 13 0
181.473 567 0
181.473 355 0.105
181.684 485 0
181.684 62 0
181.684 874 0.105
181.789 824 0
181.894 840 0
181.894 446 0
181.894 199 0.105
182.105 365 0
182.105 811 0.105
182.105 80 0
182.315 16 0
182.315 348 0
182.315 82 0.106
182.526 49 0
182.526 168 0
182.526 143 0.105
182.736 389 0
182.736 493 0
182.736 586 0
182.842 498 0
182.842 21 0
182.947 59 0
182.947 519 0
183.052 736 0
183.052 418 0
183.105 340 0
183.157 1 0
183.157 482 0
183.263 859 0
183.315 39 0
183.368 528 0
183.368 85 0
183.473 802 0
183.473 59 0
183.578 621 0.106
183.578 682 0
183.578 672 0
183.789 62 0
183.789 891 0
183.789 491 0.105
183.999 899 0.106
183.999 218 0
183.999 308 0
184.21 900 0
184.21 748 0
184.21 567 0.105
184.421 583 0.105
184.421 102 0
184.421 45 0
184.631 433 0.105
184.631 488 0
184.631 643 0
184.842 394 0.105
184.842 289 0
184.842 285 0
185.052 465 0.105
185.052 290 0
185.052 376 0
185.157 54 0.106
185.263 25 0.105
185.263 383 0
185.263 575 0
185.473 10 0.105
185.473 644 0
185.473 729 0
185.684 561 0.105
185.684 118 0
185.684 676 0
185.894 273 0
185.894 21 0
185.894 312 0.105
186.105 71 0
186.105 224 0
186.105 392 0.105
186.315 725 0.106
186.315 19 0
186.315 431 0
186.315 110 0.106
186.526 177 0
186.526 62 0.105
186.736 521 0
186.736 843 0.106
186.842 688 0.105
186.947 652 0
186.947 773 0.105
187.105 113 0
187.21 575 0
187.315 69 0
187.368 149 0
187.368 2 0
187.368 544 0
187.473 530 0
187.578 158 0
187.631 250 0
187.684 295 0
187.789 255 0
187.789 559 0
187.789 393 0
187.894 739 0
187.894 91 0
187.999 88 0
188.105 502 0
188.21 624 0
188.21 44 0
188.263 194 0
188.368 179 0
188.421 316 0
188.526 232 0
188.631 643 0
188.631 35 0
188.631 153 0
188.736 320 0
188.842 55 0
188.947 876 0
189.052 355 0
189.052 449 0
189.157 489 0
189.263 305 0
189.263 216 0
189.368 78 0
189.473 880 0
189.473 891 0
189.578 852 0
189.684 463 0
189.684 498 0
189.684 517 0
189.789 884 0
189.894 713 0
189.894 336 0
189.894 97 0
189.999 730 0
190.105 848 0
190.105 18 0
190.21 17 0
190.315 892 0
190.315 673 0
190.526 824 0.105
190.526 744 0
190.526 763 0
190.736 16 0.106
190.736 98 0.106
190.736 461 0
190.947 745 0.105
190.947 777 0
191.157 503 0.106
191.157 866 0.106
191.157 869 0
191.368 474 0.105
191.368 202 0
191.368 676 0
191.578 369 0
191.578 274 0
191.578 687 0.106
191.789 385 0
191.789 648 0
191.894 212 0
191.894 643 0
191.999 341 0.106
191.999 691 0
191.999 655 0
192.21 391 0
192.21 118 0.105
192.21 859 0.105
192.421 805 0
192.421 521 0.105
192.421 270 0.105
192.631 544 0
192.631 42 0.105
192.631 549 0.105
192.842 707 0
192.842 59 0
192.842 128 0.105
192.947 569 0
192.947 277 0
193.052 468 0
193.052 60 0
193.157 430 0
193.157 444 0
193.21 864 0
193.21 748 0
193.263 310 0
193.263 632 0
193.315 109 0
193.315 549 0
193.368 432 0
193.368 795 0
193.473 212 0
193.473 379 0
193.578 132 0
193.578 157 0
193.684 302 0
193.684 87 0
193.789 696 0
193.894 801 0
193.999 869 0
194.105 888 0.105
194.105 308 0
194.105 260 0
194.315 312 0
194.421 724 0
194.526 212 0
194.526 615 0
194.526 113 0.105
194.736 283 0
194.842 482 0
194.947 331 0.105
194.947 400 0
194.947 474 0
195.157 757 0
195.263 433 0
195.368 339 0
195.368 406 0.105
195.368 50 0
195.578 105 0
195.684 124 0
195.789 219 0
195.789 206 0
195.789 696 0.105
195.999 811 0
196.105 452 0
196.21 858 0
196.21 395 0.105
196.421 601 0
196.526 135 0
196.631 34 0
196.631 751 0.105
196.842 115 0
196.947 273 0
197.052 840 0.105
197.052 699 0
197.052 396 0
197.052 438 0
197.263 611 0.105
197.263 163 0
197.263 419 0
197.473 774 0.105
197.473 261 0
197.473 276 0
197.684 749 0.105
197.684 202 0
197.684 888 0
197.894 415 0
197.894 109 0
197.894 137 0
198.105 755 0
198.105 633 0
198.315 581 0
198.315 615 0
198.315 881 0
198.526 56 0
198.526 121 0
198.631 301 0
198.631 287 0
198.736 720 0
198.736 279 0
198.947 763 0
198.947 128 0
198.947 297 0
199.157 314 0.106
199.157 783 0
199.157 886 0
199.368 778 0.105
199.368 331 0
199.368 515 0
199.578 889 0
199.578 435 0.106
199.842 457 0
199.842 544 0
199.894 41 0
199.894 698 0
199.947 326 0
199.947 164 0
199.999 280 0
199.999 567 0
200.052 332 0
200.052 12 0
200.105 330 0
200.105 156 0
200.157 331 0
200.157 242 0
200.21 413 0
200.21 539 0
200.315 55 0
200.315 734 0
200.421 676 0
200.421 219 0
200.526 866 0
200.526 527 0
200.631 789 0
200.736 753 0
200.842 216 0
200.842 544 0
200.842 486 0
200.947 66 0
201.052 518 0
201.052 723 0
201.157 803 0
201.263 136 0
201.263 721 0
201.263 812 0
201.368 890 0
201.473 669 0
201.473 579 0
201.578 852 0
201.684 217 0
201.684 554 0
201.684 237 0
201.789 779 0
201.894 279 0
201.894 611 0
201.894 296 0
201.999 855 0
202.105 632 0
202.105 13 0
202.105 118 0
202.21 226 0
202.315 834 0
202.421 710 0
202.526 459 0
202.631 778 0
202.736 696 0
202.842 165 0
202.947 684 0
203.052 324 0
203.157 204 0
203.263 372 0
203.368 112 0
203.473 150 0
203.578 12 0
203.684 609 0
203.789 293 0.421
203.789 182 0
203.789 752 0.421
203.789 228 0
204.21 7 0
204.315 277 0
204.421 768 0
204.421 487 0
204.631 592 0
204.684 379 0
204.736 856 0
204.789 149 0
204.842 510 0
204.894 309 0
204.947 485 0
204.999 15 0
205.052 499 0
205.105 88 0
205.157 492 0
205.21 625 0
205.263 536 0
205.315 706 0
205.368 737 0
205.421 348 0
205.473 348 0
205.526 87 0
205.578 736 0
205.631 205 0
205.684 565 0
205.736 311 0
205.789 194 0
205.842 842 0
205.894 407 0
205.947 791 0
205.999 48 0
206.052 259 0
206.105 452 0
206.157 682 0
206.21 228 0
206.263 604 0
206.315 295 0.316
206.526 554 0.105
206.631 625 0.316
206.842 355 0.105
206.947 417 0.21
207.052 858 0.105
207.157 705 0.106
207.157 62 0
207.368 59 0.105
207.368 172 0
207.368 808 0
207.578 373 0.106
207.578 714 0
207.578 594 0
207.789 195 0.105
207.789 665 0
207.789 257 0
207.999 213 0.106
207.999 156 0
208.21 348 0.105
208.21 823 0
208.21 746 0
208.421 521 0
208.421 594 0
208.421 747 0.105
208.631 721 0
208.631 623 0
208.631 516 0.105
208.842 581 0
208.842 53 0
208.947 47 0
208.947 318 0
209.052 623 0
209.052 820 0
209.157 381 0
209.157 275 0
209.263 344 0
209.263 584 0
209.473 401 0
209.473 803 0
209.684 27 0
209.684 340 0
209.789 47 0
209.789 820 0
209.894 439 0
209.894 451 0
209.999 130 0
209.999 423 0
210.105 334 0
210.105 116 0
210.315 576 0
210.315 397 0
210.526 498 0.105
210.526 353 0
210.526 397 0
210.736 614 0.106
210.736 570 0
210.736 415 0
210.947 755 0.105
210.947 505 0
210.947 678 0
211.157 422 0.106
211.157 460 0
211.368 274 0.105
211.368 83 0
211.578 234 0.106
211.578 523 0
211.578 90 0
211.789 363 0.105
211.789 556 0
211.999 428 0.106
211.999 167 0
211.999 532 0
212.21 267 0
212.21 142 0
212.315 524 0
212.315 818 0
212.421 524 0
212.421 251 0
212.526 651 0
212.526 365 0
212.631 702 0
212.736 286 0
212.736 135 0
212.842 579 0
212.947 468 0
212.947 370 0
213.052 665 0
213.052 139 0
213.157 714 0
213.157 633 0
213.263 423 0
213.263 501 0
213.368 700 0
213.368 263 0
213.473 696 0
213.473 787 0
213.578 556 0
213.578 54 0
213.684 259 0
213.684 145 0
213.789 109 0
213.894 217 0
213.947 216 0
213.999 72 0
214.052 441 0
214.105 548 0.21
214.105 230 0.21
214.315 538 0.316
214.421 710 0.21
214.736 227 0.053
214.736 393 0.053
214.842 810 0.052
214.842 452 0.052
214.947 403 0
214.947 191 0
215.052 29 0
215.052 609 0
215.157 355 0.369
215.263 443 0.263
215.368 558 0.158
215.473 777 0.053
215.578 207 0
215.631 850 0
215.684 685 0
215.736 499 0
215.789 204 0
215.842 719 0
215.999 487 0.106
216.105 750 0
216.105 711 0
216.105 882 0
216.315 417 0.106
216.421 337 0
216.421 449 0
216.421 853 0
216.631 5 0.105
216.736 856 0
216.736 105 0
216.736 531 0
217.052 254 0
217.052 754 0
217.157 177 0
217.157 260 0
217.263 228 0
217.315 168 0
217.368 79 0
217.421 502 0
217.473 313 0
217.684 166 0.105
217.789 201 0
217.789 157 0
217.789 669 0
217.999 226 0.106
218.105 229 0
218.105 238 0
218.105 607 0
218.315 101 0.106
218.421 561 0
218.421 570 0
218.421 687 0
218.631 493 0.105
218.736 800 0
218.736 304 0
218.736 365 0
218.947 56 0
218.999 862 0
219.052 404 0
219.105 598 0
219.157 675 0
219.263 606 0
219.315 23 0
219.368 363 0
219.421 420 0
219.526 262 0
219.578 549 0
219.631 109 0
219.684 484 0
219.789 871 0
219.789 668 0
219.894 659 0
219.894 524 0
219.999 71 0
219.999 789 0
220.105 555 0
220.105 798 0
220.21 213 0
220.21 345 0
220.631 140 0
220.631 240 0
220.631 519 0
220.631 643 0
220.736 54 0.106
220.842 540 0
220.842 374 0
221.052 724 0.105
221.052 814 0
221.052 667 0
221.263 594 0
221.263 327 0
221.368 505 0
221.473 628 0
221.473 809 0
221.473 439 0
221.578 507 0.106
221.684 853 0
221.789 286 0.105
221.894 472 0
221.894 797 0
221.999 876 0.106
222.105 79 0
222.105 769 0
222.21 566 0.105
222.315 229 0
222.315 457 0
222.421 842 0
222.526 899 0
222.526 265 0
222.526 844 0
222.736 676 0.106
222.736 667 0
222.736 335 0
222.947 241 0
222.947 579 0
222.947 414 0
223.052 728 0.105
223.157 258 0
223.157 88 0
223.263 204 0.105
223.368 840 0
223.473 337 0.105
223.578 11 0
223.578 501 0
223.684 281 0.105
223.789 413 0
223.789 16 0
223.894 98 0.105
223.999 148 0
223.999 676 0
224.105 62 0.105
224.21 765 0
224.21 497 0
224.315 884 0.106
224.421 414 0
224.421 279 0
224.526 321 0.105
224.631 513 0
224.631 217 0
224.736 435 0.106
224.842 93 0
224.842 892 0
224.947 116 0.105
225.052 604 0
225.157 496 0.106
225.263 124 0
225.263 296 0
225.368 586 0.105
225.473 745 0
225.473 580 0
225.578 417 0.106
225.684 201 0
225.684 505 0
225.789 642 0.105
225.894 211 0
225.894 847 0
225.999 870 0.106
226.105 637 0
226.105 484 0
226.21 834 0.105
226.315 653 0
226.315 790 0
226.421 12 0.105
226.526 600 0
226.526 780 0
226.631 427 0.105
226.736 847 0
226.842 539 0.105
226.947 280 0
226.947 848 0
227.052 632 0.105
227.157 792 0
227.157 372 0
227.263 476 0.105
227.368 859 0
227.368 177 0
227.473 125 0.105
227.578 892 0
227.578 568 0
227.684 487 0.105
227.789 524 0
227.789 102 0
227.894 785 0.105
227.999 552 0
227.999 146 0
228.105 167 0.105
228.21 288 0
228.21 387 0
228.315 562 0.106
228.421 399 0
228.526 775 0.105
228.631 11 0
228.631 243 0
228.736 758 0.106
228.842 603 0
228.842 14 0
228.947 342 0.105
229.052 736 0
229.052 43 0
229.157 375 0.106
229.263 306 0
229.263 331 0
229.368 832 0.105
229.473 694 0
229.473 28 0
229.578 44 0.106
229.684 99 0
229.684 513 0
229.789 542 0.105
229.894 531 0
229.894 428 0
229.999 541 0.106
230.105 314 0
230.21 217 0.105
230.315 568 0
230.315 149 0
230.421 172 0.105
230.526 599 0
230.526 178 0
230.631 0 0.105
230.736 230 0
230.736 276 0
230.789 733 0
230.842 43 0
230.894 406 0
230.947 40 0
230.999 686 0
231.052 473 0
231.105 893 0
231.157 639 0
231.21 171 0
231.263 261 0
231.315 8 0
231.368 537 0
231.421 621 0
231.473 367 0
231.526 147 0
231.578 715 0
231.631 859 0
231.684 503 0
231.736 698 0
231.789 796 0
231.842 17 0
231.894 438 0
231.947 184 0
231.999 129 0
232.052 560 0
232.105 97 0
232.157 423 0
232.21 707 0
232.263 620 0
232.315 448 0
232.368 105 0
232.421 11 0
232.526 711 0
232.631 886 0
232.842 391 0
233.052 427 0
233.21 630 0
233.263 767 0
233.473 486 0
233.578 99 0
233.631 831 0
233.789 550 0
233.894 605 0
233.947 18 0
233.999 634 0
234.052 454 0
234.105 712 0
234.105 282 0
234.105 619 0
234.21 121 0
234.315 497 0
234.315 71 0
234.315 851 0
234.421 173 0
234.526 19 0
234.526 377 0
234.526 701 0
234.631 760 0
234.736 497 0
234.736 748 0
234.736 590 0
234.842 585 0
234.947 782 0
234.947 872 0
234.947 290 0
235.052 201 0
235.157 262 0
235.157 806 0
235.157 602 0
235.263 172 0
235.368 251 0
235.368 131 0
235.368 66 0
235.473 128 0
235.578 307 0
235.578 155 0
235.578 100 0
235.684 759 0
235.684 30 0
235.789 596 0
235.789 173 0
235.789 500 0
235.894 38 0
235.999 406 0
236.105 871 0
236.21 2 0
236.315 568 0
236.421 532 0
236.526 783 0
236.631 363 0
236.684 767 0
236.736 563 0
236.842 60 0
236.894 286 0
236.947 426 0
236.999 525 0
237.052 755 0
237.105 473 0
237.157 528 0
237.21 115 0
237.263 810 0
237.315 21 0
237.368 881 0
237.473 440 0
237.473 254 0
237.473 769 0
237.473 290 0
237.684 59 0.105
237.684 547 0
237.684 40 0.105
237.894 330 0
237.894 198 0.105
237.894 313 0.105
238.105 843 0
238.105 146 0.105
238.105 0 0.105
238.315 562 0.106
238.315 626 0
238.315 66 0.106
238.526 554 0.105
238.526 824 0.105
238.526 788 0
238.526 444 0.105
238.736 343 0
238.736 521 0.106
238.736 837 0.106
238.736 241 0.106
238.947 645 0
238.947 215 0
239.052 60 0
239.052 359 0
239.157 857 0.106
239.157 679 0.106
239.157 515 0
239.157 183 0
239.368 172 0
239.368 869 0
239.368 776 0.105
239.578 208 0
239.578 630 0
239.578 663 0.106
239.789 882 0
239.789 523 0
239.789 740 0.105
239.999 20 0
239.999 298 0
239.999 837 0.106
240.21 331 0
240.21 82 0
240.21 225 0.105
240.421 31 0
240.421 302 0
240.421 801 0.105
240.526 8 0.105
240.631 246 0
240.631 183 0
240.736 880 0
240.842 770 0
240.842 582 0
240.947 438 0
241.052 384 0
241.052 385 0
241.157 721 0
241.263 365 0
241.368 475 0
241.368 606 0
241.473 420 0
241.578 92 0
241.578 640 0
241.684 677 0
241.789 7 0
241.789 837 0
241.894 474 0
241.999 791 0
241.999 239 0
242.105 256 0
242.21 295 0
242.21 400 0
242.315 801 0
242.315 747 0
242.421 879 0
242.421 504 0
242.421 64 0
242.421 730 0
242.526 5 0
242.526 295 0
242.631 232 0
242.631 245 0
242.736 304 0
242.736 766 0
242.842 118 0
242.842 524 0
242.947 212 0
242.947 817 0
243.052 282 0
243.052 793 0
243.157 97 0
243.157 342 0
243.263 211 0
243.263 433 0
243.368 291 0
243.368 412 0
243.473 81 0
243.473 771 0
243.526 44 0
243.578 129 0
243.631 135 0
243.684 528 0
243.736 725 0
243.789 66 0
243.842 350 0
243.894 122 0
243.947 230 0
243.999 278 0
244.052 506 0
244.105 212 0
244.157 435 0
244.21 827 0
244.21 836 0
244.315 458 0.106
244.421 677 0
244.421 648 0
244.631 266 0.105
244.736 5 0
244.736 171 0
244.947 624 0.105
245.052 334 0
245.052 370 0
245.263 251 0.105
245.263 797 0.105
245.368 180 0
245.578 732 0
245.578 331 0.106
245.684 610 0
245.894 437 0
245.894 583 0
245.894 561 0
245.999 196 0
245.999 319 0
245.999 447 0
246.105 108 0
246.21 789 0
246.315 405 0
246.421 342 0
246.526 448 0
246.631 476 0
246.736 344 0
246.736 824 0
246.842 166 0
246.842 834 0
246.947 30 0
246.947 85 0
247.052 387 0
247.052 573 0
247.157 293 0
247.157 559 0
247.263 31 0
247.263 679 0
247.368 304 0
247.368 875 0
247.421 149 0
247.421 110 0
247.473 730 0
247.473 398 0
247.526 7 0
247.526 623 0
247.578 87 0
247.578 475 0.106
247.789 704 0
247.789 322 0
247.789 492 0.105
247.999 371 0
247.999 171 0.106
248.21 348 0
248.21 231 0
248.21 258 0.105
248.421 20 0
248.421 607 0.105
248.631 254 0
248.631 445 0
248.631 686 0.105
248.842 539 0
248.842 580 0.105
249.052 737 0
249.052 744 0
249.052 812 0.105
249.157 281 0.106
249.263 426 0
249.263 47 0
249.368 533 0
249.368 341 0
249.473 579 0
249.473 154 0
249.578 336 0
249.578 513 0
249.684 680 0
249.789 396 0
249.789 217 0
249.789 611 0
249.894 825 0
249.999 208 0
250.105 478 0.105
250.105 852 0
250.105 168 0
250.105 338 0
250.21 482 0
250.315 782 0
250.421 121 0.105
250.421 53 0
250.421 497 0
250.421 599 0
250.526 278 0
250.631 897 0
250.736 705 0.106
250.736 694 0
250.736 746 0
250.736 321 0
250.842 590 0
250.842 555 0
250.947 110 0
250.947 13 0
251.157 655 0
251.157 159 0
251.263 468 0
251.263 271 0
251.368 614 0
251.473 310 0
251.473 95 0
251.473 739 0
251.578 197 0
251.684 844 0
251.789 693 0
251.789 219 0
251.894 256 0
251.999 617 0
252.105 856 0
252.105 664 0
252.105 114 0
252.21 591 0
252.315 15 0
252.421 34 0
252.421 657 0
252.421 33 0
252.526 550 0
252.526 743 0
252.631 26 0.211
252.631 205 0.211
252.631 766 0
252.631 97 0
252.947 287 0.21
252.947 517 0.21
253.263 573 0.21
253.263 743 0.105
253.263 67 0.105
253.473 893 0.105
253.473 675 0.105
253.473 33 0.105
253.684 330 0
253.736 816 0
253.789 259 0
253.842 36 0
254.105 467 0.105
254.105 169 0.105
254.105 190 0.105
254.105 535 0.105
254.315 345 0
254.315 678 0.106
254.526 368 0
254.526 784 0
254.526 761 0.105
254.736 363 0
254.736 427 0.106
254.947 301 0
254.947 465 0
254.947 129 0.105
255.157 577 0
255.157 280 0.106
255.368 35 0
255.368 205 0
255.368 791 0.105
255.578 96 0
255.578 457 0.106
255.789 428 0
255.789 108 0
255.789 155 0.105
255.999 326 0
255.999 801 0.106
255.999 17 0
256.21 589 0.105
256.21 344 0
256.21 593 0
256.421 172 0.105
256.421 583 0
256.631 578 0.105
256.631 214 0
256.631 554 0
256.842 78 0.105
256.842 652 0
257.052 570 0.105
257.052 446 0
257.052 585 0
257.263 425 0.105
257.263 295 0
257.473 33 0.105
257.473 862 0
257.473 878 0
257.578 881 0.106
257.684 613 0
257.684 843 0
257.789 61 0
257.789 178 0
257.894 486 0
257.894 610 0
257.999 340 0
257.999 156 0
258.105 80 0
258.105 872 0
258.105 269 0
258.105 165 0
258.21 888 0
258.21 862 0
258.315 507 0
258.315 805 0
258.421 430 0
258.473 102 0
258.526 698 0
258.631 300 0
258.736 660 0
258.789 781 0
258.842 81 0
258.894 404 0
258.947 409 0
258.999 707 0
259.052 689 0
259.157 407 0
259.263 494 0
259.368 605 0
259.368 203 0
259.578 430 0
259.578 647 0
259.789 714 0
259.789 702 0
259.999 353 0
259.999 594 0
260.21 62 0
260.21 435 0
260.315 237 0
260.315 491 0
260.421 467 0
260.421 450 0
260.526 401 0
260.526 643 0
260.631 549 0
260.631 147 0
260.684 126 0
260.684 745 0
260.736 274 0
260.736 484 0
260.789 220 0
260.789 714 0
260.842 788 0
260.842 111 0
260.894 731 0
260.894 396 0
260.947 813 0
260.947 609 0
260.999 300 0
260.999 415 0
261.052 749 0
261.263 422 0
261.473 133 0
261.684 247 0
261.894 834 0
262.21 820 0
262.526 132 0
262.631 886 0
262.736 842 0
262.947 573 0
263.052 171 0
263.263 513 0
263.368 336 0
263.578 652 0
263.684 464 0
263.894 800 0
263.999 47 0
264.105 888 0
264.21 835 0
264.315 329 0
264.421 808 0
264.421 348 0
264.473 596 0
264.526 514 0
264.578 23 0
264.631 787 0
264.684 214 0
264.736 593 0
264.789 741 0
264.842 189 0
264.894 241 0
264.947 270 0
264.999 351 0
265.052 871 0
265.105 717 0
265.157 737 0
265.21 61 0
265.263 587 0
265.315 201 0
265.368 306 0
265.421 794 0
265.473 335 0
265.526 813 0
265.578 85 0
265.631 863 0
265.684 836 0
265.736 183 0
265.789 412 0
265.842 587 0
265.894 242 0
265.947 132 0
265.999 180 0
266.052 593 0
266.105 195 0.316
266.21 821 0.211
266.315 165 0.106
266.315 786 0.106
266.631 147 0
266.631 837 0
266.736 831 0
266.736 825 0
266.842 737 0
266.842 272 0
266.947 105 0
266.947 751 0
267.052 661 0
267.052 694 0
267.157 421 0
267.157 564 0
267.263 727 0
267.263 295 0
267.368 404 0
267.368 280 0
267.473 832 0
267.473 152 0
267.578 646 0
267.578 750 0
267.684 151 0
267.684 858 0
267.789 467 0
267.789 391 0
267.842 434 0
267.842 588 0
267.894 117 0
267.894 364 0
267.947 856 0
267.947 516 0
267.999 372 0
267.999 733 0
268.052 864 0
268.052 259 0
268.105 336 0
268.105 731 0
268.157 193 0
268.157 310 0
268.21 405 0
268.21 875 0
268.263 117 0
268.263 574 0
268.315 646 0
268.315 381 0
268.368 186 0
268.368 640 0
268.421 719 0
268.421 783 0
268.473 359 0
268.473 349 0
268.526 117 0
268.526 725 0
268.578 461 0
268.578 716 0
268.631 67 0
268.631 691 0
268.684 173 0
268.736 861 0
268.789 600 0
268.842 416 0
268.894 542 0
268.947 593 0
268.999 805 0
269.052 291 0
269.105 767 0
269.157 896 0
269.21 618 0
269.263 443 0
269.315 499 0
269.368 318 0
269.421 757 0
269.421 318 0
269.473 168 0
269.473 468 0
269.684 433 0
269.684 78 0
269.684 77 0
269.999 484 0
269.999 757 0
270.105 518 0
270.315 53 0
270.315 391 0
270.315 73 0
270.421 456 0
270.631 158 0
270.631 311 0
270.736 290 0
270.947 679 0
270.947 608 0
271.052 578 0
271.368 315 0
271.368 383 0
271.473 649 0
271.684 690 0
271.684 532 0
271.789 417 0
271.999 289 0
271.999 743 0
272.105 296 0
272.315 727 0
272.315 859 0
272.315 875 0
272.421 689 0
272.631 609 0
272.631 662 0
272.736 113 0
273.052 111 0
273.052 236 0
273.052 296 0
273.157 69 0
273.368 241 0
273.368 745 0
273.473 412 0
273.473 818 0
273.578 61 0
273.578 894 0
273.684 22 0
273.684 805 0
273.789 845 0
273.789 665 0
273.894 387 0
273.894 446 0
273.999 567 0
273.999 213 0
274.105 186 0
274.105 337 0
274.105 629 0
274.105 29 0
274.21 898 0
274.21 275 0
274.315 421 0
274.315 680 0
274.315 93 0
274.315 682 0
274.421 755 0
274.421 623 0
274.526 168 0
274.526 242 0
274.578 711 0
274.631 753 0
274.684 476 0
274.684 296 0
274.736 314 0
274.789 230 0
274.842 445 0
274.842 678 0
275.105 575 0
275.105 329 0
275.105 534 0
275.421 444 0
275.421 279 0
275.736 173 0
275.736 725 0
276.052 570 0
276.052 675 0
276.052 131 0
276.21 788 0
276.21 717 0
276.263 207 0
276.263 93 0
276.315 122 0
276.315 802 0
276.368 96 0
276.368 744 0
276.421 43 0
276.421 481 0
