0.471 899 0
0.471 868 0
0.471 708 0
0.65 140 0
0.83 210 0
1.009 372 0
1.189 239 0
1.189 515 0
1.369 398 0
1.548 55 0
1.728 627 0
1.908 167 0
1.908 756 0
2.087 471 0
2.267 223 0
2.267 212 0
2.626 339 0
2.626 754 0
2.985 565 0
3.165 737 0
3.345 226 0
3.345 267 0
3.524 716 0
3.704 344 0
3.884 541 0
4.063 582 0
4.063 25 0
4.243 161 0
4.423 515 0
4.602 150 0
4.782 580 0
4.782 69 0
4.962 498 0
5.141 657 0
5.141 141 0
5.5 384 0
5.5 625 0
5.5 849 0
5.86 703 0
6.039 611 0
6.219 735 0
6.219 509 0
6.219 298 0
6.399 394 0
6.578 756 0
6.578 277 0
6.758 37 0
6.938 477 0
6.938 52 0
6.938 40 0
7.117 745 0
7.297 536 0
7.297 878 0
7.476 337 0
7.656 253 0
7.656 424 0
7.656 24 0
7.836 512 0
8.015 45 0
8.015 361 0
8.195 547 0
8.375 796 0
8.375 169 0
8.375 422 0
8.554 828 0
8.734 35 0
8.734 800 0
8.914 311 0
9.093 462 0
9.093 412 0
9.093 563 0
9.273 140 0
9.453 769 0
9.453 839 0
9.632 668 0
9.812 248 0
9.812 821 0
9.812 333 0
9.991 618 0
10.171 289 0
10.171 540 0
10.351 500 0
10.53 132 0
10.53 815 0
10.53 120 0
10.89 728 0
11.249 688 0
11.608 442 0
11.608 797 0
11.698 212 0
11.698 381 0
11.788 893 0
11.788 718 0
11.878 648 0
11.968 53 0
11.968 595 0
11.968 267 0
12.147 831 0
12.327 244 0
12.327 135 0
12.327 720 0
12.506 81 0
12.686 376 0
12.686 763 0
12.746 788 0
12.806 307 0
12.866 474 0
12.926 879 0
12.985 40 0
13.045 402 0
13.045 836 0
13.225 479 0
13.405 27 0
13.405 389 0
13.465 316 0
13.524 684 0
13.584 585 0
13.644 158 0
13.704 255 0
13.764 616 0
13.764 365 0
13.944 356 0
14.123 526 0
14.123 27 0
14.303 356 0
14.482 96 0
14.482 157 0
14.482 616 0.18
14.662 899 0
14.662 713 0
14.842 520 0
14.842 552 0
14.932 479 0
15.021 813 0
15.111 900 0
15.201 578 0
15.201 817 0
15.201 322 0
15.291 548 0
15.381 686 0
15.47 472 0
15.56 69 0
15.56 272 0
15.65 886 0
15.74 888 0
15.83 771 0
15.92 426 0
15.92 425 0
15.92 889 0
16.009 610 0
16.099 462 0
16.189 564 0
16.279 119 0
16.279 627 0
16.369 730 0
16.459 275 0
16.459 514 0
16.548 677 0
16.638 653 0
16.638 239 0
16.728 639 0
16.818 778 0
16.818 642 0
16.908 179 0
16.997 463 0
16.997 590 0
17.057 843 0
17.117 191 0
17.177 84 0
17.237 425 0
17.297 522 0
17.357 606 0
17.357 446 0
17.536 227 0
17.536 846 0
17.626 428 0
17.716 129 0
17.716 126 0
17.716 377 0
17.896 126 0
18.075 142 0
18.075 406 0
18.075 629 0
18.255 682 0
18.435 184 0
18.435 693 0
18.494 809 0
18.554 493 0
18.614 720 0
18.674 872 0
18.734 104 0
18.794 4 0
18.794 288 0
18.973 469 0
19.153 265 0
19.153 106 0
19.213 844 0
19.273 100 0
19.333 771 0
19.393 341 0
19.453 408 0
19.512 34 0
19.512 589 0
19.692 235 0
19.872 705 0
19.872 480 0
20.051 384 0
20.231 478 0.18
20.231 32 0
20.231 452 0
20.411 126 0
20.411 660 0
20.59 215 0
20.59 418 0
20.68 617 0
20.77 627 0
20.86 322 0
20.95 890 0
20.95 283 0
20.95 341 0
21.039 343 0
21.129 647 0
21.219 80 0
21.309 474 0
21.309 298 0
21.399 495 0
21.488 456 0
21.578 197 0
21.668 398 0
21.668 260 0
21.668 631 0
21.758 159 0
21.848 847 0
21.938 202 0
22.027 286 0
22.027 59 0
22.117 12 0
22.207 140 0
22.207 267 0
22.297 716 0
22.387 711 0
22.387 143 0
22.476 752 0
22.566 266 0
22.566 0 0
22.656 487 0
22.746 627 0
22.746 737 0
22.836 743 0
22.836 377 0
22.926 854 0
22.926 763 0
23.015 151 0
23.015 556 0
23.105 242 0
23.105 386 0
23.195 827 0
23.195 36 0
23.285 225 0
23.285 124 0
23.375 867 0
23.375 45 0
23.465 299 0
23.465 766 0
23.644 256 0
23.824 373 0
23.824 777 0
24.003 357 0
24.183 516 0
24.183 783 0
24.363 244 0
24.542 371 0
24.542 483 0
24.722 753 0
24.902 427 0
24.902 133 0
25.081 78 0
25.261 553 0
25.261 373 0
25.441 351 0
25.62 27 0
25.62 181 0
25.8 603 0
25.979 53 0
25.979 171 0
26.159 296 0
26.159 263 0
26.339 299 0
26.339 468 0
26.518 114 0
26.608 821 0
26.698 621 0
26.698 879 0
26.878 426 0
27.057 785 0
27.057 298 0
27.237 279 0
27.417 167 0
27.417 189 0
27.596 615 0
27.776 736 0
27.776 13 0
27.956 130 0
28.045 126 0
28.135 405 0
28.135 269 0
28.315 485 0
28.494 246 0
28.494 870 0
28.674 364 0
28.854 316 0
28.854 369 0
29.033 882 0
29.213 77 0
29.213 792 0
29.213 772 0
29.393 75 0
29.572 551 0
29.572 101 0
29.752 187 0
29.932 107 0
29.932 734 0
30.111 318 0
30.291 841 0
30.291 757 0
30.47 349 0
30.65 298 0
30.65 416 0
30.83 210 0
31.009 333 0
31.009 123 0
31.189 852 0
31.369 462 0
31.369 149 0
31.548 230 0
31.728 547 0
31.728 215 0
31.908 526 0
31.908 845 0
32.087 383 0
32.087 508 0
32.267 69 0
32.357 80 0
32.447 155 0
32.447 367 0
32.626 889 0
32.806 561 0
32.806 794 0
32.985 139 0
33.165 242 0
33.165 687 0
33.345 532 0
33.524 536 0
33.524 368 0
33.704 815 0
33.884 229 0
33.884 418 0
34.063 30 0
34.243 396 0
34.243 829 0
34.333 184 0
34.423 216 0
34.423 489 0
34.512 248 0
34.602 206 0
34.602 754 0
34.692 234 0
34.782 69 0
34.782 277 0
34.872 309 0
34.962 217 0.359
34.962 114 0
34.962 265 0
35.321 487 0.09
35.321 310 0
35.5 155 0
35.5 851 0.09
35.68 831 0.359
35.68 396 0
36.039 212 0
36.039 364 0.18
36.219 352 0
36.219 536 0
36.399 236 0.359
36.399 65 0
36.578 195 0.18
36.758 26 0.359
36.758 703 0
36.938 161 0
36.938 471 0
37.117 427 0
37.117 366 0.359
37.297 764 0
37.476 885 0
37.656 650 0
37.656 124 0
37.836 658 0
37.836 741 0
37.836 405 0
38.015 473 0
38.195 331 0
38.195 320 0
38.375 501 0
38.554 386 0
38.554 47 0
38.734 542 0
38.914 244 0
38.914 467 0
39.093 533 0
39.273 566 0
39.273 357 0
39.453 58 0
39.632 731 0
39.632 278 0
39.812 776 0
39.991 825 0
39.991 318 0
40.081 485 0
40.171 150 0
40.171 26 0
40.261 526 0
40.351 345 0
40.351 157 0
40.441 808 0
40.53 827 0
40.53 719 0
40.62 271 0
40.71 729 0
40.71 450 0
40.71 751 0.359
41.069 101 0
41.069 640 0.09
41.249 709 0.09
41.249 894 0
41.429 763 0
41.429 313 0.179
41.788 680 0.18
41.788 493 0
41.968 404 0
41.968 176 0
42.147 368 0
42.147 289 0.359
42.327 275 0.179
42.506 663 0
42.506 654 0.36
42.686 95 0.18
42.686 177 0
42.866 560 0
42.866 482 0.359
43.045 511 0
43.135 190 0
43.225 497 0
43.405 45 0
43.405 5 0
43.584 498 0.36
43.584 813 0
43.584 139 0
43.764 804 0.18
43.944 34 0
43.944 546 0.359
44.123 825 0.18
44.303 95 0
44.303 458 0.359
44.482 742 0.18
44.662 808 0.359
44.662 284 0
44.842 624 0.179
45.021 726 0
45.021 436 0
45.201 622 0.18
45.381 378 0.179
45.381 571 0
45.56 531 0.18
45.74 604 0.18
45.74 868 0
45.92 63 0.179
46.099 628 0
46.099 617 0.18
46.279 790 0.18
46.279 228 0
46.459 4 0.359
46.459 183 0
46.818 342 0
46.818 98 0
46.997 713 0
46.997 347 0
47.177 835 0.359
47.177 680 0
47.536 425 0
47.536 446 0
47.716 9 0
47.716 414 0
47.896 142 0
47.896 697 0.359
48.075 857 0
48.255 522 0
48.435 80 0
48.494 511 0
48.554 617 0
48.614 67 0
48.614 415 0
48.794 812 0
48.973 423 0
48.973 855 0
49.333 262 0
49.333 830 0
49.333 822 0.269
49.512 275 0
49.512 512 0.27
49.692 119 0
49.692 141 0.27
49.692 167 0.09
49.872 496 0
50.051 337 0.27
50.051 437 0
50.231 108 0.269
50.231 852 0
50.411 485 0.089
50.411 82 0.269
50.411 627 0
50.59 731 0
50.77 550 0
50.77 888 0.09
50.86 242 0.09
50.95 423 0
50.95 598 0.089
51.039 173 0.18
51.129 359 0
51.129 776 0.09
51.219 383 0.09
51.309 132 0
51.309 258 0.179
51.399 827 0.089
51.488 90 0.27
51.488 354 0.09
51.668 769 0.18
51.848 168 0
51.848 21 0
51.848 441 0
52.027 10 0
52.027 169 0
52.207 142 0.269
52.207 373 0.09
52.387 439 0.089
52.387 811 0.269
52.566 403 0
52.566 718 0.09
52.566 65 0.27
52.746 578 0.269
52.746 384 0.09
52.926 347 0.269
52.926 165 0
53.015 242 0.18
53.105 443 0.09
53.285 386 0.269
53.285 883 0
53.285 275 0
53.465 346 0.089
53.644 13 0
53.644 875 0.27
53.734 684 0.18
53.824 817 0.09
54.003 203 0
54.003 756 0.27
54.003 464 0
54.093 289 0.18
54.183 753 0.09
54.363 311 0.359
54.363 218 0.359
54.542 200 0
54.542 281 0
54.722 808 0
54.722 601 0
54.902 773 0
54.902 113 0
54.991 870 0
55.081 187 0
55.081 40 0
55.081 226 0
55.171 647 0
55.261 819 0
55.261 312 0
55.351 417 0
55.441 106 0
55.441 456 0
55.441 536 0
55.62 460 0
55.8 139 0
55.8 8 0
55.89 86 0
55.979 716 0
55.979 850 0
56.069 88 0
56.159 345 0
56.159 330 0
56.159 327 0
56.339 650 0
56.518 557 0.27
56.518 535 0.09
56.698 5 0.09
56.698 386 0.27
56.878 10 0
56.878 59 0.09
56.878 157 0.269
57.057 525 0.36
57.057 228 0.09
57.237 513 0.18
57.237 842 0
57.417 273 0
57.596 9 0
57.596 557 0
57.596 49 0
57.776 827 0
57.776 651 0
57.956 52 0.119
57.956 52 0.239
58.135 299 0
58.195 869 0
58.255 353 0
58.315 437 0
58.315 285 0.179
58.315 869 0.179
58.494 461 0
58.674 649 0.24
58.674 412 0.12
58.854 642 0
58.914 550 0
58.973 811 0
59.033 110 0.18
59.033 700 0.18
59.033 635 0
59.213 119 0
59.393 491 0
59.393 181 0
59.393 146 0
59.572 222 0
59.572 392 0
59.752 118 0
59.752 358 0
59.752 305 0
59.932 579 0
59.932 652 0
60.111 703 0
60.111 332 0
60.201 716 0
60.201 100 0
60.291 340 0
60.291 385 0
60.381 316 0
60.381 718 0
60.47 789 0
60.47 39 0
60.56 511 0
60.56 305 0
60.65 743 0
60.65 631 0
60.74 620 0
60.74 791 0
60.83 766 0.269
60.83 33 0
61.009 774 0.27
61.009 664 0
61.189 371 0.09
61.189 843 0.27
61.189 499 0
61.369 104 0
61.548 466 0
61.548 476 0.27
61.728 452 0
61.728 578 0.269
61.908 886 0
61.908 787 0.269
61.908 111 0.089
62.087 755 0
62.267 680 0.09
62.267 516 0
62.357 627 0.09
62.447 685 0.089
62.447 445 0
62.536 272 0.18
62.626 516 0.09
62.626 302 0
62.716 632 0.09
62.806 833 0.179
62.806 880 0
62.896 253 0.089
62.985 860 0.09
62.985 694 0.27
63.165 206 0.18
63.345 725 0
63.345 708 0
63.345 37 0
63.524 268 0
63.524 11 0
63.704 518 0.09
63.704 515 0.269
63.884 540 0.269
63.884 706 0.089
64.063 150 0.27
64.063 784 0.09
64.063 671 0
64.243 584 0.09
64.243 574 0.269
64.423 563 0
64.423 210 0.269
64.512 484 0.18
64.602 798 0.09
64.782 890 0
64.782 730 0
64.782 408 0.269
64.962 139 0.089
65.141 19 0.27
65.141 726 0
65.231 66 0.18
65.321 276 0.09
65.5 738 0
65.5 479 0.27
65.5 5 0
65.59 893 0.18
65.68 825 0.09
65.86 407 0.359
65.86 538 0.359
66.039 597 0
66.039 622 0
66.219 807 0
66.219 821 0
66.399 222 0
66.399 58 0
66.488 133 0
66.578 411 0
66.578 207 0
66.578 769 0
66.668 899 0
66.758 803 0
66.758 156 0
66.848 779 0
66.938 161 0
66.938 794 0
66.938 123 0
67.117 732 0
67.297 34 0
67.297 325 0
67.387 12 0
67.476 778 0
67.476 704 0
67.566 592 0
67.656 152 0
67.656 737 0
67.656 239 0
67.836 866 0
67.836 618 0
68.015 305 0.09
68.015 732 0.27
68.195 256 0.27
68.195 58 0.09
68.375 890 0.269
68.375 874 0.09
68.375 303 0
68.554 148 0.09
68.554 396 0.36
68.734 853 0
68.734 729 0.18
68.914 447 0
69.093 420 0
69.093 535 0
69.093 160 0
69.273 469 0
69.273 292 0
69.453 220 0.119
69.453 315 0.239
69.632 467 0
69.692 827 0
69.752 822 0
69.812 475 0
69.812 650 0.179
69.812 535 0.179
69.991 897 0
70.171 183 0.24
70.171 381 0.12
70.351 854 0
70.411 191 0
70.47 680 0
70.53 423 0.18
70.53 425 0.18
70.53 60 0
70.71 602 0
70.89 765 0
70.89 450 0
70.89 594 0
71.069 720 0
71.069 433 0
71.249 403 0
71.249 490 0
71.249 522 0
71.429 254 0
71.429 408 0
71.608 97 0
71.608 332 0
71.698 125 0
71.698 176 0
71.788 453 0
71.788 824 0
71.878 761 0
71.878 322 0
71.968 604 0
71.968 669 0
72.057 113 0
72.057 875 0
72.147 494 0
72.147 47 0
72.237 591 0
72.237 55 0
72.327 790 0
72.327 474 0
72.327 92 0.539
72.686 575 0
72.866 2 0
72.866 198 0
73.045 149 0.539
73.045 84 0
73.405 344 0
73.584 363 0
73.584 73 0
73.764 351 0
73.764 145 0.539
74.123 747 0
74.303 547 0
74.303 528 0
74.482 507 0.36
74.482 394 0
74.842 648 0
75.021 263 0
75.021 274 0
75.201 859 0
75.201 195 0
75.261 74 0
75.321 819 0
75.381 250 0
75.441 331 0
75.5 79 0
75.56 586 0
75.62 61 0
75.68 550 0
75.74 69 0
75.74 455 0
75.92 290 0
75.92 108 0.359
76.279 746 0
76.459 887 0
76.459 580 0
76.638 723 0
76.638 887 0
76.698 213 0
76.758 462 0
76.818 424 0
76.878 161 0
76.938 307 0
76.997 52 0
77.057 760 0
77.117 64 0
77.177 216 0
77.177 288 0
77.357 287 0.359
77.357 513 0
77.716 218 0
77.896 500 0
77.896 357 0
78.075 478 0
78.075 58 0
78.075 623 0.539
78.435 565 0
78.614 56 0
78.614 828 0
78.794 535 0.539
78.794 359 0
79.153 339 0
79.333 900 0
79.333 455 0
79.512 170 0
79.512 604 0.539
79.872 418 0
80.051 648 0
80.051 99 0
80.231 240 0.539
80.231 489 0
80.59 155 0
80.77 858 0
80.77 723 0
80.95 861 0
80.95 822 0
81.009 314 0
81.069 291 0
81.129 753 0
81.189 872 0
81.249 247 0
81.309 715 0
81.369 612 0
81.429 426 0
81.488 390 0
81.488 644 0
81.668 522 0
81.668 396 0.359
81.668 242 0
82.027 608 0
82.207 856 0
82.207 388 0
82.387 850 0
82.387 870 0
82.447 388 0
82.506 577 0
82.566 775 0
82.626 480 0
82.686 78 0
82.746 570 0
82.806 877 0
82.866 542 0
82.926 559 0
82.926 550 0
83.105 720 0.36
83.105 108 0
83.105 216 0
83.285 126 0
83.465 751 0
83.644 644 0
83.824 700 0
83.824 805 0
83.824 185 0.359
84.003 487 0
84.183 303 0
84.183 22 0
84.363 159 0
84.542 551 0.18
84.542 367 0
84.722 5 0
84.902 427 0
84.902 515 0.179
84.902 79 0
85.081 699 0
85.261 467 0.359
85.261 311 0
85.441 200 0
85.62 323 0
85.62 696 0
85.8 482 0
85.89 82 0
85.979 182 0.09
85.979 372 0.18
85.979 597 0
86.069 547 0.18
86.159 23 0
86.159 326 0.18
86.249 871 0.18
86.339 235 0.179
86.339 605 0
86.429 837 0.179
86.518 635 0
86.518 314 0.18
86.608 751 0.09
86.698 276 0
86.698 107 0.539
86.878 542 0
87.057 358 0
87.057 485 0
87.237 521 0
87.417 505 0.179
87.417 128 0
87.596 817 0
87.776 773 0
87.776 78 0
87.776 298 0.18
87.956 284 0
88.135 218 0.539
88.135 561 0
88.315 894 0
88.494 744 0
88.494 253 0
88.674 587 0
88.764 258 0
88.854 543 0
88.854 51 0.179
88.854 104 0.09
88.944 11 0.179
89.033 638 0.18
89.033 800 0
89.123 536 0.18
89.213 774 0
89.213 493 0.18
89.303 36 0.179
89.393 634 0.179
89.393 641 0
89.482 716 0.09
89.572 460 0.539
89.572 877 0
89.752 399 0
89.932 874 0
89.932 579 0
90.111 481 0
90.291 880 0
90.291 744 0.179
90.47 781 0
90.65 196 0
90.65 295 0
90.65 115 0.18
90.83 800 0
91.009 662 0.18
91.009 398 0
91.189 434 0
91.369 191 0.179
91.369 775 0
91.369 180 0
91.548 467 0
91.728 143 0
91.728 556 0.18
91.728 406 0
91.908 178 0
92.087 296 0
92.087 469 0
92.087 863 0.18
92.267 434 0
92.267 737 0
92.447 201 0
92.447 27 0
92.536 306 0
92.626 748 0
92.626 820 0
92.716 625 0
92.806 27 0
92.806 494 0
92.896 304 0
92.985 245 0
92.985 91 0
93.075 824 0
93.165 755 0
93.165 267 0
93.255 616 0
93.345 881 0
93.345 286 0
93.435 813 0
93.524 380 0
93.524 339 0
93.614 316 0
93.704 680 0
93.704 222 0
93.794 113 0
93.884 254 0
93.884 649 0
93.973 550 0
94.063 771 0
94.063 834 0
94.153 236 0
94.243 502 0
94.243 772 0
94.333 204 0
94.423 884 0
94.423 325 0
94.512 106 0
94.602 671 0
94.602 512 0
94.692 122 0
94.692 291 0
94.782 213 0
94.782 667 0
94.872 440 0
94.872 30 0
94.962 224 0
94.962 704 0
95.051 282 0
95.051 162 0
95.141 266 0
95.141 542 0
95.231 125 0
95.231 747 0
95.321 101 1.437
95.321 755 0
95.5 347 0
95.68 10 0
95.68 663 0
95.86 127 0
96.039 644 0
96.039 100 0
96.219 691 0
96.399 673 0
96.399 648 0
96.578 744 0
96.668 168 0
96.758 882 0
96.758 897 1.437
96.938 23 0
97.117 776 0
97.117 689 0
97.297 817 0
97.476 319 0
97.476 755 0
97.656 551 0
97.836 449 0
97.836 720 0
98.015 125 0
98.015 809 0
98.195 376 1.437
98.195 266 0
98.375 620 0
98.554 344 0
98.554 113 0
98.734 112 0
98.914 294 0
98.914 65 0
99.093 329 0
99.273 672 0
99.273 478 0
99.453 755 0
99.542 94 0
99.632 41 0.719
99.632 148 0
99.812 817 0
99.991 256 0
99.991 268 0
100.171 765 0
100.351 505 0
100.351 876 0.718
100.53 688 0
100.53 778 0
100.71 343 0
100.71 41 0
100.89 371 0
100.979 579 0
101.069 798 0
101.069 846 0
101.249 530 0
101.429 277 0
101.429 446 0
101.429 815 0
101.608 481 0
101.788 83 0
101.788 522 0
101.968 179 0
102.147 323 0
102.147 483 0
102.147 851 0
102.327 25 0
102.506 581 0
102.506 756 0
102.686 610 0
102.866 483 0
102.866 764 0
102.866 157 0
103.045 805 0
103.225 43 0
103.225 615 0
103.405 461 0
103.584 90 0
103.584 377 0
103.584 501 0
103.764 99 0
103.764 212 0
103.944 808 0
103.944 261 0
104.123 853 0
104.213 851 0
104.303 530 0
104.303 56 0
104.303 528 0
104.482 551 0
104.662 193 0
104.662 83 0
104.842 75 0
105.021 331 0
105.021 850 0
105.021 289 0
105.201 261 0
105.381 122 0
105.381 756 0
105.56 221 0
105.65 562 0
105.74 810 0
105.74 567 0
105.74 631 0
105.92 206 0
106.099 486 0
106.099 311 0
106.279 867 0
106.459 608 0
106.459 466 0
106.459 656 0
106.638 861 0
106.818 603 0
106.818 229 0
106.997 106 0
107.177 571 0
107.177 642 0
107.177 462 0
107.357 599 0
107.536 621 0
107.536 298 0
107.716 767 0
107.896 88 0
107.896 504 0
107.896 293 0
108.075 760 0
108.255 890 0
108.255 413 0
108.435 118 0
108.614 514 0
108.614 810 0
108.614 878 0
108.794 729 0
108.973 394 0
108.973 321 0
109.153 752 0
109.333 552 0
109.333 324 0
109.333 81 0
109.512 721 0
109.512 81 0
109.692 269 0
109.692 480 0
109.872 611 0
109.962 218 0
110.051 847 0
110.051 683 0
110.051 124 0
110.231 343 0
110.411 141 0
110.411 834 0
110.59 376 0
110.68 790 0
110.77 203 0
110.77 650 0
110.77 168 0
110.95 286 0
111.129 151 0
111.129 251 0
111.309 389 0
111.488 358 0
111.488 864 0
111.488 805 0
111.668 863 0
111.848 353 0
111.848 801 0
111.938 62 0
112.027 392 0
112.027 440 0
112.117 464 0
112.207 207 0
112.207 758 0
112.297 586 0
112.387 621 0
112.387 618 0
112.476 40 0
112.476 257 0
112.566 375 0.36
112.566 219 0
112.566 115 0
112.926 40 0.179
112.926 718 0
113.105 737 0
113.105 100 0.18
113.285 492 0
113.285 566 0
113.285 823 0.359
113.644 187 0.18
113.644 583 0
113.824 205 0
113.824 416 0
114.003 348 0
114.003 591 0.18
114.183 652 0.18
114.183 160 0
114.363 91 0.179
114.363 138 0
114.542 743 0
114.542 366 0
114.722 249 0.359
114.722 155 0
114.722 623 0
114.902 772 0
115.081 657 0
115.261 435 0
115.261 320 0
115.441 740 0
115.441 624 0
115.441 521 0.359
115.62 697 0.18
115.8 155 0.359
115.8 217 0
115.979 371 0.18
116.159 474 0.359
116.159 715 0.18
116.339 219 0.179
116.518 181 0.36
116.518 350 0
116.698 432 0.18
116.878 281 0
116.878 872 0.359
117.057 374 0.18
117.237 634 0
117.237 324 0
117.417 119 0.179
117.596 351 0
117.596 77 0
117.686 155 0
117.776 861 0
117.776 616 0
117.866 230 0
117.956 677 0
117.956 776 0
118.045 527 0
118.135 563 0
118.135 889 0
118.225 719 0
118.315 97 0.359
118.315 658 0
118.315 721 0
118.494 188 0
118.674 597 0.18
118.674 327 0
118.854 760 0
118.854 364 0.179
119.033 774 0
119.033 9 0
119.033 610 0.36
119.213 654 0
119.393 341 0
119.393 404 0.179
119.572 237 0
119.572 510 0
119.752 621 0
119.752 479 0.18
119.932 73 0.179
119.932 581 0
120.111 393 0.18
120.111 532 0
120.291 280 0
120.291 131 0.179
120.47 354 0.27
120.47 581 0
120.47 565 0
120.65 470 0
120.74 832 0
120.83 615 0
121.009 247 0
121.189 57 0
121.189 173 0
121.189 268 0.359
121.369 411 0.179
121.548 546 0
121.548 569 0.36
121.728 241 0.18
121.908 213 0.359
121.908 435 0
122.087 456 0.18
122.267 277 0.359
122.267 10 0
122.447 809 0.179
122.626 374 0
122.626 541 0
122.806 145 0.179
122.985 762 0.18
122.985 525 0
122.985 244 0
123.165 48 0.18
123.345 691 0.179
123.345 49 0
123.524 297 0.18
123.704 228 0
123.704 36 0
123.704 731 0.18
123.884 8 0
123.884 114 0.179
124.063 857 0.36
124.063 542 0
124.423 662 0
124.423 470 0
124.423 9 0
124.602 669 0
124.602 49 0
124.782 590 0
124.782 785 0.359
125.141 522 0
125.141 636 0
125.141 877 0
125.321 440 0
125.321 112 0
125.5 357 0.36
125.5 476 0
125.68 383 0
125.86 460 0
126.039 839 0
126.099 520 0
126.159 825 0
126.219 585 0
126.219 65 0
126.399 491 0
126.578 586 0
126.578 206 0
126.938 524 0.269
126.938 226 0
126.938 898 0
127.117 608 0
127.117 276 0.27
127.297 110 0
127.297 580 0.269
127.297 410 0.09
127.476 789 0
127.656 625 0
127.656 628 0.27
127.836 212 0.269
127.836 700 0
128.015 431 0.09
128.015 676 0.27
128.015 849 0
128.195 347 0
128.375 388 0.09
128.375 799 0
128.465 642 0.089
128.554 759 0.09
128.554 137 0
128.644 863 0.18
128.734 839 0.09
128.734 72 0
128.824 697 0.09
128.914 439 0.179
128.914 260 0
129.003 830 0.09
129.093 810 0.09
129.093 383 0.27
129.273 895 0.18
129.453 139 0
129.453 372 0
129.453 594 0
129.632 55 0
129.632 311 0
129.812 53 0.09
129.812 576 0.269
129.991 457 0.27
129.991 809 0.09
130.171 0 0.27
130.171 812 0.09
130.171 12 0
130.351 613 0.09
130.351 731 0.269
130.53 497 0
130.53 815 0.27
130.62 520 0.18
130.71 188 0.09
130.89 853 0
130.89 507 0
130.89 369 0.269
131.069 464 0.09
131.249 293 0.269
131.249 482 0
131.339 208 0.179
131.429 194 0.089
131.608 278 0
131.608 86 0.27
131.608 275 0
131.698 895 0.18
131.788 477 0.09
131.968 702 0.359
131.968 716 0.359
132.147 202 0
132.147 272 0
132.327 584 0
132.327 240 0
132.506 641 0
132.506 158 0
132.596 608 0
132.686 227 0
132.686 464 0
132.686 57 0
132.776 501 0
132.866 371 0
132.866 337 0
132.956 460 0
133.045 369 0
133.045 89 0
133.045 290 0
133.225 200 0
133.405 543 0
133.405 656 0
133.494 97 0
133.584 507 0
133.584 310 0
133.674 516 0
133.764 230 0
133.764 245 0
133.764 744 0
133.944 632 0
134.123 715 0.09
134.123 419 0.27
134.303 643 0.269
134.303 520 0.09
134.482 690 0.27
134.482 818 0.09
134.482 676 0
134.662 40 0.09
134.662 881 0.359
134.842 785 0
134.842 753 0.179
135.021 143 0
135.201 767 0
135.201 505 0
135.201 194 0
135.381 761 0
135.381 614 0
135.56 322 0.24
135.56 292 0.12
135.74 138 0
135.8 347 0
135.86 865 0
135.92 416 0.179
135.92 581 0
135.92 630 0.179
136.099 507 0
136.279 132 0.12
136.279 565 0.239
136.459 112 0
136.518 458 0
136.578 297 0
136.638 563 0
136.638 145 0.27
136.638 115 0.27
136.818 474 0
136.997 69 0
136.997 475 0
136.997 623 0
137.177 899 0
137.177 884 0
137.357 581 0
137.357 645 0
137.357 24 0
137.536 799 0
137.536 124 0
137.716 275 0
137.716 535 0
137.806 182 0
137.806 783 0
137.896 107 0
137.896 196 0
137.985 719 0
137.985 838 0
138.075 780 0
138.075 850 0
138.165 323 0
138.165 273 0
138.255 573 0
138.255 782 0
138.345 238 0
138.345 130 0
138.435 83 0
138.435 738 0.269
138.614 426 0.27
138.614 588 0
138.794 355 0.09
138.794 378 0.269
138.794 429 0
138.973 116 0
139.153 808 0.27
139.153 563 0
139.333 598 0
139.333 497 0.269
139.512 271 0
139.512 203 0.27
139.512 586 0.09
139.692 503 0
139.872 123 0
139.872 252 0.09
139.962 541 0.089
140.051 724 0
140.051 289 0.09
140.141 322 0.18
140.231 767 0
140.231 675 0.09
140.321 285 0.09
140.411 396 0
140.411 137 0.179
140.5 711 0.09
140.59 417 0.27
140.59 452 0.09
140.77 66 0.18
140.95 553 0
140.95 586 0
140.95 282 0
141.129 359 0
141.129 582 0
141.309 77 0.269
141.309 492 0.09
141.488 613 0.09
141.488 827 0.27
141.668 672 0
141.668 146 0.09
141.668 750 0.27
141.848 690 0.269
141.848 514 0.09
142.027 510 0.27
142.027 193 0
142.117 783 0.18
142.207 745 0.09
142.387 621 0.269
142.387 585 0
142.387 596 0
142.566 771 0.09
142.746 474 0
142.746 437 0.269
142.836 778 0.179
142.926 832 0.089
143.105 821 0
143.105 236 0.27
143.105 135 0
143.195 530 0.18
143.285 495 0.09
143.465 632 0.359
143.465 272 0.359
143.644 9 0
143.644 372 0
143.824 109 0
143.824 563 0
144.003 37 0
144.003 286 0
144.093 358 0
144.183 408 0
144.183 248 0
144.183 28 0
144.273 270 0
144.363 673 0
144.363 691 0
144.453 474 0
144.542 557 0
144.542 7 0
144.542 434 0
144.722 469 0
144.902 92 0
144.902 805 0
144.991 609 0
145.081 593 0
145.081 332 0
145.171 619 0
145.261 798 0
145.261 226 0
145.261 823 0
145.441 392 0
145.441 110 0
145.62 441 0.27
145.62 896 0.09
145.8 163 0.09
145.8 468 0.269
145.979 652 0
145.979 881 0.09
145.979 467 0.27
146.159 566 0.359
146.159 233 0.09
146.339 9 0.179
146.339 830 0
146.518 332 0
146.698 439 0
146.698 874 0
146.698 265 0
146.878 835 0
146.878 440 0
147.057 735 0.24
147.057 842 0.12
147.237 85 0
147.297 394 0
147.357 8 0
147.417 58 0.179
147.417 900 0
147.417 86 0.179
147.596 24 0
147.776 891 0.12
147.776 367 0.239
147.956 42 0
148.015 672 0
148.075 287 0
148.135 637 0
148.135 107 0.18
148.135 375 0.18
148.315 490 0
148.494 652 0
148.494 790 0
148.494 396 0
148.674 852 0
148.674 376 0
148.854 21 0
148.854 618 0
148.854 271 0
149.033 239 0
149.033 475 0
149.213 507 0
149.213 522 0
149.303 124 0
149.303 371 0
149.393 89 0
149.393 185 0
149.482 248 0
149.482 832 0
149.572 555 0
149.572 105 0
149.662 12 0
149.662 245 0
149.752 592 0
149.752 634 0
149.842 504 0
149.842 201 0
149.932 492 0
149.932 561 0
149.932 642 0
150.111 0 0
150.291 179 0
150.47 32 0
150.65 361 0
150.65 486 0
150.83 581 0
151.009 527 0
151.189 741 0
151.369 257 0
151.369 314 0
151.548 487 0
151.728 332 0
151.908 215 0
152.087 0 0
152.087 197 0
152.267 722 0
152.447 496 0
152.626 230 0
152.626 213 0
152.806 447 0
152.806 136 0
152.806 345 0
152.985 527 0
153.165 291 0
153.345 743 0
153.524 520 0
153.524 502 0
153.704 486 0
153.884 43 0
154.063 407 0
154.243 880 0
154.243 354 0
154.423 150 0
154.602 421 0
154.602 74 0
154.782 199 0
154.962 305 0
154.962 367 0
154.962 729 0
155.141 680 0
155.321 284 0
155.5 635 0
155.5 217 0
155.68 432 0
155.68 689 0
155.68 384 0
155.86 549 0
156.039 560 0
156.219 873 0
156.399 765 0
156.399 395 0
156.399 29 0
156.578 438 0
156.758 879 0
156.938 145 0
157.117 844 0
157.117 416 0
157.297 151 0
157.476 507 0
157.656 768 0
157.836 673 0
157.836 16 0
157.836 568 0
158.015 478 0
158.195 188 0
158.375 249 0
158.375 678 0
158.554 597 0
158.554 666 0
158.554 262 0
158.734 535 0
158.914 737 0
159.093 318 0
159.273 22 0
159.273 93 0
159.273 91 0
159.453 647 0
159.632 302 0
159.812 834 0
159.991 176 0
160.351 733 0
160.71 426 0
160.86 396 0
160.86 873 0
161.069 54 0
161.069 174 0
161.249 838 0
161.249 743 0
161.429 130 0
161.429 537 0
161.429 197 0.269
161.608 432 0.09
161.788 233 0.269
161.788 428 0
161.968 545 0.089
162.147 831 0.27
162.147 413 0
162.327 715 0
162.327 512 0
162.506 487 0
162.506 215 0.18
162.686 580 0
162.866 125 0
162.866 172 0.269
163.045 194 0
163.045 435 0
163.225 38 0.18
163.225 63 0
163.405 144 0
163.584 131 0.27
163.584 655 0
163.764 291 0.09
163.944 51 0
163.944 662 0.269
164.123 751 0
164.123 802 0
164.303 410 0
164.303 370 0
164.303 711 0
164.393 84 0
164.482 891 0
164.572 120 0
164.662 377 0
164.662 880 0
164.752 560 0
164.842 458 0
164.932 526 0
165.021 584 0
165.021 260 0
165.111 273 0
165.201 820 0
165.291 209 0
165.381 159 0
165.381 825 0
165.47 178 0
165.56 212 0
165.65 708 0
165.74 281 0
165.74 393 0
165.83 619 0
165.92 266 0
166.009 103 0
166.099 251 0
166.099 609 0
166.189 431 0
166.279 575 0
166.369 823 0
166.459 474 0
166.459 665 0
166.548 597 0
166.638 605 0
166.638 354 0
166.728 536 0
166.818 336 0
166.818 202 0
166.908 445 0
166.997 192 0
166.997 45 0
167.087 302 0
167.177 297 0.27
167.177 856 0
167.177 831 0
167.357 505 0.09
167.536 167 0
167.536 40 0.27
167.716 41 0.09
167.896 442 0
167.896 486 0.269
168.075 811 0
168.075 272 0
168.255 781 0.18
168.255 305 0
168.435 477 0
168.614 569 0.27
168.614 336 0
168.794 334 0
168.794 147 0
168.973 865 0
168.973 37 0.18
169.153 24 0
169.333 779 0
169.333 508 0.269
169.512 691 0.09
169.692 742 0.27
169.692 219 0
169.872 297 0
169.872 390 0
170.051 112 0
170.051 462 0
170.051 610 0
170.141 876 0
170.231 385 0
170.321 849 0
170.411 180 0
170.411 869 0
170.5 42 0
170.59 117 0
170.68 216 0
170.77 234 0
170.77 661 0
170.86 362 0
170.95 683 0
171.039 793 0
171.129 256 0
171.129 126 0
171.219 586 0
171.309 466 0
171.399 594 0
171.488 599 0
171.488 426 0
171.578 611 0
171.668 255 0
171.758 527 0
171.848 361 0
171.848 612 0
171.938 326 0
172.027 121 0
172.117 32 0
172.207 586 0
172.207 598 0
172.297 427 0
172.297 46 0
172.387 4 0
172.387 605 0
172.476 895 0
172.476 387 0
172.566 814 0
172.566 507 0
172.656 831 0
172.656 384 0
172.746 601 0
172.746 767 0
172.836 744 0
172.926 814 0.119
172.926 291 0.059
172.985 47 0.12
173.045 262 0.12
173.105 833 0.12
173.165 467 0.12
173.225 234 0.12
173.285 57 0.12
173.345 64 0.12
173.405 788 0.06
173.465 639 0
173.465 457 0
173.554 186 0
173.644 814 0.449
173.644 511 0.09
173.644 601 0.27
173.824 491 0.09
174.003 109 0.09
174.183 305 0.09
174.183 335 0
174.363 869 0.06
174.363 857 0.119
174.423 263 0.119
174.482 619 0.12
174.542 533 0.12
174.602 153 0.12
174.662 336 0.12
174.722 261 0.12
174.782 840 0.12
174.842 695 0.06
174.902 68 0
174.902 226 0
174.991 841 0
175.081 583 0
175.081 697 0.09
175.081 567 0.18
175.171 123 0.359
175.261 40 0.18
175.351 812 0
175.441 780 0.179
175.53 198 0.09
175.62 731 0
175.62 726 0
175.71 145 0
175.71 195 0
175.8 533 0
175.8 142 0
175.8 117 0
175.979 717 0
176.159 47 0
176.159 655 0
176.159 418 0
176.339 349 0
176.518 212 0
176.518 696 0
176.518 699 0
176.698 701 0
176.878 407 0
176.878 646 0
176.878 14 0
177.057 753 0
177.237 404 0
177.237 785 0
177.237 338 0
177.417 509 0
177.596 254 0
177.596 191 0
177.596 858 0
177.776 405 0
177.956 521 0
177.956 460 0
177.956 52 0
178.135 555 0
178.135 555 0
178.315 860 0
178.315 759 0
178.315 761 0
178.494 733 0
178.494 823 0
178.584 290 0
178.674 319 0.06
178.674 663 0.12
178.734 858 0.12
178.794 283 0.12
178.854 724 0.119
178.914 561 0.119
178.973 498 0.12
179.033 552 0.12
179.093 635 0.12
179.153 217 0.06
179.213 641 0
179.213 541 0
179.303 741 0
179.393 444 0.269
179.393 627 0.089
179.393 702 0.449
179.572 252 0.09
179.752 707 0.09
179.932 406 0
179.932 685 0.089
180.111 404 0.12
180.111 296 0.06
180.171 443 0.12
180.231 468 0.12
180.291 174 0.12
180.351 571 0.119
180.411 454 0.119
180.47 444 0.12
180.53 288 0.12
180.59 423 0.06
180.65 370 0
180.65 291 0
180.74 697 0
180.83 437 0.179
180.83 800 0.09
180.83 629 0
180.92 561 0.359
181.009 37 0.18
181.099 336 0
181.189 276 0.18
181.279 878 0.09
181.369 880 0
181.369 108 0
181.459 583 0
181.459 526 0
181.548 536 0
181.548 114 0
181.548 235 0
181.728 342 0
181.908 230 0
181.908 399 0
181.908 477 0
182.087 418 0
182.267 802 0
182.267 733 0
182.267 92 0
182.447 815 0
182.626 476 0
182.626 247 0
182.626 124 0
182.806 503 0
182.985 829 0
182.985 275 0
183.075 694 0
183.075 353 0
183.165 884 0
183.165 266 0
183.255 221 0
183.255 286 0
183.345 72 0
183.345 267 0
183.435 860 0
183.435 540 0
183.524 209 0
183.524 463 0
183.614 165 0
183.614 697 0
183.704 174 0
183.704 891 0
183.794 634 0
183.794 399 0
183.884 188 0
183.884 678 0
183.973 123 0
183.973 299 0
184.063 719 0
184.063 404 0
184.153 42 0
184.153 472 0
184.243 65 0
184.243 179 0
184.333 92 0
184.333 661 0
184.423 530 0
184.423 615 1.437
184.423 734 1.437
186.219 162 0.18
186.219 22 0.18
186.578 795 0.18
186.578 784 0.18
186.938 593 0.179
186.938 492 0.179
187.297 843 0.179
187.297 20 0.179
187.297 224 0
187.656 186 0
187.656 506 0
187.836 22 0
187.836 390 0
188.015 514 0
188.015 780 0.18
188.015 293 0.18
188.375 283 0
188.375 598 0
188.554 788 0
188.554 383 0
188.734 43 0.18
188.734 98 0.18
188.734 173 0
188.914 572 0
189.093 725 0
189.273 439 0
189.333 527 0
189.393 419 0
189.453 590 0
189.453 747 0
189.632 353 0
189.812 224 0
189.812 21 0
190.171 410 0
190.171 436 0
190.171 503 0
190.351 474 0
190.53 756 0
190.71 183 0
190.71 341 0
190.89 270 0
190.89 611 0
190.89 351 0
191.069 625 0
191.249 427 0
191.429 607 0
191.429 323 0
191.608 515 0
191.788 450 0
191.968 843 0
191.968 480 0
192.147 668 0
192.327 775 0
192.327 755 0
192.327 480 0
192.686 749 0
192.686 284 0
193.045 881 0
193.045 161 0.36
193.405 144 0.359
193.405 828 0
193.584 153 0
193.584 831 0
193.764 225 0
193.764 137 0
193.764 447 0.359
194.123 884 0.359
194.482 769 0
194.482 346 0.539
194.842 426 0
194.842 489 0
195.021 761 0
195.201 278 0.719
195.201 772 0
195.201 380 0
195.56 861 0
195.92 501 0
195.92 165 0
195.92 600 0
196.099 871 0
196.279 647 0
196.459 90 0
196.459 737 0
196.638 824 0
196.638 162 0
196.638 388 0
196.818 449 0
196.997 478 0
197.177 551 0
197.177 601 0
197.357 732 0
197.536 153 0
197.716 304 0
197.716 163 0
197.896 800 0
198.075 586 0
198.075 331 0
198.075 337 0
198.435 665 0
198.435 513 0
198.794 458 0
198.794 183 0
198.794 785 0.359
199.153 63 0
199.333 409 0
199.333 580 0
199.423 862 0
199.512 250 0
199.512 58 0.36
199.512 273 0
199.872 680 0
200.231 77 0
200.231 411 0
200.411 208 0
200.411 191 0
200.59 254 0
200.59 74 0
200.77 457 0
200.77 429 0
200.95 795 0.179
200.95 840 0.179
201.309 103 0
201.309 484 0
201.399 806 0
201.399 781 0
201.488 679 0
201.488 600 0
201.578 99 0
201.668 12 0
201.668 653 0
201.668 760 0
201.758 137 0
201.848 31 0
201.848 682 0
201.938 213 0
202.027 718 0
202.027 30 0
202.027 173 0
202.117 559 0
202.207 209 0
202.297 527 0
202.387 517 0
202.387 835 0
202.476 870 0
202.566 387 0
202.566 409 0
202.656 334 0
202.746 604 0
202.746 666 0
202.746 810 0
202.836 838 0
202.926 712 0
203.015 814 0
203.105 684 0
203.105 585 0
203.195 205 0
203.285 845 0
203.285 91 0
203.375 161 0
203.465 807 0
203.465 41 0
203.465 620 0
203.554 865 0
203.644 180 0
203.644 176 0
203.734 446 0
203.824 77 0
203.824 574 0
204.003 864 0
204.183 795 0
204.183 864 0
204.183 327 0
204.363 806 0
204.363 405 0
204.542 141 0
204.542 821 0
204.632 613 0
204.722 246 0
204.722 838 0
204.812 852 0
204.902 160 0
204.902 466 0
204.902 249 0
204.991 401 0
205.081 475 0
205.081 845 0
205.171 179 0
205.261 655 0.18
205.261 570 0
205.441 334 0.119
205.5 353 0.12
205.56 649 0.12
205.62 242 0
205.62 632 0.18
205.8 167 0
205.979 873 0
205.979 665 0.36
206.159 676 0
206.159 661 0.18
206.339 269 0.359
206.339 517 0
206.518 96 0.18
206.698 696 0
206.698 182 0
206.788 744 0
206.788 417 0
206.878 582 0
206.878 26 0
207.057 385 0
207.057 257 0
207.057 339 0
207.237 38 0
207.237 706 0
207.327 180 0
207.417 297 0
207.417 255 0
207.417 808 0
207.506 578 0
207.596 175 0
207.596 495 0
207.686 277 0
207.776 52 0
207.776 242 0
207.776 492 0
207.866 772 0
207.956 787 0
208.045 618 0
208.135 333 0
208.135 478 0
208.225 4 0
208.315 824 0
208.315 54 0
208.405 498 0
208.494 622 0
208.494 443 0
208.494 312 0
208.584 744 0
208.674 291 0
208.764 872 0
208.854 813 0
208.854 577 0
208.944 339 0
209.033 86 0
209.033 186 0
209.123 655 0
209.213 359 0
209.213 686 0
209.213 79 0
209.303 610 0
209.393 88 0
209.393 97 0
209.482 381 0
209.572 117 0
209.572 822 0
209.752 38 0
209.932 331 0
209.932 310 0
209.932 853 0
210.111 212 0
210.111 806 0
210.291 878 0.179
210.291 68 0
210.47 619 0.12
210.53 657 0.12
210.59 23 0.12
210.65 622 0.18
210.65 598 0
210.83 375 0
211.009 348 0.18
211.009 653 0
211.189 17 0.12
211.249 891 0.12
211.309 647 0.12
211.369 888 0
211.369 688 0.179
211.548 193 0
211.728 658 0.269
211.728 4 0
211.728 98 0.269
211.908 150 0.089
212.087 1 0.27
212.087 463 0
212.087 239 0.27
212.267 866 0.09
212.447 538 0
212.447 304 0
212.536 185 0
212.536 188 0
212.626 14 0
212.626 832 0
212.716 530 0
212.716 393 0
212.806 741 0
212.806 730 0
212.896 392 0
212.896 193 0
212.985 376 0
212.985 158 0
213.075 647 0
213.075 698 0
213.165 880 0.27
213.345 102 0.09
213.524 567 0.36
213.524 327 0.27
213.524 311 0.18
213.524 582 0.09
213.884 478 0.269
214.063 417 0.09
214.243 773 0.09
214.243 340 0.18
214.243 736 0.269
214.243 119 0.359
214.602 686 0
214.692 717 0
214.782 426 0
214.872 477 0
214.962 687 0
214.962 777 0
215.051 178 0
215.051 360 0
215.141 688 0
215.141 677 0
215.231 821 0
215.231 711 0
215.321 833 0
215.321 400 0
215.5 504 0
215.5 205 0
215.68 348 0.27
215.68 668 0.27
215.68 456 0.27
215.68 399 0.27
216.039 479 0.09
216.039 672 0.27
216.039 782 0.27
216.219 300 0.09
216.219 643 0.09
216.399 215 0.269
216.399 633 0.089
216.399 232 0.269
216.578 256 0.449
216.578 714 0.09
216.758 732 0.269
216.758 718 0.09
216.848 149 0.179
216.938 347 0.089
217.117 851 0.27
217.117 114 0.09
217.117 399 0.27
217.297 888 0.09
217.297 824 0.09
217.476 808 0.09
217.476 657 0.27
217.476 823 0.27
217.566 810 0.18
217.656 279 0.09
217.836 272 0.269
217.836 850 0.269
217.836 538 0.09
217.926 871 0.179
218.015 426 0.09
218.195 696 0.09
218.195 628 0.09
218.195 563 0.27
218.375 268 0.269
218.375 406 0.09
218.554 574 0.09
218.554 276 0.09
218.554 663 0.09
218.734 357 0
218.734 727 0
218.824 423 0
218.824 819 0
218.914 541 0.179
218.914 115 0.269
219.003 790 0.09
219.093 751 0.09
219.183 243 0.09
219.273 144 0.269
219.273 772 0.269
219.273 230 0.09
219.453 477 0.089
219.453 720 0.089
219.632 223 0.27
219.632 239 0.18
219.722 317 0.09
219.812 327 0.09
219.902 414 0.089
219.991 383 0.09
219.991 365 0.27
219.991 166 0.27
220.171 598 0.09
220.171 229 0.09
220.351 113 0.269
220.351 857 0
220.351 632 0.269
220.53 174 0.09
220.53 58 0.27
220.71 351 0.269
220.71 549 0.269
220.71 526 0.269
220.89 724 0.089
221.069 767 0.27
221.069 145 0
221.069 34 0.09
221.249 18 0.09
221.249 270 0.09
221.429 82 0.089
221.429 283 0.269
221.429 623 0
221.608 312 0.09
221.608 679 0.09
221.698 723 0
221.788 496 0.239
221.788 24 0.09
221.878 749 0.09
221.968 527 0.119
221.968 710 0.119
222.027 706 0.12
222.087 124 0.06
222.147 792 0.27
222.147 631 0.27
222.327 794 0.09
222.506 872 0.09
222.506 212 0.24
222.596 451 0.09
222.686 61 0.12
222.686 320 0.12
222.746 666 0.12
222.806 357 0.06
222.866 890 0.269
222.866 187 0.269
223.045 790 0.09
223.225 171 0
223.225 599 0
223.315 739 0
223.315 628 0
223.405 228 0
223.405 377 0
223.494 492 0
223.494 418 0
223.584 82 0
223.584 412 0
223.674 886 0
223.674 666 0
223.764 442 0
223.764 788 0
223.854 897 0
223.854 549 0
223.944 810 0
223.944 390 0
224.033 36 0
224.033 370 0
224.123 200 0
224.123 652 0
224.213 663 0
224.213 725 0
224.303 744 0
224.303 504 0
224.393 544 0
224.393 425 0
224.482 807 0
224.482 191 0
224.572 127 0
224.572 383 0
224.662 699 0.27
224.662 292 0.09
224.662 752 0
224.842 481 0.09
224.842 754 0.269
225.021 766 0.09
225.021 807 0
225.021 8 0.27
225.201 24 0.18
225.201 680 0.09
225.381 517 0.06
225.381 197 0.119
225.441 787 0.119
225.5 440 0.12
225.56 804 0.12
225.62 638 0.12
225.68 484 0.06
225.74 741 0.269
225.74 873 0
225.92 187 0
225.92 518 0.089
226.099 275 0.12
226.099 830 0.06
226.159 31 0.12
226.219 249 0.12
226.279 314 0.12
226.339 280 0.12
226.399 474 0.06
226.459 187 0
226.459 401 0.269
226.638 453 0.09
226.638 79 0
226.818 630 0.269
226.818 789 0.09
226.997 833 0.27
226.997 321 0.09
227.177 726 0.09
227.177 397 0
227.177 712 0.27
227.357 102 0
227.357 393 0
227.536 326 0.27
227.536 641 0.09
227.536 161 0.09
227.716 684 0.269
227.896 20 0.269
227.896 774 0.089
227.896 780 0.089
228.075 814 0.27
228.255 613 0
228.255 741 0.09
228.255 846 0.269
228.435 37 0.269
228.614 447 0.09
228.614 692 0.09
228.614 6 0.27
228.794 696 0.269
228.973 454 0.09
228.973 127 0.27
229.153 448 0.27
229.153 739 0.09
229.333 204 0.269
229.333 637 0.09
229.333 458 0
229.512 759 0.09
229.512 459 0.18
229.692 531 0.06
229.692 18 0.12
229.752 497 0.12
229.812 91 0.12
229.872 356 0.119
229.932 96 0.119
229.991 0 0.06
230.051 751 0
230.051 583 0
230.231 57 0
230.231 776 0
230.321 258 0
230.411 76 0
230.411 517 0.089
230.411 820 0.269
230.59 762 0.27
230.59 543 0.09
230.77 745 0.269
230.77 488 0
230.77 757 0.09
230.95 517 0.089
230.95 318 0.179
231.129 393 0.12
231.129 139 0.06
231.189 315 0.12
231.249 305 0.12
231.309 764 0.12
231.369 286 0.119
231.429 35 0.059
231.488 330 0
231.488 808 0.27
231.668 169 0.09
231.668 172 0
231.848 599 0.06
231.848 285 0.12
231.908 490 0.119
231.968 271 0.119
232.027 566 0.12
232.087 835 0.12
232.147 199 0.06
232.207 570 0.269
232.207 79 0
232.387 353 0
232.387 127 0.089
232.566 52 0.09
232.566 744 0.27
232.746 648 0.09
232.746 62 0.269
232.926 625 0.269
232.926 472 0
232.926 235 0.089
233.105 892 0
233.105 251 0
233.285 721 0.09
233.285 839 0.09
233.285 451 0.269
233.465 746 0.269
233.644 845 0.09
233.644 36 0.09
233.644 813 0.27
233.824 426 0.269
234.003 299 0.27
234.003 197 0.09
234.003 443 0
234.183 640 0.27
234.363 426 0.269
234.363 779 0.09
234.363 107 0.09
234.542 281 0.18
234.722 771 0
234.722 899 0
234.812 292 0
234.812 77 0
234.902 421 0
234.902 261 0
235.081 376 0
235.081 34 0
235.081 727 0
235.261 224 0
235.261 145 0
235.351 691 0
235.351 4 0
235.441 620 0
235.53 659 0
235.53 736 0
235.62 562 0
235.62 16 0
235.71 404 0
235.71 41 0
235.8 730 0
235.8 665 0
235.89 677 0
235.89 384 0
235.979 256 0
235.979 538 0
236.069 456 0
236.069 184 0
236.159 473 0
236.159 540 0
236.249 635 0
236.339 795 0
236.429 511 0
236.518 829 0
236.518 535 0
236.608 253 0
236.698 782 0
236.788 822 0
236.878 368 0
236.878 187 0
236.968 21 0
237.057 433 0
237.057 564 0
237.147 533 0
237.237 747 0
237.237 331 0
237.327 377 0
237.417 368 0
237.417 63 0
237.506 776 0
237.596 709 0
237.596 115 0
237.686 242 0
237.776 211 0
237.866 830 0
237.956 536 0
237.956 2 0
238.045 809 0
238.135 782 0
238.225 125 0
238.315 287 0
238.315 801 0
238.405 719 0
238.494 60 0
238.494 728 0
238.584 486 0
238.674 345 0
238.674 706 0
238.764 25 0
238.854 71 0
238.854 733 0
238.944 398 0
239.033 698 0
239.033 839 0
239.123 759 0
239.123 39 0
239.213 337 0
239.213 502 0
239.303 854 0
239.303 421 0
239.393 372 0
239.393 44 0
239.482 633 0
239.482 471 0
239.572 45 0
239.572 865 0
239.662 623 0
239.662 116 0
239.752 241 0
239.752 286 0
239.842 210 0
239.842 493 0
239.932 162 0
239.932 323 0
240.021 658 0
240.021 392 0
240.111 567 0
240.111 631 0
240.201 209 0
240.201 160 0
240.291 771 0
240.291 765 0
240.381 170 0
240.381 333 0
240.47 459 0
240.47 164 0
240.47 527 0
240.83 467 0.359
240.83 562 0.359
241.189 116 0
241.189 399 0
