0.76 567 0.675
0.985 136 0.45
1.21 363 0.225
1.435 507 0
1.548 613 0
1.661 452 0.112
1.661 717 0.225
1.773 4 0.113
1.886 400 0.225
1.998 854 0
2.111 752 0
2.223 9 0
2.223 114 0.226
2.336 823 0
2.336 741 0.113
2.449 591 0.112
2.561 776 0
2.561 685 0
2.561 410 0
3.011 228 0
3.237 602 0
3.462 183 0
3.574 291 0
3.687 310 0
4.137 889 0
4.362 545 0
4.587 173 0
5.038 0 0
5.488 850 0
5.713 44 0
5.938 601 0
6.051 328 0
6.163 683 0
6.614 128 0
6.839 192 0
6.951 835 0
7.064 614 0
7.514 50 0
7.965 700 0
8.19 725 0
8.415 363 0
8.527 536 0
8.64 604 0
9.09 618 0
9.315 726 0
9.541 169 0
9.991 818 0
10.441 414 0
10.666 531 0
10.891 375 0
11.004 815 0
11.117 119 0
11.567 147 0
11.792 895 0
12.017 400 0
12.355 207 0.112
12.467 110 0
12.467 517 0
12.467 203 0
12.918 299 0
12.918 185 0
13.143 387 0
13.255 484 0
13.255 710 0
13.368 876 0
13.368 274 0
13.481 463 0
13.593 332 0
13.593 815 0
13.931 421 0
14.043 873 0
14.043 169 0
14.156 544 0
14.212 427 0
14.269 496 0
14.269 632 0
14.381 260 0.113
14.494 555 0
14.494 770 0
14.606 830 0
14.719 709 0
14.831 569 0
14.859 458 0
14.888 406 0
14.916 78 0
14.944 871 0
14.944 73 0
15.056 825 0
15.056 388 0
15.169 61 0
15.169 308 0
15.282 345 0
15.282 712 0
15.844 527 0
15.873 186 0
15.901 787 0
15.929 575 0
15.957 270 0
15.985 373 0
16.013 345 0
16.041 471 0
16.07 524 0
16.07 867 0
16.182 671 0
16.295 48 0
16.407 465 0
16.464 542 0
16.52 78 0
16.52 723 0
16.632 429 0
16.632 88 0
16.745 215 0
16.745 597 0
16.858 835 0
16.97 529 0
16.97 445 0
17.083 427 0
17.083 656 0
17.195 881 0
17.252 4 0
17.308 661 0
17.364 82 0
17.42 586 0
17.758 368 0.113
17.871 669 0
17.871 486 0
18.096 126 0
18.208 600 0
18.208 620 0
18.321 228 0
18.434 811 0
18.49 593 0
18.546 775 0
18.546 875 0
18.659 540 0
18.771 450 0
18.884 11 0
18.996 169 0
18.996 857 0
19.109 115 0
19.222 587 0
19.278 567 0
19.334 329 0
19.39 290 0
19.447 375 0
19.447 104 0
19.559 253 0
19.559 575 0
19.672 813 0
19.672 313 0
19.784 729 0
19.784 450 0
19.897 13 0
19.897 125 0
19.897 529 0
20.347 204 0
20.572 635 0
20.798 3 0
20.91 105 0
21.023 718 0
21.473 181 0
21.698 751 0
21.923 888 0.225
22.036 811 0.112
22.148 463 0.113
22.261 572 0.113
22.374 819 0
22.374 766 0
22.374 230 0
22.486 87 0
22.486 177 0
22.486 898 0
22.599 476 0
22.599 258 0
22.711 67 0
22.711 550 0
22.824 801 0
22.852 121 0
22.88 148 0
22.908 672 0
22.936 701 0
22.965 187 0
22.993 713 0
23.021 619 0
23.049 238 0.225
23.162 157 0.112
23.274 215 0
23.274 222 0.225
23.499 823 0
23.499 348 0
23.499 266 0
23.612 310 0.225
23.837 831 0
23.837 688 0
23.837 444 0
23.95 135 0.225
24.175 462 0
24.175 489 0
24.287 470 0
24.287 492 0
24.4 144 0.112
24.4 841 0.112
24.625 187 0
24.625 210 0
24.625 819 0
24.625 642 0
24.85 547 0
24.85 78 0
24.85 41 0
24.963 417 0
24.963 108 0
24.963 213 0
25.075 259 0
25.075 193 0.901
25.976 360 0
25.976 426 0
26.088 407 0
26.201 504 0
26.201 176 0
26.314 223 0
26.426 335 0
26.426 683 0
26.539 405 0
26.651 550 0
26.651 436 0
26.764 79 0
26.876 538 0
26.933 783 0
26.989 714 0
27.102 628 0
27.214 69 0
27.327 578 0.225
27.327 39 0
27.327 706 0
27.327 18 0
27.664 266 0
27.664 329 0
27.664 803 0
27.777 316 0
27.89 767 0
28.002 780 0
28.115 489 0
28.227 253 0
28.227 860 0
28.227 602 0
28.227 740 0
28.452 80 0
28.452 366 0
28.565 284 0
28.565 588 0
28.678 522 0
28.678 198 0
28.678 188 0
28.79 532 0
28.79 527 0
28.903 706 0
28.959 468 0
29.015 632 0
29.015 143 0
29.015 416 0
29.128 13 0
29.128 568 0
29.184 135 0
29.24 804 0.113
29.24 479 0
29.353 478 0
29.466 798 0
29.578 819 0
29.691 384 0
29.803 603 0
29.803 544 0
29.803 101 0
30.141 111 0
30.141 405 0
30.141 780 0
30.253 569 0
30.282 678 0
30.31 606 0
30.338 364 0
30.366 21 0
30.422 305 0
30.479 783 0
30.591 602 0
30.704 746 0
30.704 337 0
30.816 184 0
30.816 576 0
30.816 470 0
30.816 185 0
30.929 355 0.112
30.929 689 0
31.041 897 0.113
31.154 888 0
31.154 833 0
31.267 894 0
31.379 50 0
31.379 156 0
31.492 206 0
31.604 558 0
31.604 890 0
31.717 368 0
31.829 807 0
31.829 461 0
31.942 562 0
32.055 603 0
32.055 862 0
32.055 69 0
32.28 876 0
32.28 704 0
32.505 573 0
32.505 13 0
32.73 592 0
32.73 390 0
32.955 380 0
32.955 478 0
33.18 552 0
33.18 843 0
33.293 707 0
33.405 354 0
33.405 496 0
33.631 565 0
33.631 264 0
33.856 217 0
33.856 395 0
34.081 409 0
34.081 762 0
34.306 113 0
34.306 19 0
34.531 484 0
34.531 335 0
34.644 648 0
34.7 554 0
34.756 766 0
34.756 27 0
34.869 769 0.112
34.981 16 0
34.981 19 0
35.094 813 0.113
35.207 389 0
35.207 782 0
35.319 77 0.113
35.432 215 0
35.432 555 0
35.544 483 0.113
35.657 271 0
35.657 180 0
35.769 157 0.113
35.769 848 0
35.882 238 0
35.882 366 0
35.995 762 0.112
36.107 793 0
36.107 150 0
36.22 336 0.112
36.332 460 0
36.332 153 0
36.445 746 0.112
36.557 350 0
36.557 407 0
36.67 53 0.113
36.783 571 0
36.783 687 0
36.895 28 0
37.008 113 0
37.008 235 0
37.008 441 0
37.008 899 0
37.233 337 0
37.233 301 0
37.233 399 0
37.345 372 0
37.458 790 0
37.458 609 0
37.571 884 0
37.683 27 0
37.683 846 0
37.796 665 0
37.908 707 0
37.908 148 0
38.021 265 0
38.133 480 0
38.133 649 0
38.246 888 0
38.302 51 0
38.359 743 0
38.359 82 0
38.471 469 0
38.584 852 0
38.584 622 0
38.696 651 0
38.809 603 0
38.809 408 0
38.921 319 0
39.034 795 0
39.034 754 0
39.147 808 0
39.259 458 0
39.259 80 0
39.372 831 0
39.484 669 0
39.484 394 0
39.484 396 0
39.709 34 0
39.709 768 0
39.709 196 0
39.822 89 0
39.935 292 0
39.935 22 0
40.047 466 0
40.16 85 0
40.16 415 0
40.272 327 0
40.385 424 0
40.385 729 0
40.497 137 0
40.61 780 0
40.61 407 0
40.723 636 0
40.751 588 0
40.779 439 0
40.807 645 0
40.835 218 0
40.948 84 0
41.004 692 0
41.06 798 0
41.117 651 0
41.173 540 0
41.229 266 0
41.285 555 0
41.285 119 0
41.342 77 0
41.398 173 0
41.398 574 0
41.454 309 0
41.454 144 0
41.511 222 0
41.511 299 0
41.567 501 0
41.567 651 0
41.623 173 0
41.623 263 0
41.679 771 0
41.679 318 0
41.736 638 0
41.736 78 0
41.792 55 0
41.792 281 0
41.848 687 0
41.848 321 0
41.905 701 0
41.905 756 0
41.961 872 0.225
41.961 585 0.225
42.186 626 0.113
42.636 478 0
42.636 238 0
42.749 440 0
42.749 1 0
42.861 326 0
42.861 54 0
42.974 57 0
42.974 82 0
43.087 400 0
43.087 696 0
43.199 423 0
43.227 563 0
43.255 176 0
43.284 820 0
43.312 394 0
43.312 498 0
43.424 400 0
43.424 515 0
43.537 878 0
43.537 216 0
43.649 103 0
43.649 489 0
43.762 126 0
43.762 321 0
43.875 320 0
43.875 762 0
43.987 276 0
43.987 678 0
44.1 758 0
44.1 829 0
44.156 460 0
44.156 649 0
44.212 650 0
44.212 71 0
44.325 576 0
44.325 64 0
44.437 26 0
44.437 798 0
44.437 126 0
44.437 187 0
44.663 660 0
44.663 63 0.112
45.113 414 0
45.141 566 0
45.169 759 0
45.197 273 0
45.225 147 0
45.225 748 0
45.338 269 0
45.338 417 0
45.45 736 0
45.479 188 0
45.507 868 0
45.535 768 0
45.676 140 0
45.704 717 0
45.732 632 0
45.76 629 0
45.788 734 0
45.901 620 0
45.901 710 0
45.957 682 0
45.957 815 0
46.013 410 0
46.013 47 0
46.126 212 0
46.126 740 0
46.238 115 0
46.238 55 0
46.351 462 0
46.351 7 0
46.407 47 0
46.407 63 0
46.464 727 0
46.464 561 0
46.576 28 0
46.576 521 0
46.689 498 0.112
46.689 748 0
46.745 767 0
46.801 585 0
46.858 252 0
46.914 563 0
47.026 0 0
47.026 832 0
47.139 583 0
47.139 871 0
47.139 392 0
47.589 821 0
47.589 198 0
47.702 338 0
47.702 575 0
47.814 411 0
47.814 76 0
47.871 532 0
47.871 333 0
47.927 191 0
47.927 309 0
48.04 513 0
48.04 276 0
48.096 417 0
48.096 403 0
48.152 799 0
48.152 129 0
48.208 630 0
48.208 733 0
48.265 665 0
48.265 377 0
48.377 371 0
48.377 270 0
48.49 554 0
48.49 604 0
48.602 883 0
48.602 854 0
48.715 409 0
48.715 860 0
48.828 645 0
48.856 362 0
48.884 542 0
48.912 167 0
49.053 608 0
49.053 550 0
49.165 651 0
49.165 37 0
49.222 36 0
49.278 511 0
49.334 552 0
49.39 236 0
49.503 127 0
49.616 771 0
49.616 393 0
49.616 258 0
50.066 630 0
50.094 865 0
50.122 4 0
50.15 894 0
50.291 467 0
50.291 493 0
50.404 333 0
50.432 360 0.056
50.46 548 0
50.488 19 0
50.629 421 0
50.629 772 0
50.741 654 0
50.741 762 0
50.854 101 0
50.854 684 0
50.966 519 0
50.966 6 0
51.079 505 0
51.079 535 0
51.135 566 0
51.192 744 0
51.192 303 0
51.192 241 0
51.36 483 0
51.36 179 0
51.36 279 0
51.529 764 0
51.529 50 0
51.529 462 0
51.698 764 0
51.698 702 0
51.698 416 0
51.867 531 0
51.867 165 0
51.867 891 0
51.867 216 0
52.092 669 0
52.092 473 0
52.092 500 0
52.205 486 0
52.317 587 0
52.317 37 0
52.43 445 0
52.542 745 0
52.542 94 0
52.655 711 0
52.768 452 0
52.768 834 0
52.88 700 0
52.993 347 0
52.993 628 0
53.105 818 0
53.105 250 0
53.218 749 0
53.218 333 0
53.33 478 0
53.443 52 0
53.443 136 0
53.556 794 0
53.668 333 0
53.668 205 0
53.781 624 0
53.893 637 0
53.893 742 0
54.006 558 0
54.118 208 0
54.118 612 0
54.231 68 0
54.344 356 0
54.344 209 0
54.4 490 0
54.4 37 0
54.456 897 0
54.456 667 0
54.512 841 0
54.512 92 0
54.569 424 0
54.569 407 0
54.681 223 0
54.794 869 0
54.794 485 0
54.906 800 0
55.019 38 0
55.019 120 0
55.188 204 0
55.188 155 0
55.357 370 0
55.357 281 0
55.469 733 0
55.469 747 0
55.582 475 0
55.582 68 0
55.694 242 0
55.694 806 0
55.807 849 0
55.92 741 0
55.92 467 0
56.032 798 0
56.145 487 0
56.145 34 0
56.257 0 0
56.37 671 0
56.37 832 0
56.482 420 0
56.595 19 0
56.595 59 0
56.651 125 0
56.651 829 0
56.708 616 0
56.708 684 0
56.764 576 0
56.82 655 0
56.82 145 0
56.82 273 0
57.045 109 0
57.045 698 0
57.045 50 0
57.158 198 0
57.27 742 0
57.27 551 0
57.383 722 0
57.496 350 0
57.496 306 0
57.608 816 0
57.721 390 0
57.721 848 0
57.833 86 0
57.946 716 0
57.946 158 0
58.058 790 0
58.058 827 0
58.171 865 0
58.171 184 0
58.284 439 0
58.396 387 0
58.396 65 0
58.509 127 0
58.621 458 0
58.621 843 0
58.734 503 0
58.846 542 0
58.846 543 0
58.959 663 0
59.072 874 0
59.072 198 0
59.184 763 0
59.297 67 0
59.297 808 0
59.353 391 0
59.353 334 0
59.409 475 0
59.409 841 0
59.466 851 0
59.466 350 0
59.522 294 0
59.522 865 0
59.634 800 0
59.747 7 0
59.747 830 0
59.859 769 0
59.972 507 0
59.972 803 0
60.085 305 0
60.141 237 0
60.141 42 0
60.197 826 0
60.197 694 0
60.31 329 0
60.31 858 0
60.422 112 0
60.422 176 0
60.535 211 0
60.535 772 0
60.591 477 0
60.591 143 0
60.647 578 0
60.647 567 0
60.76 587 0
60.873 579 0
60.873 762 0
60.985 701 0
61.098 298 0
61.098 873 0
61.21 284 0
61.323 184 0
61.323 894 0
61.435 500 0
61.548 420 0
61.576 869 0
61.604 308 0
61.632 521 0
61.773 32 0
61.773 405 0
61.773 816 0
61.773 634 0
61.998 356 0
61.998 2 0
62.111 572 0
62.223 531 0
62.223 214 0
62.223 620 0
62.336 371 0
62.449 356 0
62.449 174 0
62.561 840 0
62.561 285 0
62.561 484 0
62.674 8 0
62.674 895 0
62.786 85 0
62.899 844 0
62.899 82 0
62.899 455 0
63.011 223 0
63.011 358 0
63.011 53 0
63.124 719 0
63.124 681 0
63.237 326 0
63.349 139 0
63.349 398 0
63.349 317 0
63.462 11 0
63.574 661 0
63.574 707 0
63.574 665 0
63.687 742 0
63.799 332 0
63.799 738 0
63.912 277 0
64.025 395 0
64.025 555 0
64.025 587 0
64.137 520 0
64.25 86 0
64.25 803 0
64.306 145 0
64.306 22 0
64.362 238 0
64.362 400 0
64.419 284 0
64.419 533 0
64.475 891 0
64.475 570 0
64.587 726 0
64.7 461 0
64.7 34 0
64.7 282 0
64.813 351 0
64.925 585 0
64.925 112 0
64.925 226 0
65.094 832 0
65.094 544 0
65.094 274 0
65.263 656 0
65.263 450 0
65.263 660 0
65.375 163 0
65.375 486 0
65.375 479 0
65.488 898 0
65.488 595 0
65.544 730 0
65.544 317 0
65.601 377 0
65.601 880 0
65.713 556 0
65.826 475 0
65.826 532 0
65.826 258 0
65.938 264 0
66.051 681 0
66.051 210 0
66.051 595 0
66.163 449 0
66.276 893 0
66.276 330 0
66.389 653 0
66.501 63 0
66.501 92 0
66.557 256 0
66.557 850 0
66.614 61 0
66.614 160 0
66.67 117 0
66.726 396 0
66.726 668 0
66.726 373 0
66.951 239 0
66.951 355 0
66.951 357 0
66.951 861 0
67.064 577 0
67.177 754 0
67.177 595 0
67.177 142 0
67.289 492 0
67.402 87 0
67.402 642 0
67.514 860 0
67.514 474 0
67.514 694 0
67.627 245 0
67.627 564 0
67.739 122 0
67.852 705 0
67.852 395 0
67.852 531 0
67.965 788 0
67.965 370 0
67.965 604 0
68.077 589 0
68.077 725 0
68.19 636 0
68.302 189 0
68.302 220 0
68.302 294 0
68.415 222 0
68.527 258 0
68.527 427 0
68.527 384 0
68.64 473 0
68.753 630 0
68.753 259 0
68.865 245 0
68.978 223 0
68.978 550 0
68.978 252 0
69.09 53 0
69.203 143 0
69.203 597 0
69.259 879 0
69.259 567 0
69.315 71 0
69.315 764 0
69.372 304 0
69.428 480 0
69.428 880 0
69.428 721 0
69.541 723 0
69.653 443 0
69.653 75 0
69.653 784 0
69.766 222 0
69.878 66 0
69.878 793 0
69.878 287 0
69.991 397 0
70.103 812 0
70.103 301 0
70.216 756 0
70.216 34 0
70.329 803 0
70.329 629 0
70.329 751 0
70.441 454 0
70.441 509 0
70.497 256 0
70.497 34 0
70.554 850 0
70.554 20 0
70.666 855 0
70.779 895 0
70.779 194 0
70.891 276 0
71.004 478 0
71.004 471 0
71.004 348 0
71.117 105 0
71.229 537 0
71.229 723 0
71.342 321 0
71.454 756 0.113
71.482 161 0.085
71.511 129 0.056
71.539 898 0.028
71.679 745 0
71.679 34 0
71.679 498 0
71.679 12 0
71.905 735 0
71.905 132 0
71.905 295 0
71.905 207 0
72.355 639 0
72.58 675 0
72.805 252 0
72.918 836 0
73.03 106 0
73.481 754 0
73.706 365 0
73.931 66 0
73.931 377 0.112
74.043 78 0.113
74.156 431 0.113
74.269 679 0.112
74.381 868 0
74.381 799 0.113
74.831 92 0
75.056 85 0
75.282 282 0.056
75.282 225 0
75.338 217 0.056
75.394 634 0.056
75.45 122 0.057
75.507 458 0
75.957 858 0
76.182 182 0
76.295 536 0
76.407 354 0
76.632 403 0.113
76.858 190 0
76.858 168 0.112
77.308 454 0
77.533 629 0.113
77.533 280 0
77.758 539 0
77.871 213 0
77.983 824 0.113
77.983 572 0
78.434 249 0
78.659 360 0.112
78.659 65 0
78.884 470 0
79.109 536 0.113
79.222 261 0.112
79.334 577 0.113
79.334 739 0
79.784 316 0
80.01 350 0
80.235 864 0.112
80.235 142 0
80.347 862 0
80.46 636 0.112
80.46 126 0
80.91 698 0
81.135 299 0
81.36 844 0.113
81.36 104 0
81.473 571 0.338
81.811 292 0.112
81.923 527 2.364
82.261 10 0
82.486 498 0
82.486 885 0
82.711 124 0
82.824 440 0
82.936 591 0
82.936 444 0
83.387 170 0
83.387 842 0
83.612 684 0
83.837 524 0
84.062 122 0
84.062 27 0
84.287 327 0
84.287 541 0.901
84.738 799 0
84.963 153 0
84.963 628 0
85.188 858 0
85.188 662 0.225
85.3 748 0
85.413 680 0
85.413 727 0.901
85.638 795 0
85.863 181 0
85.863 492 0
86.088 881 0
86.201 214 0
86.314 765 0
86.314 289 0.112
86.426 47 0.113
86.539 265 0.112
86.651 615 0.113
86.764 715 0
86.764 820 0.112
86.876 866 2.364
87.214 604 0
87.439 499 0
87.439 578 0
87.664 569 0
87.777 783 0
87.89 778 0
87.89 533 0
88.34 256 0
88.34 190 0
88.565 43 0
88.79 170 0
88.79 614 0
89.24 566 0
89.24 451 0
89.691 582 0
89.691 276 0
89.916 549 0
89.916 115 0
90.141 457 0.056
90.197 220 0.056
90.253 326 0.057
90.31 463 0.056
90.366 716 1.407
90.591 606 0
90.816 102 0
90.816 110 0
91.041 833 0
91.267 158 0
91.267 561 0
91.773 652 0
91.773 801 0
91.773 410 0
91.998 442 0
91.998 547 0
92.223 503 0
92.223 701 0
92.448 279 0
92.448 866 0
92.673 676 0
92.673 752 0
92.898 225 0
92.898 836 0
93.123 104 0
93.123 769 0
93.348 169 0
93.348 528 0
93.574 454 0
93.574 275 0
93.799 95 0
93.799 417 0
94.024 225 0
94.024 679 0
94.249 401 0
94.249 422 0
94.474 164 0
94.474 556 0
94.587 808 0
94.699 683 0
94.699 77 0
94.812 792 0
94.924 111 0
94.924 719 0
95.037 833 0
95.15 140 0
95.15 511 0
95.262 581 0
95.375 550 0
95.375 615 0
95.487 370 0
95.6 596 0
95.6 647 0
95.712 336 0
95.825 158 0
95.825 853 0
95.938 65 0
96.05 854 0
96.05 190 0
96.163 804 0
96.275 884 0
96.275 441 0
96.388 480 0
96.5 197 0
96.5 486 0
96.613 228 0
96.726 509 0
96.726 616 0
96.838 350 0
96.951 210 0
96.951 647 0
97.063 651 0
97.176 430 0
97.176 537 0
97.288 641 0
97.401 626 0
97.401 417 0
97.514 1 0
97.626 294 0
97.626 441 0
97.739 556 0
97.851 422 0
97.851 730 0
97.964 767 0
98.076 167 0
98.076 35 0
98.189 70 0
98.302 281 0
98.302 462 0
98.414 593 0
98.527 737 0
98.527 579 0
98.639 644 0
98.752 175 0
98.752 119 0
98.864 791 0
98.977 36 0
98.977 252 0
99.09 638 0
99.202 308 0
99.202 491 0
99.315 567 0
99.427 509 0
99.427 702 0
99.54 399 0
99.652 421 0
99.652 661 0
99.765 42 0
99.878 736 0
99.878 189 0
99.99 224 0
100.103 373 0
100.103 612 0
100.215 311 0
100.328 770 0
100.328 871 0
100.44 639 0
100.553 224 0
100.553 129 0
100.666 54 0
100.778 155 0
100.778 466 0
100.891 658 0
101.003 579 0
101.003 534 0
101.116 319 0
101.228 856 0
101.228 647 0
101.341 199 0
101.454 874 0
101.454 17 0
101.454 611 0
101.622 648 0
101.622 557 0
101.622 745 0
101.734 78 0
101.847 27 0
101.847 125 0
101.959 814 0
102.015 198 0
102.072 365 0
102.072 320 0
102.128 592 0
102.184 392 0
102.184 105 0
102.297 643 0
102.297 890 0
102.353 763 0
102.409 602 0
102.466 404 0
102.522 691 0
102.522 770 0
102.522 414 0
102.635 406 0
102.635 437 0
102.635 266 0
102.747 228 0
102.747 179 0
102.86 706 0
102.972 462 0
103.029 620 0
103.029 290 0
103.085 440 0
103.085 271 0
103.141 120 0
103.141 875 0
103.197 117 0
103.197 454 0
103.31 738 0
103.423 306 0
103.423 807 0
103.535 429 0
103.648 94 0
103.648 343 0
103.648 141 0
103.76 824 0
103.873 651 0
103.873 364 0
103.873 799 0
103.985 38 0
103.985 428 0
104.042 376 0
104.042 677 0
104.098 91 0
104.098 883 0
104.211 52 0
104.323 743 0
104.323 626 0
104.323 168 0
104.436 418 0
104.548 375 0
104.548 807 0
104.548 169 0
104.661 262 0
104.717 814 0
104.717 148 0
104.773 636 0
104.773 551 0
104.886 100 0
104.999 800 0
104.999 786 0
104.999 164 0
105.111 804 0.056
105.167 385 0
105.224 292 0
105.224 345 0
105.336 316 0
105.449 59 0
105.449 373 0
105.449 284 0
105.561 669 0
105.674 225 0
105.674 79 0
105.674 80 0
105.787 190 0
105.899 227 0
105.899 129 0
106.012 789 0
106.124 89 0
106.124 509 0
106.181 645 0
106.181 897 0
106.237 126 0
106.237 794 0
106.293 823 0
106.349 329 0
106.349 396 0
106.349 896 0
106.575 328 0
106.575 229 0
106.575 41 0
106.687 210 0
106.8 430 0
106.8 29 0
106.8 169 0
106.912 246 0
107.025 786 0
107.025 763 0
107.137 194 0
107.137 319 0
107.137 828 0
107.25 790 0
107.25 576 0
107.363 623 0
107.475 730 0
107.475 58 0
107.475 838 0
107.588 598 0
107.644 806 0
107.7 433 0
107.7 458 0
107.813 209 0
107.925 158 0
107.925 112 0
107.925 2 0
108.038 241 0
108.151 170 0
108.151 540 0
108.151 191 0
108.263 400 0
108.376 70 0
108.376 608 0
108.488 392 0
108.601 858 0
108.601 631 0
108.657 348 0
108.657 741 0
108.713 815 0
108.713 74 0
108.77 898 0
108.826 360 0
108.826 399 0
108.826 783 0
109.051 409 0
109.051 225 0
109.051 54 0
109.164 387 0
109.276 765 0
109.276 292 0
109.276 143 0
109.389 846 0
109.501 743 0
109.501 781 0
109.501 317 0
109.614 356 0
109.67 808 0
109.67 48 0
109.727 344 0
109.727 248 0
109.839 662 0
109.839 717 0
109.952 121 0
109.952 493 0
110.064 748 0
110.121 790 0
110.121 538 0
110.177 672 0
110.177 398 0
110.289 221 0.113
110.346 74 0
110.402 140 0
110.458 32 0
110.515 144 0.112
110.571 754 0
110.627 329 0
110.627 543 0
110.683 32 0
110.74 557 0
110.74 386 0
110.796 835 0
110.796 297 0
110.852 802 0
110.852 540 0
110.909 683 0
110.909 812 0
110.965 846 0
110.965 47 0
111.021 116 0
111.021 226 0
111.077 476 0
111.134 136 0
111.134 135 0
111.19 38 0
111.246 143 0
111.303 750 0.112
111.303 297 0.168
111.303 502 0.225
111.584 542 0.225
111.809 5 0.169
111.978 778 0
111.978 724 0
111.978 141 0
112.428 881 0
113.779 136 0
113.892 322 0
114.004 621 0
114.905 651 0
115.13 90 0
115.58 66 0
115.805 186 0
116.031 306 0
116.256 496 0
116.481 401 0
117.156 416 0
117.606 446 0
118.282 34 0
118.957 689 0
119.858 833 0
120.083 300 0
120.139 857 0
120.196 307 0
120.252 469 0
120.308 158 0
120.364 588 0
120.421 281 0
120.477 11 0
120.533 800 0
120.533 346 0
120.59 448 0
120.646 424 0
120.646 772 0
120.702 876 0
120.702 67 0
120.758 55 0
120.758 743 0
120.815 22 0
120.815 458 0
120.871 357 0
120.871 322 0
120.927 191 0
120.927 167 0
120.984 718 0
120.984 182 0
121.04 384 0
121.04 486 0
121.096 111 0
121.096 869 0
121.152 297 0
121.209 694 0
121.209 188 0
121.209 147 0
121.434 151 0.506
121.659 373 0.169
121.94 706 0
121.94 557 0
121.94 222 0
122.052 613 0
122.165 75 0
122.165 438 0
122.277 80 0
122.39 686 0
122.39 650 0
122.502 389 0
122.615 130 0
122.615 391 0
122.727 667 0
122.727 818 0
122.84 330 0
122.84 895 0
122.953 536 0
123.065 741 0
123.065 236 0
123.178 398 0
123.29 428 0
123.29 640 0
123.403 323 0
123.515 792 0
123.515 852 0
123.628 425 0
123.741 14 0
123.741 482 0
123.797 701 0
123.797 21 0
123.853 346 0
123.853 706 0
123.909 400 0
123.909 151 0
123.966 408 0
123.966 698 0
124.078 256 0
124.191 70 0
124.191 328 0
124.303 689 0
124.416 874 0
124.416 394 0
124.529 692 0
124.641 810 0
124.641 248 0
124.697 348 0
124.697 880 0
124.754 644 0
124.754 102 0
124.866 282 0
124.866 496 0
124.979 657 0
124.979 856 0
125.091 40 0
125.091 237 0
125.204 454 0
125.317 235 0
125.317 851 0
125.429 64 0
125.542 354 0
125.542 537 0
125.654 247 0
125.767 200 0
125.767 250 0
125.879 77 0
125.879 419 0
125.992 272 0.056
126.048 865 0
126.105 248 0
126.133 233 0
126.161 625 0
126.189 579 0
126.217 395 0
126.217 572 0
126.33 533 0
126.33 83 0
126.386 892 0
126.442 475 0
126.442 526 0
126.442 5 0
126.555 226 0
126.667 25 0
126.667 556 0
126.78 576 0
126.893 364 0
126.893 493 0
127.005 139 0
127.118 445 0
127.118 288 0
127.23 630 0
127.343 74 0
127.343 325 0
127.455 441 0
127.455 328 0
127.512 53 0
127.512 711 0
127.568 58 0
127.568 769 0
127.681 438 0
127.793 637 0
127.793 332 0
127.906 619 0
128.018 292 0
128.018 75 0
128.131 483 0
128.243 564 0
128.243 108 0
128.356 817 0
128.469 357 0
128.469 651 0
128.525 576 0
128.525 733 0
128.581 149 0
128.581 129 0
128.637 191 0
128.637 331 0
128.694 466 0
128.694 56 0
128.806 654 0
128.806 705 0
128.919 103 0
128.919 790 0
128.919 576 0
129.031 729 0
129.144 168 0
129.144 440 0
129.257 336 0
129.369 3 0
129.369 160 0
129.482 62 0
129.482 119 0
129.594 709 0
129.594 411 0
129.707 349 0
129.819 409 0
129.819 436 0
129.932 721 0
129.932 629 0
129.988 741 0
130.045 747 0
130.045 747 0
130.045 458 0
130.157 592 0
130.27 566 0
130.27 770 0
130.382 501 0
130.495 222 0
130.495 572 0
130.551 360 0
130.551 21 0
130.607 766 0
130.607 830 0
130.72 522 0
130.72 661 0
130.833 201 0
130.833 740 0
130.945 221 0
130.945 6 0
131.058 875 0
131.058 43 0
131.17 79 0
131.17 857 0
131.17 634 0
131.17 628 0
131.395 711 0
131.395 536 0
131.395 641 0
131.508 119 0
131.508 865 0
131.621 599 0
131.621 233 0
131.733 533 0
131.733 510 0
131.846 406 0
131.846 714 0
131.958 368 0
131.958 487 0
132.015 281 0
132.015 124 0
132.071 512 0
132.071 319 0
132.183 287 0
132.183 853 0
132.296 36 0
132.296 818 0
132.352 108 0
132.352 828 0
132.409 491 0
132.409 698 0
132.465 434 0
132.465 174 0
132.521 771 0
132.521 814 0
132.634 372 0
132.662 197 0.056
132.69 512 0
132.718 686 0
132.859 271 0
132.859 665 0
132.971 48 0
132.971 365 0
133.028 40 0
133.028 602 0
133.084 2 0
133.084 178 0
133.197 666 0
133.197 356 0
133.309 371 0
133.309 851 0
133.422 208 0
133.422 278 0
133.478 243 0
133.478 291 0
133.534 87 0
133.534 745 0
133.647 530 0
133.647 823 0
133.703 712 0
133.703 676 0
133.759 837 0
133.759 644 0
133.816 528 0
133.844 426 0
133.872 143 0
133.872 70 0
134.322 713 0
134.322 24 0
134.322 61 0
134.435 822 0
134.435 515 0
134.547 493 0
134.547 82 0
134.66 325 0
134.66 484 0
134.773 112 0
134.773 809 0
134.829 779 0
134.829 55 0
134.885 540 0
134.885 291 0
134.941 24 0
134.941 321 0
134.998 196 0
134.998 495 0
135.11 43 0
135.11 271 0
135.223 733 0
135.223 182 0
135.335 769 0
135.335 874 0
135.448 896 0
135.476 118 0
135.504 193 0
135.532 388 0
135.673 362 0
135.673 868 0
135.786 82 0
135.814 803 0
135.842 611 0
135.87 49 0
135.898 867 0
136.011 631 0
136.011 659 0
136.123 674 0
136.123 644 0
136.18 255 0
136.18 194 0
136.236 814 0
136.236 228 0
136.292 489 0
136.32 851 0
136.349 763 0
136.349 521 0
136.799 716 0
136.799 572 0
136.855 501 0
136.855 448 0
136.911 262 0
136.911 346 0
137.024 86 0
137.024 288 0
137.08 215 0
137.08 286 0
137.136 725 0
137.136 4 0
137.249 152 0
137.249 406 0
137.305 665 0
137.305 180 0
137.362 294 0
137.362 293 0
137.39 322 0
137.418 545 0
137.446 646 0
137.474 890 0
137.587 654 0
137.587 664 0
137.643 33 0
137.643 254 0
137.756 676 0
137.756 232 0
137.812 63 0
137.812 643 0
137.924 424 0
137.924 849 0
138.037 819 0
138.037 899 0
138.093 755 0
138.093 142 0
138.15 76 0
138.15 618 0
138.262 570 0
138.262 250 0
138.375 129 0
138.375 526 0
138.431 467 0
138.431 100 0
138.487 516 0
138.487 511 0
138.544 734 0
138.544 503 0
138.6 674 0
138.6 637 0
138.712 421 0
138.712 320 0
138.825 289 0
138.825 29 0
138.825 157 0
138.825 216 0
139.275 797 0
139.275 469 0
139.275 249 0
139.388 442 0
139.416 220 0
139.444 232 0
139.472 28 0
139.5 827 0
139.613 213 0
139.613 267 0
139.726 17 0
139.726 715 0
139.782 708 0
139.782 496 0
139.838 589 0
139.838 434 0
139.894 349 0
139.894 520 0
139.951 442 0
139.951 801 0
140.063 643 0
140.063 36 0
140.176 487 0
140.176 679 0
140.288 491 0
140.288 192 0
140.401 719 0
140.401 664 0
140.457 787 0
140.457 535 0
140.514 385 0
140.514 851 0
140.626 446 0
140.626 778 0
140.739 613 0
140.739 420 0
140.851 408 0
140.851 280 0
140.908 688 0
140.908 496 0
140.964 601 0
140.964 615 0
141.02 245 0
141.076 677 0
141.076 394 0
141.076 475 0
141.302 219 0
141.358 487 0
141.414 820 0
141.47 187 0
141.527 320 0
141.583 226 0
141.639 844 0
141.696 159 0
141.752 781 0
141.808 593 0
141.864 871 0
141.921 104 0
141.977 830 0
142.033 738 0
142.09 686 0
142.146 868 0
142.202 887 0
142.258 203 0
142.315 172 0
142.371 709 0
142.427 277 0
142.484 771 0
142.54 577 0
142.596 126 0
142.652 609 0
142.709 628 0
142.765 769 0
142.821 235 0
142.878 730 0
142.934 654 0
142.99 66 0
143.046 83 0
143.103 752 0
143.159 528 0
143.215 441 0
143.272 812 0
143.328 158 0
143.328 514 0
143.778 502 0
143.778 644 0
143.834 657 0
143.891 4 0
143.947 465 0
144.003 875 0
144.06 271 0
144.116 45 0
144.172 177 0
144.228 496 0
144.285 516 0
144.341 717 0
144.397 16 0
144.454 739 0
144.51 838 0
144.566 178 0
144.622 61 0
144.679 809 0
144.735 623 0
144.791 7 0
144.848 134 0
144.904 485 0
144.96 722 0
145.016 256 0
145.073 22 0
145.129 465 0
145.185 355 0
145.242 105 0
145.298 650 0
145.354 333 0
145.41 579 0
145.467 702 0
145.523 766 0
145.579 854 0
145.636 445 0
145.692 550 0
145.748 873 0
145.804 584 0
145.804 621 0
146.255 741 0
146.255 115 0
146.255 460 0
146.311 727 0
146.367 542 0
146.424 110 0
146.48 717 0
146.536 421 0
146.592 166 0
146.649 489 0
146.705 829 0
146.761 300 0
146.818 493 0
146.874 3 0
146.93 138 0
146.986 713 0
147.043 314 0
147.099 782 0
147.155 793 0
147.212 659 0
147.268 659 0
147.324 367 0
147.38 131 0
147.437 34 0
147.493 723 0
147.549 662 0
147.606 45 0
147.662 476 0
147.718 139 0
147.774 547 0
147.831 547 0
147.887 346 0
147.943 824 0
148.0 51 0
148.056 606 0
148.112 422 0
148.168 256 0
148.225 862 0
148.281 679 0
148.731 436 0
148.731 692 0
148.788 79 0
148.788 495 0
148.844 525 0
148.844 126 0
148.9 687 0
148.9 715 0
148.956 324 0
148.956 609 0
149.013 280 0
149.013 403 0
149.069 366 0
149.069 375 0
149.125 566 0
149.125 543 0
149.182 410 0
149.182 91 0
149.238 162 0
149.238 531 0
149.294 353 0
149.294 817 0
149.35 300 0
149.35 622 0
149.407 10 0
149.407 288 0
149.463 478 0
149.463 879 0
149.519 536 0
149.519 304 0
149.576 127 0
149.576 290 0
149.632 564 0
149.632 416 0
149.688 826 0
149.688 769 0
149.744 475 0
149.744 822 0
149.801 575 0
149.801 834 0
149.857 710 0
149.857 146 0
149.913 880 0
149.913 775 0
149.97 367 0
149.97 895 0
150.026 283 0
150.026 605 0
150.082 40 0
150.082 27 0
150.138 192 0
150.138 677 0
150.195 449 0
150.307 736 0
150.307 410 0
150.307 792 0
150.476 149 0
150.476 517 0
150.476 610 0
150.645 355 0
150.645 721 0
150.645 605 0
150.814 598 0
150.814 507 0
150.814 893 0
150.983 522 0
150.983 437 0
150.983 878 0
150.983 776 0
151.208 149 0
151.208 364 0
151.208 202 0
151.658 865 0
151.883 687 0
152.108 645 0
152.221 369 0
152.333 118 0
152.784 252 0
153.009 583 0
153.234 81 0
153.684 331 0
154.135 470 0
154.36 500 0
154.585 215 0
154.697 62 0
154.81 254 0
155.26 899 0
155.485 231 0
155.598 14 0
155.711 336 0
156.161 578 0
156.611 641 0
156.836 605 0
157.061 117 0
157.174 228 0
157.287 840 0
157.737 367 0
157.962 578 0
158.187 791 0
158.637 630 0
159.088 725 0
159.313 678 0
159.538 513 0
159.651 719 0
159.763 388 0
160.213 263 0
160.439 770 0
160.664 809 0
161.114 722 0
161.564 481 0
161.789 575 0
162.015 148 0
162.071 665 0
162.127 678 0
162.183 245 0
162.24 551 0
162.465 117 0
162.69 864 0
162.915 338 0
163.14 775 0
163.591 872 0
163.816 610 0.675
164.491 151 0
164.604 458 0
164.716 453 0
164.998 399 0
165.223 482 0
165.335 512 0
165.504 577 0
165.617 575 0
165.701 227 0
165.786 585 0
165.87 771 0
165.955 94 0
166.067 699 0
166.405 703 0.9
167.418 21 0
167.643 498 0
167.868 855 0
167.981 373 0
168.318 78 0
168.544 278 0
168.994 161 0
169.444 103 0
169.613 565 0
170.063 523 0
170.232 760 0
170.739 825 0
170.908 775 0
171.02 378 0.056
171.076 601 0
