0.013 543 0
0.124 326 0
0.235 344 0
0.346 736 0
0.457 435 0
0.568 707 0
0.679 532 0
0.79 898 0
0.901 861 0
1.012 751 0
1.124 361 0
1.235 152 0
1.346 885 0
1.457 606 0
1.568 7 0
1.679 556 0
1.79 104 0
1.901 260 0
2.012 178 0
2.124 618 0
2.235 449 0
2.346 223 0
2.457 625 0
2.568 848 0
2.679 778 0
2.79 630 0
2.901 525 0
3.012 647 0
3.124 591 0
3.235 495 0
3.346 268 0
3.457 734 0
3.568 571 0
3.679 592 0
3.79 845 0
3.901 218 0
4.012 143 0
4.124 535 0
4.235 207 0
4.346 479 0
4.457 416 0
4.568 502 0
4.679 190 0
4.79 747 0
4.901 348 0
5.012 24 0
5.124 680 0
5.235 766 0
5.346 179 0
5.457 542 0
5.568 17 0
5.679 547 0
5.79 584 0
5.901 323 0
6.012 34 0
6.124 95 0
6.235 49 0
6.346 588 0
6.457 547 0
6.568 31 0
6.679 336 0
6.79 791 0
6.901 618 0
7.012 767 0
7.124 663 0
7.124 585 0
7.235 235 0
7.346 849 0
7.457 279 0
7.568 800 0
7.568 566 0
7.679 693 0
7.79 207 0
7.901 525 0
8.012 53 0
8.012 557 0
8.124 7 0
8.235 561 0
8.346 220 0
8.457 1 0
8.457 537 0
8.568 6 0
8.679 441 0
8.79 799 0
8.901 532 0
8.901 275 0
9.012 176 0
9.124 209 0
9.235 587 0
9.346 702 0
9.346 233 0
9.457 85 0
9.568 704 0
9.679 602 0
9.79 654 0
9.79 72 0
9.901 191 0
10.012 468 0
10.124 830 0
10.235 592 0
10.235 737 0
10.346 113 0
10.457 385 0
10.568 550 0
10.679 759 0
10.679 246 0
10.79 15 0
10.901 893 0
11.012 814 0
11.124 346 0
11.124 611 0
11.235 112 0
11.346 585 0
11.457 504 0
11.568 518 0
11.568 435 0
11.679 53 0
11.79 891 0
11.901 359 0
12.012 209 0
12.012 700 0
12.124 440 0
12.235 547 0
12.346 871 0
12.457 439 0
12.457 754 0
12.568 85 0
12.679 755 0
12.79 448 0
12.901 744 0
12.901 131 0
13.012 499 0
13.124 206 0
13.235 31 0
13.346 695 0
13.346 550 0
13.457 405 0
13.568 713 0
13.679 469 0
13.79 672 0
13.79 220 0
13.901 246 0
14.012 182 0
14.124 421 0
14.235 126 0
14.235 867 0.111
14.235 304 0
14.346 548 0.111
14.457 554 0.111
14.568 62 0.111
14.679 548 0.111
14.79 638 0.111
14.901 444 0.111
15.012 800 0.112
15.124 252 0.111
15.235 427 0.111
15.346 455 0.111
15.457 317 0.111
15.568 883 0.111
15.679 881 0.111
15.79 295 0.111
15.901 522 0.111
16.012 643 0.112
16.124 351 0.111
16.235 553 0.111
16.346 18 0.111
16.457 187 0.111
16.568 402 0.111
16.679 783 0.111
16.79 459 0.111
16.901 537 0.111
17.012 489 0.112
17.124 795 0.111
17.235 401 0.111
17.346 628 0.111
17.457 578 0.111
17.568 529 0.111
17.679 742 0.111
17.79 255 0.111
17.901 123 0.111
18.012 205 0.112
18.124 809 0.111
18.235 499 0.111
18.346 581 0.111
18.457 423 0.111
18.568 160 0.111
18.679 213 0.111
18.79 322 0.111
18.901 25 0.111
19.012 201 0.112
19.124 224 0.111
19.235 619 0.111
19.346 692 0.111
19.457 340 0.111
19.568 496 0.111
19.679 571 0.111
19.79 877 0.111
19.901 360 0.111
20.012 632 0.112
20.124 567 0.111
20.235 769 0.111
20.346 540 0.111
20.457 872 0.111
20.568 298 0.111
20.679 839 0.111
20.79 209 0.111
20.901 493 0.111
21.012 672 0.112
21.124 618 0.111
21.235 521 0.111
21.346 322 0.111
21.346 262 0
21.346 35 0
21.457 576 0.111
21.568 193 0.111
21.679 804 0.111
21.79 564 0.111
21.79 430 0
21.901 707 0.111
22.012 811 0.112
22.124 37 0.111
22.235 292 0.111
22.235 144 0
22.346 27 0.111
22.457 323 0.111
22.568 747 0.111
22.679 788 0.111
22.679 421 0
22.79 431 0.111
22.901 122 0.111
23.012 117 0.112
23.124 353 0.111
23.124 385 0
23.235 865 0.111
23.346 360 0.111
23.457 23 0.111
23.568 579 0.111
23.568 637 0
23.679 435 0.111
23.79 195 0.111
23.901 74 0.111
24.012 138 0
24.012 339 0.112
24.124 574 0.111
24.235 400 0.111
24.346 436 0.111
24.457 244 0.111
24.457 80 0
24.568 798 0.111
24.679 700 0.111
24.79 434 0.111
24.901 505 0.111
24.901 265 0
25.012 93 0.112
25.124 209 0.111
25.235 199 0.111
25.346 785 0.111
25.346 778 0
25.457 548 0.111
25.568 35 0.111
25.679 470 0.111
25.79 623 0
25.79 326 0.111
25.901 1 0.111
26.012 835 0.112
26.124 788 0.111
26.235 179 0.111
26.235 835 0
26.346 407 0.111
26.457 868 0.111
26.568 57 0.111
26.679 886 0.111
26.679 180 0
26.79 508 0.111
26.901 762 0.111
27.012 481 0.112
27.124 751 0.111
27.124 197 0
27.235 841 0.111
27.346 237 0.111
27.457 560 0.111
27.568 179 0.111
27.568 270 0
27.679 868 0.111
27.79 134 0.111
27.901 135 0.111
28.012 101 0
28.012 204 0.112
28.124 94 0.111
28.235 437 0.111
28.346 292 0.111
32.012 823 0
32.012 167 0
32.012 41 0
32.124 333 0
32.124 221 0
32.235 57 0
32.235 121 0
32.346 262 0
32.457 288 0
32.457 514 0
32.568 451 0
32.679 617 0
32.679 651 0
32.79 86 0
32.901 383 0
32.901 408 0
33.012 555 0
33.124 839 0
33.124 260 0
33.235 636 0
33.346 857 0
33.346 91 0
33.457 252 0
33.568 313 0
33.568 730 0
33.679 763 0
33.679 746 0
33.79 251 0
33.79 414 0
33.901 40 0
34.012 8 0
34.012 865 0
34.124 89 0
34.235 114 0
34.235 75 0
34.346 460 0
34.457 117 0
34.457 755 0
34.568 526 0
34.679 72 0
34.679 620 0
34.79 216 0
34.901 520 0
34.901 478 0
35.012 754 0
35.124 86 0
35.124 481 0
35.235 350 0
35.235 244 0
35.346 85 0
35.346 224 0
35.401 91 0
35.401 885 0
35.457 486 0
35.457 786 0
35.512 91 0
35.512 170 0
35.568 884 0
35.568 68 0
35.679 510 0
35.79 315 0
35.79 891 0
35.901 738 0
36.012 136 0
36.012 511 0
36.124 393 0
36.235 23 0
36.235 879 0
36.346 363 0
36.457 256 0
36.457 57 0
36.568 536 0
36.679 655 0
36.679 351 0
36.79 507 0
36.901 122 0
36.901 640 0
37.012 301 0
37.124 500 0
37.124 161 0
37.235 57 0
37.235 465 0
37.346 415 0
37.346 152 0
37.457 822 0
37.568 765 0
37.568 358 0
37.679 478 0
37.79 770 0
37.79 497 0
37.901 162 0
38.012 732 0
38.012 683 0
38.124 697 0
38.235 101 0
38.235 50 0
38.346 783 0
38.346 419 0
38.457 386 0
38.457 265 0
38.568 867 0
38.568 443 0
38.679 486 0
38.679 135 0.222
38.901 314 0.223
38.901 642 0
39.124 490 0
39.124 416 0
39.124 348 0
39.235 466 0
39.346 547 0
39.346 878 0
39.457 269 0
39.568 508 0
39.568 559 0
39.679 290 0
39.79 681 0
39.79 472 0
39.901 307 0
40.012 398 0
40.012 589 0
40.124 785 0
40.235 194 0
40.235 885 0
40.346 663 0
40.457 470 0
40.457 170 0
40.568 227 0
40.679 889 0
40.679 91 0
40.79 60 0
40.79 744 0
40.901 658 0
40.901 718 0
41.012 254 0
41.124 448 0
41.124 752 0
41.235 112 0
41.346 418 0
41.346 865 0
41.457 190 0
41.568 238 0
41.568 775 0
41.679 658 0
41.79 223 0
41.79 668 0
41.901 411 0
42.012 174 0
42.012 129 0
42.124 305 0
42.235 667 0
42.235 810 0
42.346 306 0
42.346 339 0
42.457 776 0
42.457 40 0
42.512 28 0
42.512 228 0
42.568 159 0
42.568 497 0
42.624 652 0
42.624 210 0
42.679 49 0
42.679 13 0
42.79 809 0
42.901 864 0
42.901 200 0
43.012 254 0
43.124 409 0
43.124 196 0
43.235 328 0
43.346 644 0
43.346 388 0
43.457 302 0
43.457 372 0
43.568 552 0
43.568 503 0
43.679 658 0
43.79 606 0
43.79 401 0
43.901 229 0
44.012 530 0
44.012 390 0
44.124 229 0
44.124 547 0
44.235 581 0
44.235 170 0
44.346 410 0
44.346 454 0
44.457 869 0
44.457 458 0
44.568 612 0
44.679 863 0
44.679 73 0
44.79 812 0
44.901 626 0
44.901 752 0
45.012 485 0
45.124 784 0
45.124 486 0
45.235 326 0
45.235 522 0
45.346 713 0
45.346 320 0
45.457 755 0
45.457 543 0
45.568 176 0
45.568 875 0
45.679 696 0
45.679 713 0
45.79 832 0
45.818 26 0
45.846 30 0
45.874 328 0
45.901 21 0
45.929 4 0
45.957 38 0
45.985 677 0
46.012 551 0
46.068 570 0
46.124 336 0
46.179 892 0
46.235 809 0
46.235 634 0
46.346 555 0
46.346 83 0
46.457 606 0
46.457 424 0
46.568 819 0
46.568 418 0
46.679 558 0
46.679 539 0
46.79 280 0
46.79 81 0
46.901 541 0
46.901 799 0
46.957 428 0
46.957 539 0
47.012 832 0
47.012 360 0
47.068 678 0
47.068 886 0
47.124 112 0
47.124 76 0
47.235 878 0
47.346 632 0
47.346 641 0
47.457 701 0
47.568 595 0
47.568 238 0
47.679 206 0
47.79 606 0
47.79 176 0
47.901 444 0
47.901 525 0
48.012 42 0
48.012 117 0
48.124 333 0
48.235 174 0
48.235 622 0
48.346 896 0
48.457 781 0
48.457 861 0
48.568 150 0
48.679 653 0
48.679 633 0
48.79 226 0
48.79 268 0
48.901 458 0
48.901 554 0
49.012 851 0
49.012 10 0
49.124 641 0
49.124 220 0
49.29 303 0
49.29 717 0
49.346 102 0
49.346 382 0
49.457 719 0
49.457 418 0
49.568 206 0
49.568 132 0
49.679 790 0
49.679 112 0
49.79 271 0
49.79 643 0
49.901 881 0
50.012 657 0
50.012 148 0
50.124 474 0
50.235 572 0
50.235 352 0
50.346 187 0
50.457 465 0
50.457 263 0
50.568 16 0
50.679 545 0
50.679 807 0
50.79 700 0
50.901 216 0
50.901 819 0
51.012 90 0
51.124 330 0
51.124 179 0
51.235 895 0
51.346 168 0
51.346 220 0
51.457 822 0
51.457 532 0
51.568 359 0
51.568 701 0
51.679 863 0
51.79 334 0
51.79 328 0
51.901 449 0
52.012 439 0
52.012 86 0
52.124 277 0
52.235 880 0
52.235 85 0
52.346 307 0
52.346 814 0
52.457 854 0
52.457 667 0
52.568 873 0
52.568 535 0
52.679 305 0
52.679 487 0
52.79 860 0
52.79 335 0
52.901 692 0.223
52.901 245 0
53.124 9 0
53.124 870 0.222
53.346 499 0
53.346 396 0
53.346 430 0
53.457 21 0
53.457 197 0
53.568 633 0
53.568 579 0
53.679 51 0
53.679 28 0
53.79 151 0
53.79 593 0
53.901 773 0
53.901 533 0
54.012 103 0
54.012 197 0
54.124 600 0
54.124 144 0
54.179 16 0
54.179 849 0
54.235 787 0
54.235 610 0
54.346 388 0
54.346 782 0
54.457 109 0
54.457 129 0
54.568 138 0
54.568 117 0
54.679 548 0
54.679 294 0
54.735 799 0
54.735 18 0
54.79 447 0
54.79 587 0
54.901 838 0
54.901 130 0
54.957 729 0
54.957 886 0
55.012 8 0
55.012 186 0
55.068 300 0
55.068 228 0
55.124 508 0
55.124 851 0
55.235 692 0
55.235 702 0
55.346 719 0
55.346 155 0
55.457 688 0
55.457 638 0
55.568 860 0
55.568 634 0
55.679 619 0
55.679 497 0
55.79 240 0
55.79 566 0
55.901 640 0
55.901 606 0
55.957 533 0
55.957 602 0
56.012 380 0
56.012 400 0
56.124 867 0
56.124 150 0
56.235 675 0
56.235 542 0
56.346 36 0
56.346 430 0
56.457 583 0
56.457 800 0
56.512 346 0
56.512 260 0
56.568 710 0
56.568 612 0
56.624 568 0
56.624 260 0
56.679 322 0
56.679 162 0
56.735 886 0
56.735 326 0
56.79 39 0
56.79 318 0
56.846 657 0
56.846 521 0
56.901 176 0
56.901 616 0
57.012 766 0
57.012 238 0
57.124 476 0
57.124 143 0
57.235 718 0
57.235 136 0
57.346 303 0
57.346 287 0
57.457 666 0
57.457 502 0
57.568 855 0
57.624 7 0
57.679 711 0
57.735 248 0
57.79 779 0
57.79 364 0
57.901 582 0
57.901 95 0
58.012 215 0
58.012 107 0
58.124 347 0
58.124 502 0
58.235 448 0
58.235 277 0
58.346 891 0
58.346 761 0
58.457 573 0
58.485 280 0
58.512 706 0
58.54 228 0
58.568 115 0
58.596 132 0
58.624 514 0
58.651 190 0
58.679 361 0
58.679 425 0
58.79 173 0
58.79 69 0
58.901 858 0
58.957 588 0
59.012 781 0
59.068 499 0
59.124 729 0
59.124 667 0
59.235 420 0
59.235 890 0
59.346 501 0
59.374 330 0
59.401 733 0
59.429 821 0
59.457 280 0
59.485 202 0
59.512 114 0
59.54 229 0
59.568 633 0
59.624 252 0
59.679 780 0
59.735 501 0
59.79 812 0
59.79 11 0
59.846 328 0
59.901 795 0
59.901 462 0
59.957 830 0
60.012 495 0
60.04 18 0
60.068 417 0
60.096 757 0
60.124 654 0
60.151 798 0
60.179 110 0
60.207 504 0
60.235 215 0
60.262 485 0
60.29 34 0
60.318 555 0
60.346 101 0
60.374 498 0
60.401 550 0
60.429 727 0
60.457 637 0
60.457 832 0
60.679 500 0
60.679 554 0
60.679 695 0
60.901 81 0
60.901 463 0
60.901 796 0
61.124 897 0
61.124 860 0
61.124 798 0
61.346 201 0
61.346 307 0
61.346 782 0
61.568 258 0
61.568 341 0
61.568 120 0
61.79 127 0
61.79 738 0
61.79 567 0
62.012 406 0
62.012 60 0
62.012 387 0
62.124 626 0
62.235 359 0
62.235 186 0
62.235 181 0
62.457 789 0
62.457 224 0
62.457 24 0
62.679 693 0
62.679 844 0
62.679 873 0
62.901 171 0
62.901 843 0
62.901 290 0
63.124 778 0
63.124 825 0
63.124 87 0
63.346 487 0
63.346 598 0
63.346 607 0
63.568 263 0
63.568 658 0
63.568 419 0
63.679 104 0
63.79 532 0
63.79 361 0
63.846 39 0
63.846 402 0
63.901 537 0
63.901 719 0
63.957 721 0
63.957 407 0
64.012 797 0
64.012 43 0
64.235 486 0
64.235 729 0
64.235 379 0
64.457 323 0
64.457 456 0
64.457 120 0
64.679 467 0
64.679 328 0
64.679 81 0
64.901 812 0
64.901 590 0
64.901 193 0
65.124 588 0
65.124 177 0
65.124 136 0
65.346 285 0
65.346 320 0
65.346 731 0
65.568 638 0
65.568 839 0
65.568 614 0
65.679 621 0
65.79 884 0
65.79 564 0
65.79 867 0
66.012 202 0
66.012 101 0
66.012 477 0
66.235 574 0
66.235 116 0
66.235 248 0
66.457 841 0
66.457 727 0
66.457 881 0
66.679 183 0
66.679 826 0
66.679 177 0
66.901 493 0
66.901 195 0
66.901 550 0
67.124 93 0
67.124 300 0
67.124 547 0
67.235 521 0
67.346 71 0
67.346 221 0
67.401 424 0
67.401 589 0
67.457 321 0
67.457 559 0
67.512 87 0
67.568 647 0
67.568 631 0
67.568 263 0
67.79 414 0
67.79 23 0
67.79 612 0
68.012 375 0
68.012 449 0
68.012 39 0
68.235 171 0
68.235 756 0
68.235 240 0
68.457 596 0
68.457 790 0
68.457 279 0
68.679 613 0
68.679 568 0
68.679 258 0
68.901 864 0
68.901 63 0
68.901 515 0
69.124 463 0
69.124 584 0
69.124 644 0
69.235 440 0
69.346 474 0
69.346 157 0
69.346 864 0
69.568 287 0
69.568 607 0
69.568 876 0
69.79 541 0
69.79 825 0
69.79 261 0
70.012 882 0
70.012 335 0
70.012 408 0
70.235 567 0
70.235 279 0
70.235 250 0
70.457 86 0
70.457 638 0
70.457 847 0
70.679 163 0
70.679 1 0
70.679 206 0
70.79 699 0
70.901 185 0
70.901 768 0
70.957 245 0
70.957 335 0
71.012 22 0
71.012 441 0
71.068 587 0
71.068 2 0
71.124 632 0
71.124 378 0
71.346 407 0
71.346 860 0
71.346 581 0
71.568 256 0
71.568 449 0
71.568 828 0
71.79 298 0
71.79 678 0
71.79 74 0
72.012 792 0
72.012 244 0
72.012 172 0
72.235 461 0
72.235 618 0
72.235 74 0
72.457 548 0
72.457 288 0
72.457 163 0
72.679 768 0
72.679 755 0
72.679 21 0
72.79 11 0
72.901 492 0
72.901 806 0
72.901 621 0
73.124 737 0
73.124 253 0
73.124 370 0
73.346 268 0
73.346 696 0
73.346 289 0
73.568 555 0
73.568 76 0
73.568 293 0
73.79 75 0
73.79 110 0
73.79 150 0
74.012 449 0
74.012 541 0
74.012 24 0
74.235 69 0
74.235 520 0
74.235 890 0
74.346 388 0
74.457 411 0
74.457 193 0
74.512 342 0
74.512 695 0
74.568 561 0
74.568 492 0
74.624 72 0
74.679 241 0.222
74.679 354 0
74.679 876 0
74.901 668 0
74.901 113 0
74.901 827 0.223
75.124 670 0
75.124 650 0
75.124 392 0.222
75.346 815 0
75.346 71 0
75.346 529 0.222
75.568 740 0
75.568 700 0
75.568 2 0.222
75.79 232 0
75.79 830 0
75.79 60 0.222
76.012 819 0
76.012 614 0
76.012 289 0.223
76.235 689 0
76.235 180 0
76.235 154 0.222
76.346 101 0
76.457 560 0
76.457 731 0
76.457 538 0.222
76.679 817 0
76.679 459 0
76.679 655 0.222
76.901 449 0
76.901 506 0
76.901 593 0.223
77.124 762 0
77.124 457 0
77.124 782 0.222
77.346 85 0
77.346 66 0
77.346 363 0.222
77.568 887 0
77.568 324 0
77.568 694 0.222
77.79 899 0
77.79 78 0
77.79 34 0.222
77.901 94 0
78.012 28 0
78.012 137 0
78.068 857 0
78.068 403 0
78.124 188 0
78.124 719 0
78.179 623 0
78.179 630 0
78.235 371 0
78.235 363 0.222
78.457 738 0
78.457 11 0
78.457 202 0.222
78.679 239 0.222
78.679 53 0
78.679 263 0
78.901 549 0
78.901 219 0.223
78.901 733 0
79.124 602 0.222
79.124 99 0
79.124 697 0
79.346 82 0
79.346 119 0
79.346 364 0.222
79.568 486 0
79.568 32 0
79.568 783 0.222
79.79 793 0.222
79.79 812 0
79.79 784 0
79.901 55 0
80.012 25 0.223
80.012 790 0
80.012 143 0
80.235 182 0
80.235 741 0
80.235 666 0.222
80.457 339 0
80.457 877 0
80.457 822 0.222
80.679 765 0
80.679 897 0
80.679 763 0.222
80.901 786 0
80.901 145 0
80.901 677 0.223
81.124 604 0.222
81.124 563 0
81.124 251 0
81.346 314 0
81.346 556 0
81.346 749 0.222
81.457 580 0
81.568 760 0
81.568 670 0
81.624 896 0
81.624 63 0
81.679 711 0
81.679 138 0
81.735 469 0
81.79 443 0.222
81.79 95 0
81.79 41 0
82.012 770 0
82.012 137 0
82.012 536 0.223
82.235 727 0
82.235 264 0
82.235 710 0.222
82.457 539 0
82.457 251 0
82.457 692 0.222
82.679 456 0
82.679 11 0
82.679 318 0.222
82.901 756 0
82.901 748 0
82.901 626 0.223
83.124 223 0
83.124 755 0
83.124 277 0.222
83.346 767 0
83.346 395 0
83.346 23 0.222
83.457 643 0
83.568 774 0
83.568 30 0
83.568 424 0.222
83.79 206 0
83.79 751 0
83.79 537 0.222
84.012 72 0
84.012 702 0
84.012 7 0.223
84.235 580 0
84.235 505 0
84.235 514 0.222
84.457 401 0
84.457 152 0
84.457 706 0.222
84.679 471 0
84.679 370 0
84.679 677 0.222
84.901 502 0
84.901 433 0
84.901 811 0.223
85.012 47 0
85.124 386 0
85.124 436 0
85.179 210 0
85.179 55 0
85.235 532 0
85.235 337 0
85.29 78 0
85.346 649 0
85.346 790 0
85.346 844 0
85.457 288 0
85.457 795 0
85.568 740 0
85.568 135 0
85.679 493 0
85.679 125 0
85.79 24 0
85.79 331 0
85.901 67 0
85.901 327 0
86.012 18 0
86.012 404 0
86.124 186 0
86.124 460 0
86.179 193 0
86.235 460 0
86.235 494 0
86.235 634 0
86.346 218 0
86.346 848 0
86.457 573 0
86.457 628 0
86.568 543 0
86.568 185 0
86.679 570 0
86.679 703 0
86.735 206 0
86.735 681 0
86.79 800 0
86.79 766 0
86.901 7 0
86.901 752 0
86.957 724 0
86.957 224 0
87.012 896 0
87.012 759 0
87.068 144 0
87.068 781 0
87.124 416 0
87.124 270 0
87.179 551 0
87.235 699 0
87.29 300 0
87.346 471 0
87.401 674 0
87.457 849 0
87.512 508 0
87.568 639 0
87.596 135 0
87.624 262 0
87.651 877 0
87.679 814 0
87.707 387 0
87.735 606 0
87.762 472 0
87.79 646 0
87.818 533 0
87.846 15 0
87.874 206 0
87.901 681 0
87.929 418 0
87.957 622 0
87.985 700 0
88.012 825 0.167
88.235 628 0.166
88.457 292 0.333
88.901 403 0
88.901 390 0
88.901 55 0
89.012 826 0
89.012 897 0
89.012 25 0
89.124 275 0
89.124 436 0
89.124 47 0
89.235 593 0
89.346 1 0
89.346 653 0
89.457 97 0
89.568 210 0
89.568 561 0
89.679 805 0
89.79 669 0
89.79 686 0
89.901 18 0
90.012 840 0
90.012 442 0
90.124 364 0
90.235 877 0
90.235 182 0
90.346 302 0
90.457 852 0
90.457 13 0
90.568 390 0
90.568 728 0
90.679 478 0
90.679 381 0
90.79 258 0
90.901 227 0
90.901 648 0
91.012 241 0
91.124 662 0
91.124 55 0
91.235 771 0
91.346 750 0
91.346 129 0
91.457 89 0
91.568 38 0
91.568 818 0
91.679 144 0
91.79 289 0
91.79 8 0
91.901 849 0
92.012 685 0
92.012 243 0
92.124 209 0
92.124 133 0
92.235 479 0
92.235 62 0
92.29 742 0
92.29 477 0
92.346 872 0
92.346 612 0
92.401 183 0
92.401 14 0
92.457 856 0
92.457 522 0
92.568 66 0
92.679 874 0
92.679 592 0
92.79 129 0
92.901 594 0
92.901 776 0
93.012 430 0
93.124 635 0
93.124 385 0
93.235 51 0
93.346 116 0
93.346 797 0
93.457 754 0
93.568 857 0
93.568 370 0
93.679 181 0
93.79 140 0
93.79 812 0
93.901 518 0
94.012 448 0
94.012 878 0
94.124 799 0
94.124 169 0
94.235 104 0
94.235 351 0
94.346 361 0
94.457 223 0
94.457 699 0
94.568 82 0
94.679 751 0
94.679 737 0
94.79 331 0
94.901 1 0
94.901 158 0
95.012 642 0
95.124 614 0
95.124 552 0
95.235 392 0
95.235 25 0
95.346 705 0
95.346 275 0
95.457 720 0
95.457 64 0
95.568 630 0
95.568 276 0.222
95.79 306 0
95.79 30 0.222
96.012 628 0
96.012 593 0
96.012 472 0
96.124 524 0
96.235 761 0
96.235 354 0
96.346 675 0
96.457 562 0
96.457 205 0
96.568 578 0
96.679 390 0
96.679 600 0
96.79 283 0
96.901 20 0
96.901 46 0
97.012 227 0
97.124 152 0
97.124 482 0
97.235 416 0
97.346 407 0
97.346 642 0
97.457 151 0
97.568 265 0
97.568 279 0
97.679 761 0
97.679 586 0
97.79 271 0
97.79 316 0
97.901 709 0
98.012 186 0
98.012 409 0
98.124 106 0
98.235 779 0
98.235 191 0
98.346 640 0
98.457 277 0
98.457 821 0
98.568 259 0
98.679 703 0
98.679 828 0
98.79 330 0
98.901 174 0
98.901 312 0
99.012 204 0
99.124 579 0
99.124 126 0
99.235 492 0
99.235 879 0
99.346 700 0
99.346 290 0
99.401 422 0
99.401 240 0
99.457 745 0
99.457 207 0
99.512 522 0
99.512 200 0
99.568 153 0
99.568 504 0
99.679 538 0
99.79 17 0
99.79 417 0
99.901 789 0
100.012 381 0
100.012 500 0
100.124 506 0
100.235 145 0
100.235 870 0
100.346 258 0
100.346 51 0
100.457 584 0
100.457 422 0
100.568 289 0
100.679 63 0
100.679 413 0
100.79 29 0
100.901 449 0
100.901 46 0
101.012 822 0
101.012 342 0
101.124 662 0
101.124 34 0
101.235 634 0
101.235 159 0
101.346 521 0
101.346 760 0
101.457 75 0
101.568 521 0
101.568 437 0
101.679 771 0
101.79 165 0
101.79 575 0
101.901 298 0
102.012 848 0
102.012 809 0
102.124 468 0
102.124 73 0
102.235 41 0
102.235 91 0
102.346 775 0
102.346 783 0
102.457 478 0
102.457 708 0
102.568 488 0
102.568 699 0
102.679 202 0
102.707 245 0
102.735 265 0
102.762 451 0
102.79 589 0
102.818 807 0
102.846 368 0
102.874 358 0
102.901 195 0
102.957 794 0
103.012 374 0
103.068 599 0
103.124 297 0
103.124 623 0
103.235 68 0
103.235 883 0
103.346 24 0
103.346 540 0
103.457 445 0
103.457 70 0
103.568 220 0
103.568 553 0
103.679 746 0
103.679 631 0
103.79 747 0
103.79 846 0
103.846 320 0
103.846 531 0
103.901 501 0
103.901 403 0
103.957 685 0
103.957 452 0
104.012 576 0
104.012 513 0
104.124 900 0
104.235 200 0
104.235 64 0
104.346 733 0
104.457 725 0
104.457 540 0
104.568 253 0
104.679 563 0
104.679 26 0
104.79 854 0
104.79 162 0
104.901 584 0
104.901 256 0
105.012 873 0
105.124 147 0
105.124 524 0
105.235 644 0
105.346 478 0
105.346 585 0
105.457 70 0
105.568 360 0
105.568 564 0
105.679 137 0
105.679 404 0
105.79 502 0
105.79 604 0
105.901 776 0
105.901 468 0
106.012 289 0
106.012 893 0
106.179 762 0
106.179 802 0
106.235 523 0
106.235 183 0
106.346 319 0
106.346 632 0
106.457 655 0
106.457 375 0
106.568 478 0
106.568 722 0
106.679 136 0
106.679 566 0
106.79 293 0
106.901 304 0
106.901 594 0
107.012 573 0
107.124 751 0
107.124 64 0
107.235 632 0
107.346 220 0
107.346 292 0
107.457 106 0
107.568 486 0
107.568 571 0
107.679 693 0
107.79 587 0
107.79 396 0
107.901 794 0
108.012 110 0
108.012 309 0
108.124 376 0
108.235 253 0
108.235 555 0
108.346 15 0
108.346 874 0
108.457 17 0
108.457 514 0
108.568 246 0
108.679 283 0
108.679 739 0
108.79 769 0
108.901 551 0
108.901 866 0
109.012 117 0
109.124 523 0
109.124 393 0
109.235 327 0
109.235 285 0
109.346 485 0
109.346 569 0
109.457 660 0
109.457 248 0
109.568 47 0
109.568 448 0
109.679 539 0
109.679 401 0
109.79 899 0
109.79 264 0.222
110.012 393 0
110.012 326 0.223
110.235 23 0
110.235 179 0
110.235 380 0
110.346 867 0
110.346 732 0
110.457 54 0
110.457 487 0
110.568 638 0
110.568 588 0
110.679 181 0
110.679 389 0
110.79 675 0
110.79 41 0
110.901 125 0
110.901 845 0
111.012 166 0
111.012 47 0
111.068 520 0
111.068 518 0
111.124 841 0
111.124 340 0
111.235 358 0
111.235 3 0
111.346 332 0
111.346 417 0
111.457 866 0
111.457 498 0
111.568 889 0
111.568 9 0
111.624 374 0
111.624 4 0
111.679 373 0
111.679 872 0
111.79 296 0
111.79 236 0
111.846 479 0
111.846 489 0
111.901 92 0
111.901 83 0
111.957 145 0
111.957 682 0
112.012 741 0
112.012 797 0
112.124 193 0
112.124 898 0
112.235 282 0
112.235 258 0
112.346 480 0
112.346 123 0
112.457 608 0
112.457 139 0
112.568 897 0
112.568 776 0
112.679 514 0
112.679 833 0
112.79 754 0
112.79 597 0
112.846 457 0
112.846 207 0
112.901 833 0
112.901 239 0
113.012 452 0
113.012 538 0
113.124 2 0
113.124 312 0
113.235 317 0
113.235 753 0
113.346 370 0
113.346 142 0
113.401 202 0
113.401 109 0
113.457 542 0
113.457 795 0
113.512 563 0
113.512 677 0
113.568 233 0
113.568 221 0
113.624 867 0
113.624 413 0
113.679 396 0
113.679 737 0
113.735 662 0
113.735 464 0
113.79 583 0
113.79 187 0
113.901 508 0
113.901 194 0
114.012 324 0
114.012 478 0
114.124 493 0
114.124 322 0
114.235 481 0
114.235 888 0
114.346 894 0
114.346 563 0
114.457 178 0
114.512 830 0
114.568 561 0
114.624 745 0
114.679 231 0
114.679 81 0
114.79 549 0
114.79 468 0
114.901 729 0
114.901 284 0
115.012 755 0
115.012 237 0
115.124 438 0
115.124 870 0
115.235 557 0
115.235 170 0
115.346 664 0
115.374 131 0
115.401 797 0
115.429 747 0
115.457 442 0
115.485 875 0
115.512 624 0
115.54 422 0
115.568 123 0
115.568 814 0
115.679 494 0
115.679 748 0
115.79 775 0
115.846 67 0
115.901 499 0
115.957 274 0
116.012 44 0
116.012 370 0
116.124 506 0
116.124 553 0
116.235 70 0
116.262 860 0
116.29 342 0
116.318 83 0
116.346 735 0
116.374 152 0
116.401 522 0
116.429 58 0
116.457 661 0
116.512 580 0
116.568 480 0
116.624 567 0
116.679 627 0
116.679 107 0
116.735 180 0
116.79 106 0
116.79 573 0
116.846 741 0
116.901 849 0
116.929 165 0
116.957 245 0
116.985 234 0
117.012 653 0
117.04 792 0
117.068 673 0
117.096 275 0
117.124 676 0
117.151 747 0
117.179 233 0
117.207 446 0
117.235 58 0
117.262 197 0
117.29 877 0
117.318 544 0
117.346 247 0.222
117.346 454 0.222
117.79 312 0
117.79 742 0
118.19 884 0
118.19 634 0
118.59 403 0
118.99 372 0
118.99 529 0
119.39 659 0
119.79 234 0
119.79 327 0.2
119.99 387 0.2
120.19 574 0
120.19 17 0
120.19 610 0.2
120.39 424 0.2
120.59 771 0.2
120.79 873 0.2
120.99 738 0.2
121.19 434 0.2
121.39 627 0.2
121.59 227 0.2
121.79 84 0
121.79 581 0.4
122.19 112 0.4
122.59 827 0
122.59 706 0.4
122.99 132 0.4
123.39 784 0
123.39 68 0.8
124.19 871 0.2
124.39 441 0.2
124.59 62 0.2
124.79 229 0.6
124.99 516 0.4
125.39 898 0.133
125.523 828 0.133
125.656 817 0.134
125.79 897 0.4
126.19 499 0.2
126.39 45 0.2
126.59 266 0.6
126.59 178 0.4
127.19 70 0.6
127.79 162 0.2
127.99 552 0.2
128.19 63 0.4
128.19 296 0.4
128.59 165 0.4
128.99 678 0.8
129.79 740 0
129.79 277 0
129.79 756 0.4
129.99 82 0
130.19 354 0
130.19 465 0.4
130.39 809 0
130.59 530 0
130.59 557 0
130.79 794 0
130.89 171 0
130.99 383 0
130.99 475 0.4
131.19 207 0
131.39 783 0
131.49 369 0
131.59 486 0
131.79 347 0
131.79 839 0.4
131.99 409 0
132.19 111 0
132.19 425 0
132.29 583 0
132.39 35 0
132.49 421 0
132.59 883 0
132.59 253 0.2
132.69 548 0
132.79 739 0
132.79 220 0.4
132.89 132 0
132.99 47 0
133.19 256 0
133.19 717 0.2
133.39 261 0
133.39 300 0.2
133.59 335 0
133.59 593 0.2
133.79 751 0
133.79 686 0
133.79 169 0.2
133.99 742 0
133.99 260 0.2
134.19 683 0
134.19 851 0.2
134.39 185 0
134.39 616 0.2
134.59 614 0
134.59 6 0.4
134.79 231 0
134.99 37 0
134.99 72 0.4
135.19 508 0
135.39 797 0
135.39 755 0
135.39 287 0.4
135.59 78 0
135.79 98 0
135.79 212 0
135.79 820 0.4
135.99 722 0
135.99 618 0
136.19 402 0
136.19 267 0.8
136.39 726 0
136.49 382 0
136.59 757 0
136.79 703 0
136.99 841 0
136.99 869 0
136.99 519 0.2
137.19 682 0
137.19 640 0.2
137.39 647 0
137.39 832 0.2
137.59 9 0
137.59 390 0.6
137.79 179 0
137.79 578 0.4
137.99 4 0
138.19 321 0
138.19 76 0.133
138.323 769 0.133
138.39 126 0
138.456 422 0.134
138.59 859 0
138.59 509 0
138.59 568 0.4
138.79 470 0
138.99 483 0
138.99 399 0.2
139.19 685 0
139.19 60 0.2
139.39 81 0.6
139.39 610 0.4
139.39 394 0
139.59 159 0
139.79 310 0
139.99 496 0
139.99 878 0.6
140.19 613 0
140.19 893 0
140.39 623 0
140.59 711 0
140.59 263 0.2
140.79 76 0
140.79 509 0.2
140.99 104 0
140.99 253 0.4
140.99 548 0.4
141.19 84 0
141.39 188 0
141.39 477 0.4
141.59 439 0
141.79 235 0
141.79 738 0
141.79 824 0.8
141.99 611 0
142.19 109 0
142.19 291 0
142.29 270 0
142.29 116 0
142.39 102 0
142.39 301 0
142.49 575 0
142.49 397 0
142.59 204 0.4
142.59 779 0
142.59 747 0
142.79 766 0
142.99 553 0
142.99 766 0.4
143.19 545 0
143.39 313 0
143.39 83 0
143.59 543 0
143.69 159 0
143.79 548 0
143.79 38 0.4
143.89 326 0
143.99 371 0
144.19 122 0
144.29 496 0
144.39 533 0
144.59 725 0
144.59 106 0.4
144.79 465 0
144.99 205 0
144.99 814 0
145.09 566 0
145.19 119 0
145.29 750 0
145.39 130 0
145.39 293 0.2
145.49 782 0
145.59 578 0
145.59 478 0.4
145.69 604 0
145.79 508 0
145.89 569 0
145.99 30 0
145.99 305 0.2
146.19 761 0
146.19 277 0.2
146.39 555 0
146.39 572 0.2
146.59 640 0
146.59 225 0
146.59 18 0.2
146.79 182 0
146.79 677 0.2
146.99 333 0
146.99 182 0.2
147.19 40 0
147.19 41 0.2
147.39 447 0
147.39 852 0.4
147.59 772 0
147.79 785 0
147.79 736 0.4
147.99 224 0
148.19 249 0
148.19 441 0
148.19 414 0.4
148.39 254 0
148.59 764 0
148.59 350 0
148.59 324 0.4
148.79 180 0
148.79 129 0
148.99 725 0
148.99 869 0.8
149.19 474 0
149.39 479 0
149.59 804 0
149.79 149 0
149.79 81 0
149.79 617 0.2
149.99 228 0
149.99 447 0.2
150.19 740 0
150.19 735 0.2
150.39 304 0
150.39 532 0.6
150.59 11 0
150.59 240 0.4
150.79 304 0
150.99 878 0
150.99 825 0.133
151.123 541 0.133
151.19 299 0
151.256 602 0.134
151.39 400 0
151.39 772 0
151.39 892 0.4
151.59 609 0
151.79 801 0
151.79 656 0.2
151.99 601 0
151.99 533 0.2
152.19 215 0
152.19 22 0.6
152.19 872 0.4
152.39 431 0
152.59 491 0
152.79 578 0
152.79 239 0.6
152.99 335 0
152.99 747 0
153.19 412 0
153.39 18 0
153.39 23 0.2
153.59 317 0
153.59 825 0.2
153.79 177 0
153.79 1 0.4
153.79 641 0.4
153.99 430 0
154.19 258 0.4
154.19 458 0
154.39 153 0
154.59 17 0
154.59 703 0
154.59 814 0.8
154.79 276 0
154.99 23 0
154.99 789 0
155.09 127 0
155.09 503 0
155.19 479 0
155.19 812 0
155.29 821 0
155.29 384 0
155.39 486 0
155.39 637 0
155.39 117 0
155.753 516 0
155.753 238 0
156.117 284 0
156.117 779 0
156.48 622 0
156.48 82 0
156.844 97 0
156.844 507 0
156.844 497 0
157.177 405 0
157.177 115 0
157.51 632 0
157.51 150 0
157.844 16 0
157.844 835 0
158.177 617 0
158.177 706 0
158.177 691 0
158.484 168 0
158.484 473 0
158.792 614 0
158.792 417 0
159.1 234 0
159.1 770 0
159.407 790 0
159.407 529 0
159.407 708 0
159.692 732 0
159.692 241 0
159.978 319 0
159.978 867 0
160.264 702 0
160.264 309 0
160.549 812 0
160.549 366 0
160.549 654 0
160.815 552 0
160.815 197 0
161.082 801 0
161.082 138 0
161.349 146 0
161.349 523 0
161.615 870 0
161.615 481 0
161.615 634 0
161.865 98 0
161.865 476 0
162.115 631 0
162.115 290 0
162.365 204 0
162.365 414 0
162.615 588 0
162.615 699 0
162.615 837 0
162.85 323 0
162.85 520 0
163.085 139 0
163.085 777 0
163.32 4 0
163.32 620 0
163.556 255 0
163.556 686 0
163.556 232 0
163.778 862 0
163.778 742 0
164.0 411 0
164.0 740 0
164.222 99 0
164.222 623 0
164.444 135 0
164.444 300 0
164.444 806 0
164.654 624 0
164.654 539 0
164.865 806 0
164.865 77 0
165.075 245 0
165.075 576 0
165.286 434 0
165.286 897 0
165.286 193 0
165.486 447 0
165.486 396 0
165.686 550 0
165.686 762 0
165.886 752 0
165.886 388 0
166.086 410 0
166.086 114 0
166.086 695 0
166.276 700 0
166.276 89 0
166.466 702 0
166.466 109 0
166.657 558 0
166.657 282 0
166.847 720 0
166.847 306 0
166.847 111 0
167.028 529 0
167.028 184 0
167.21 138 0
167.21 643 0
167.392 473 0
167.392 751 0
167.574 88 0
167.574 682 0
167.574 38 0
167.747 296 0
167.747 385 0
167.921 500 0
167.921 261 0
168.095 286 0
168.095 427 0
168.269 468 0
168.269 442 0
168.269 621 0
168.435 299 0
168.435 99 0
168.602 364 0
168.602 197 0
168.769 468 0
168.769 533 0
168.935 326 0
168.935 570 0
168.935 853 0
169.095 155 0
169.095 451 0
169.255 563 0
169.255 270 0
169.415 268 0
169.415 371 0
169.575 127 0
169.575 232 0
169.575 868 0
169.728 214 0
169.728 125 0
169.882 386 0
169.882 273 0
170.036 79 0
170.036 349 0
170.19 771 0
170.19 331 0
170.19 74 0
170.338 574 0
170.338 60 0
170.486 135 0
170.486 406 0
170.634 855 0
170.634 425 0
170.782 674 0
170.782 663 0
170.782 303 0
170.924 290 0
170.924 573 0
171.067 364 0
171.067 874 0
171.21 470 0
171.21 541 0
171.353 275 0
171.353 765 0
171.353 261 0
171.49 325 0
171.49 514 0
171.628 558 0
171.628 699 0
171.766 368 0
171.766 818 0
171.904 657 0
171.904 393 0
171.904 296 0
172.037 795 0
172.037 471 0
172.17 735 0
172.17 21 0
172.304 222 0
172.304 693 0
172.437 23 0
172.437 856 0
172.437 498 0
172.566 593 0
172.566 417 0
172.695 259 0
172.695 295 0
172.824 149 0
172.824 697 0
172.953 440 0
172.953 587 0
172.953 731 0
173.078 621 0
173.078 396 0
173.203 255 0
173.203 512 0
173.328 297 0
173.328 97 0
173.453 557 0
173.453 372 0
173.453 744 0
173.574 215 0
173.574 125 0
173.695 679 0
173.695 203 0
173.816 677 0
173.816 290 0
173.937 84 0
173.937 183 0
173.937 318 0
174.054 84 0
174.054 400 0
174.172 186 0
174.172 233 0
174.289 801 0
174.289 232 0
174.407 100 0
174.407 473 0
174.407 102 0
174.522 344 0
174.522 534 0
174.637 97 0
174.637 706 0
174.753 746 0
174.753 816 0
174.868 775 0
174.868 567 0
174.868 759 0
174.983 305 0
174.983 598 0
175.099 343 0
175.099 522 0
175.099 810 0
175.214 142 0
175.214 392 0
175.33 134 0
175.33 194 0
175.33 98 0
175.387 599 0
175.445 28 0
175.503 650 0
175.56 445 0
175.618 122 0
175.676 596 0
175.733 586 0
175.791 858 0
175.82 475 0
175.849 664 0
175.878 667 0
175.907 276 0
175.935 571 0
175.964 246 0
175.993 638 0
176.022 167 0
176.051 620 0
176.08 449 0
176.108 516 0
176.137 82 0
176.166 502 0
176.195 399 0
176.224 391 0
176.253 391 3.0
176.253 741 3.0
179.453 116 0
179.453 875 0
179.453 881 0
179.553 653 0
179.653 852 0
179.653 481 0
179.653 236 0
179.753 534 0
179.853 8 0
179.853 281 0
179.853 397 0
179.953 580 0
180.053 752 0
180.053 819 0
180.053 733 0
180.153 452 0
180.253 507 0
180.253 604 0
180.253 188 0
180.353 317 0
180.453 575 0
180.453 874 0
180.453 211 0
180.553 333 0
180.653 381 0
180.653 307 0
180.653 613 0
180.753 434 0
180.853 401 0
180.853 816 0
180.953 698 0
180.953 15 0
181.053 159 0
181.053 740 0
181.153 718 0
181.253 316 0
181.253 345 0
181.253 584 0
181.353 288 0
181.453 838 0
181.453 511 0
181.453 316 0
181.553 861 0
181.653 512 0
181.653 532 0
181.653 264 0
181.753 643 0
181.853 861 0
181.853 659 0
181.853 708 0
181.953 608 0
182.053 172 0
182.053 539 0
182.053 88 0
182.153 860 0
182.253 756 0
182.253 246 0
182.253 238 0
182.353 119 0
182.453 672 0
182.453 817 0
182.553 469 0
182.553 453 0
182.653 467 0
182.653 379 0
182.753 712 0
182.853 369 0
182.853 368 0
182.853 364 0
182.953 647 0
183.053 92 0
183.053 776 0
183.053 19 0
183.153 839 0
183.253 294 0
183.253 465 0
183.253 244 0
183.353 326 0
183.453 689 0
183.453 207 0
183.453 87 0
183.553 248 0
183.653 395 0
183.653 624 0
183.653 280 0
183.753 691 0
183.853 501 0
183.853 222 0
183.853 608 0
183.953 816 0
184.053 65 0
184.053 148 0
184.153 84 0
184.153 644 0
184.253 377 0
184.253 248 0
184.353 735 0
184.453 684 0
184.453 344 0
184.553 30 0
184.553 286 0
184.653 479 0
184.753 717 0
184.753 778 0
184.853 235 0
184.853 154 0
184.953 504 0
184.953 40 0
185.053 189 0
185.053 674 0
185.053 195 0
185.153 332 0
185.153 380 0
185.253 199 0
185.253 130 0
185.253 626 0
185.353 270 0
185.353 370 0
185.453 722 0
185.453 384 0
185.453 462 0
185.503 162 0
185.553 881 0
185.553 589 0
185.653 641 0
185.653 78 0
185.653 748 0
185.753 370 0
185.753 506 0
185.853 816 0
185.853 177 0
185.853 706 0
185.953 548 0
186.053 201 0
186.053 330 0
186.053 872 0
186.153 15 0
186.253 751 0
186.253 841 0
186.253 114 0
186.353 573 0
186.453 416 0
186.453 78 0
186.453 873 0
186.553 720 0
186.653 748 0
186.653 621 0
186.653 891 0
186.753 161 0
186.853 443 0
186.853 611 0
186.853 288 0
186.953 566 0
187.053 135 0
187.053 58 0
187.053 342 0
187.153 257 0
187.253 284 0
187.253 240 0
187.353 271 0
187.353 192 0
187.453 340 0
187.453 702 0
187.553 556 0
187.653 766 0
187.653 887 0
187.653 633 0
187.753 601 0
187.853 71 0
187.853 335 0
187.853 322 0
187.953 27 0
188.053 647 0
188.053 420 0
188.053 184 0
188.153 843 0
188.253 173 0
188.253 276 0
188.253 224 0
188.353 391 0
188.453 54 0
188.453 546 0
188.453 34 0
188.553 716 0
188.653 841 0
188.653 577 0
188.653 394 0
188.753 604 0
188.853 229 0
188.853 628 0
188.953 379 0
188.953 336 0
189.053 268 0
189.053 147 0
189.153 325 0
189.253 211 0
189.253 700 0
189.253 764 0
189.353 325 0
189.453 183 0
189.453 516 0
189.453 828 0
189.553 201 0
189.653 288 0
189.653 231 0
189.653 343 0
189.753 74 0
189.853 411 0
189.853 395 0
189.853 361 0
189.953 143 0
190.053 45 0
190.053 58 0
190.053 655 0
190.153 136 0
190.253 321 0
190.253 580 0
190.253 349 0
190.353 279 0
190.453 351 0
190.453 299 0
190.553 359 0
190.553 726 0
190.653 374 0
190.653 556 0
190.753 674 0
190.853 40 0
190.853 706 0
190.953 129 0
190.953 485 0
191.053 119 0
191.153 247 0
191.153 156 0
191.253 431 0
191.253 651 0
191.353 14 0
191.353 171 0
191.453 52 0
191.453 557 0
191.453 643 0
191.553 529 0
191.553 79 0
191.653 681 0
191.653 697 0
191.753 704 0
191.753 61 0
191.853 172 0
191.853 252 0
191.903 421 0
191.953 636 0
191.953 469 0
192.053 166 0
192.053 648 0
192.153 61 0
192.153 815 0
192.253 400 0
192.253 421 0
192.253 167 0
192.353 476 0
192.453 462 0
192.453 787 0
192.453 516 0
192.553 537 0
192.653 277 0
192.653 846 0
192.653 469 0
192.753 389 0
192.853 226 0
192.853 850 0
192.853 842 0
192.953 710 0
193.053 169 0
193.053 29 0
193.053 556 0
193.153 647 0
193.253 611 0
193.253 834 0
193.253 581 0
193.353 304 0
193.453 520 0
193.453 343 0
193.453 281 0
193.553 463 0
193.653 637 0
193.653 696 0
193.753 599 0
193.753 871 0
193.853 820 0
193.853 335 0
193.953 37 0
194.053 822 0
194.053 585 0
194.053 35 0
194.153 139 0
194.253 626 0
194.253 538 0
194.253 695 0
194.353 534 0
194.453 188 0
194.453 447 0
194.453 265 0
194.553 797 0
194.653 473 0
194.653 885 0
194.653 626 0
194.753 175 0
194.853 776 0
194.853 90 0
194.853 716 0
194.953 786 0
195.053 188 0
195.053 235 0
195.053 572 0
195.153 100 0
195.253 101 0
195.253 817 0
195.353 652 0
195.353 822 0
195.453 854 0
195.453 723 0
195.553 689 0
195.653 593 0
195.653 417 0
195.653 73 0
195.753 181 0
195.853 649 0
195.853 470 0
195.853 780 0
195.953 802 0
196.053 181 0
196.053 688 0
196.053 178 0
196.153 422 0
196.253 645 0
196.253 532 0
196.253 836 0
196.353 573 0
196.453 427 0
196.453 141 0
196.453 113 0
196.553 662 0
196.653 99 0
196.653 820 0
196.653 458 0
196.753 134 0
196.853 293 0
196.853 710 0
196.953 104 0
196.953 571 0
197.053 111 0
197.053 854 0
197.153 194 0
197.253 233 0
197.253 252 0
197.353 684 0
197.353 658 0
197.453 745 0
197.553 61 0
197.553 873 0
197.653 614 0
197.653 788 0
197.653 458 0
197.753 564 0
197.753 707 0
197.853 894 0
197.853 741 0
197.853 224 0
197.953 454 0
197.953 664 0
198.053 451 0
198.053 196 0
198.053 168 0
198.153 404 0
198.153 495 0
198.253 840 0
198.253 474 0
198.303 619 0
198.303 881 0
198.353 154 0
198.353 98 0
198.453 806 0
198.453 350 0
198.553 10 0
198.553 79 0
198.653 94 0
198.653 75 0
198.653 828 0
198.753 323 0
198.853 782 0
198.853 126 0
198.853 596 0
198.953 523 0
199.053 892 0
199.053 406 0
199.053 394 0
199.153 807 0
199.253 769 0
199.253 75 0
199.253 726 0
199.353 437 0
199.453 179 0
199.453 76 0
199.453 784 0
199.553 675 0
199.653 633 0
199.653 849 0
199.653 693 0
199.753 590 0
199.853 25 0
199.853 592 0
199.853 158 0
199.953 696 0
200.053 338 0
200.053 862 0
200.153 509 0
200.153 706 0
200.253 766 0
200.253 264 0
200.353 21 0
200.453 188 0
200.453 20 0
200.453 320 0
200.553 33 0
200.653 705 0
200.653 260 0
200.653 423 0
200.753 109 0
200.853 739 0
200.853 319 0
200.853 562 0
200.953 577 0
201.053 73 0
201.053 812 0
201.053 632 0
201.153 567 0
201.253 240 0
201.253 703 0
201.253 260 0
201.353 398 0
201.453 705 0
201.453 688 0
201.453 245 0
201.553 34 0
201.653 324 0
201.653 305 0
201.753 733 0
201.753 715 0
201.853 268 0
201.853 538 0
201.953 810 0
202.053 53 0
202.053 456 0
202.053 683 0
202.153 212 0
202.253 205 0
202.253 700 0
202.253 816 0
202.353 224 0
202.453 136 0
202.453 362 0
202.453 170 0
202.553 119 0
202.653 496 0
202.653 785 0
202.653 864 0
202.753 606 0
202.853 132 0
202.853 338 0
202.853 209 0
202.953 650 0
203.053 861 0
203.053 526 0
203.053 98 0
203.153 425 0
203.253 672 0
203.253 300 0
203.353 473 0
203.353 773 0
203.453 472 0
203.453 339 0
203.553 679 0
203.653 834 0
203.653 801 0
203.653 553 0
203.753 351 0
203.753 346 0
203.853 241 0
203.853 485 0
203.953 129 0
203.953 573 0
204.053 567 0
204.053 52 0
204.153 448 0
204.153 290 0
204.203 208 0
204.203 835 0
204.253 294 0
204.253 445 0
204.353 407 0
204.353 514 0
204.453 417 0
204.453 145 0
204.553 814 0
204.553 522 0
204.653 546 0
204.653 397 0
204.703 566 0
204.703 473 0
204.753 471 0
204.753 347 0
204.803 493 0
204.803 326 0
204.853 326 0
204.878 179 0
204.903 851 0
204.928 400 0
204.953 781 0
204.978 389 0
205.003 819 0
205.028 687 0
205.053 227 0
205.053 372 0
205.153 192 0
205.153 180 0
205.253 194 0
205.253 345 0
205.353 162 0
205.353 296 0
205.453 667 0
205.453 660 0
205.553 433 0
205.553 441 0
205.653 44 0
205.653 870 0
205.753 483 0
205.753 459 0
205.853 271 0
205.853 803 0
205.953 52 0
205.953 248 0
206.053 513 0
206.053 634 0
206.153 631 0
206.153 192 0
206.253 791 0
206.253 304 0
206.353 411 0
206.353 288 0
206.453 657 0
206.453 128 0
206.553 778 0
206.553 48 0
206.603 228 0
206.603 698 0
206.653 569 0
206.653 200 0
206.753 573 0
206.753 805 0
206.853 620 0
206.853 222 0
206.953 325 0
206.953 754 0
207.053 896 0
207.053 288 0
207.153 6 0
207.153 327 0
207.253 705 0
207.253 259 0
207.353 58 0
207.353 755 0
207.453 168 0
207.453 378 0
207.553 197 0
207.553 301 0
207.653 493 0
207.653 325 0
207.753 465 0
207.753 436 0
207.853 43 0
207.853 62 0
207.903 356 0
207.903 767 0
207.953 752 0
207.953 63 0
208.003 401 0
208.003 687 0
208.053 869 0
208.053 897 0
208.153 53 0
208.153 280 0
208.253 531 0
208.253 87 0
208.353 171 0
208.353 557 0
208.453 879 0
208.453 10 0
208.553 72 0
208.553 240 0
208.653 68 0
208.653 171 0
208.753 39 0
208.753 628 0
208.853 889 0
208.853 647 0
208.953 898 0
208.953 712 0
209.053 591 0
209.053 829 0
209.153 831 0
209.153 407 0
209.253 299 0
209.253 239 0
209.353 449 0
209.353 535 0
209.453 189 0
209.453 596 0
209.553 262 0
209.553 456 0
209.653 496 0
209.653 197 0
209.753 202 0
209.753 692 0
209.803 753 0
209.803 841 0
209.853 453 0
209.853 474 0
209.953 271 0
209.953 761 0
210.003 13 0
210.003 154 0
210.053 608 0
210.053 342 0
210.153 569 0
210.153 637 0
210.253 831 0
210.253 633 0
210.303 178 0
210.303 899 0
210.353 729 0
210.353 840 0
210.453 702 0
210.453 300 0
210.553 874 0
210.553 512 0
210.653 711 0
210.653 248 0
210.703 437 0
210.703 807 0
210.753 458 0
210.753 716 0
210.803 507 0
210.803 490 0
210.853 668 0
210.853 815 0
210.953 884 0
210.953 518 0
211.053 64 0
211.078 473 0
211.103 71 0
211.128 40 0
211.153 266 0
211.178 864 0
211.203 758 0
211.228 168 0
211.253 136 0
211.303 426 0
211.353 46 0
211.403 273 0
211.453 605 0
211.453 702 0
211.553 758 0
211.553 877 0
211.653 579 0
211.653 768 0
211.753 273 0
211.753 212 0
211.853 621 0
211.853 373 0
211.953 69 0
211.953 317 0
212.053 76 0
212.053 381 0
212.153 378 0
212.153 850 0
212.253 784 0
212.253 376 0
212.353 163 0
212.353 654 0
212.453 191 0
212.453 72 0
212.553 711 0
212.553 869 0
212.653 159 0
212.653 696 0
212.753 673 0
212.753 269 0
212.853 150 0
212.853 65 0
212.953 404 0
212.953 445 0
213.003 779 0
213.003 728 0
213.053 24 0
213.053 803 0
213.153 527 0
213.153 153 0
213.253 23 0
213.253 178 0
213.353 18 0
213.353 752 0
213.453 71 0
213.453 647 0
213.553 268 0
213.553 314 0
213.653 468 0
213.653 21 0
213.753 422 0
213.753 394 0
213.853 726 0
213.853 52 0
213.953 171 0
213.953 696 0
214.053 422 0
214.053 703 0
214.153 247 0
214.153 240 0
214.253 812 0
214.253 729 0
214.303 605 0
214.303 585 0
214.353 253 0
214.353 529 0
214.453 636 0
214.453 639 0
214.553 241 0
214.553 588 0
214.653 698 0
214.653 485 0
214.753 722 0
214.753 11 0
214.853 99 0
214.853 191 0
214.953 385 0
214.953 477 0
215.053 549 0
215.053 702 0
215.153 726 0
215.153 441 0
215.253 302 0
215.253 304 0
215.353 112 0
215.353 52 0
215.453 111 0
215.453 528 0
215.553 377 0
215.553 186 0
215.653 894 0
215.653 269 0
215.753 755 0
215.753 358 0
215.853 749 0
215.853 708 0
215.953 692 0
215.953 431 0
216.053 844 0
216.053 97 0
216.153 501 0
216.153 41 0
216.203 756 0
216.203 745 0
216.253 592 0
216.253 153 0
216.353 499 0
216.353 539 0
216.403 314 0
216.403 830 0
216.453 151 0
216.453 746 0
216.553 779 0
216.553 559 0
216.653 568 0
216.653 120 0
216.703 839 0
216.703 603 0
216.753 145 0
216.753 265 0
216.853 636 0
216.853 329 0
216.903 376 0
216.903 829 0
216.953 250 0
216.953 32 0
217.053 317 0
217.103 130 0
217.153 114 0
217.203 19 0
217.253 215 0
217.253 880 0
217.303 823 0
217.353 858 0
217.353 494 0
217.403 409 0
217.453 507 0
217.478 564 0
217.503 890 0
217.528 226 0
217.553 659 0
217.578 713 0
217.603 297 0
217.628 71 0
217.653 411 0
217.678 763 0
217.703 845 0
217.728 154 0
217.753 450 0
217.778 551 0
217.803 713 0
217.828 702 0
217.853 798 0
217.853 397 0
217.953 304 0
217.953 109 0
218.053 750 0
218.053 286 0
218.153 583 0
218.153 66 0
218.253 445 0
218.253 403 0
218.353 28 0
218.353 654 0
218.453 72 0
218.453 888 0
218.553 619 0
218.553 597 0
218.653 580 0
218.653 843 0
218.753 355 0
218.753 239 0
218.853 314 0
218.853 23 0
218.953 816 0
218.953 737 0
219.053 186 0
219.053 843 0
219.153 45 0
219.153 163 0
219.253 644 0
219.253 520 0
219.353 155 0
219.353 183 0
219.403 544 0
219.403 66 0
219.453 62 0
219.453 48 0
219.553 650 0
219.553 512 0
219.653 19 0
219.653 592 0
219.753 193 0
219.753 570 0
219.853 770 0
219.853 391 0
219.953 625 0
219.953 834 0
220.053 269 0
220.053 707 0
220.153 307 0
220.153 351 0
220.253 94 0
220.253 453 0
220.353 881 0
220.353 465 0
220.453 813 0
220.453 840 0
220.553 767 0
220.553 370 0
220.653 52 0
220.653 54 0
220.703 174 0
220.703 220 0
220.753 424 0
220.753 25 0
220.853 60 0
220.853 217 0
220.953 73 0
220.953 164 0
221.053 564 0
221.053 616 0
221.153 514 0
221.153 756 0
221.253 725 0
221.253 799 0
221.353 287 0
221.353 206 0
221.453 371 0
221.453 71 0
221.553 285 0
221.553 641 0
221.653 218 0
221.653 699 0
221.753 252 0
221.753 30 0
221.853 894 0
221.853 733 0
221.953 156 0
221.953 299 0
222.053 152 0
222.053 727 0
222.153 383 0
222.153 446 0
222.253 289 0
222.253 794 0
222.353 834 0
222.353 160 0
222.453 672 0
222.453 778 0
222.553 197 0
222.553 90 0
222.603 56 0
222.603 699 0
222.653 818 0
222.653 699 0
222.753 12 0
222.753 816 0
222.803 554 0
222.803 530 0
222.853 696 0
222.853 371 0
222.953 711 0
222.953 40 0
223.053 23 0
223.053 859 0
223.153 420 0
223.153 387 0
223.203 289 0
223.203 743 0
223.253 263 0
223.253 281 0
223.353 602 0
223.353 610 0
223.453 184 0
223.453 399 0
223.503 742 0
223.503 787 0
223.553 197 0
223.553 793 0
223.603 403 0
223.603 833 0
223.653 313 0
223.653 75 0
223.753 180 0
223.753 515 0
223.853 90 0.2
223.853 869 0.2
224.053 878 0
224.053 159 0
224.253 634 0
224.253 255 0
224.353 765 0
224.353 550 0
224.453 578 0
224.453 734 0
224.553 35 0
224.553 728 0
224.653 109 0
224.653 85 0
224.753 459 0
224.753 202 0
224.853 273 0
224.853 50 0
224.953 345 0
224.953 426 0
225.053 496 0
225.053 439 0
225.153 641 0
225.153 227 0
225.253 609 0
225.253 825 0
225.353 572 0
225.353 130 0
225.453 887 0
225.453 47 0
225.553 370 0
225.553 565 0
225.653 322 0
225.653 389 0
225.753 539 0
225.753 575 0
225.803 111 0
225.803 801 0
225.853 754 0
225.853 91 0
225.953 249 0
225.953 768 0
226.053 597 0
226.053 408 0
226.153 630 0
226.153 269 0
226.253 640 0
226.253 748 0
226.353 815 0
226.353 145 0
226.453 893 0
226.453 492 0
226.553 882 0
226.553 106 0
226.653 573 0
226.653 185 0
226.753 317 0
226.753 321 0
226.853 246 0
226.853 599 0
226.953 578 0
226.953 11 0
227.053 694 0
227.053 519 0
227.103 719 0
227.103 433 0
227.153 504 0
227.153 866 0
227.203 856 0
227.203 342 0
227.253 469 0
227.253 740 0
227.353 395 0
227.353 545 0
227.453 86 0
227.503 767 0
227.553 661 0
227.603 865 0
227.653 86 0
227.703 121 0
227.753 768 0
227.803 531 0
227.853 385 0
227.903 872 0
227.953 718 0
228.003 193 0
228.053 716 0
228.103 881 0
228.153 868 0
228.203 681 0
228.253 711 0
228.303 287 0
228.353 636 0
228.403 478 0
228.453 690 0
228.503 346 0
228.553 795 0
228.603 824 0
228.653 365 0
228.703 856 0
228.753 886 0
228.803 102 0
228.853 535 0
228.903 17 0
228.953 7 0
229.003 293 0
229.053 188 0
229.053 513 0
229.103 688 0
229.153 860 0
229.153 633 0
229.203 863 0
229.253 900 0
229.253 708 0
229.303 366 0
229.353 705 0
229.353 598 0
229.403 96 0
229.453 444 0
229.453 876 0
229.503 734 0
229.553 76 0
229.553 246 0
229.603 430 0
229.653 721 0
229.653 656 0
229.703 808 0
229.753 73 0
229.753 191 0
229.803 301 0
229.853 653 0
229.878 417 0
229.903 225 0
229.928 257 0
229.953 639 0
229.978 722 0
230.003 472 0
230.028 92 0
230.053 126 0
230.078 219 0
230.103 857 0
230.128 777 0
230.153 202 0
230.178 366 0
230.203 223 0
230.228 217 0
230.253 402 0
230.278 608 0
230.303 195 0
230.328 46 0
230.353 789 0
230.378 108 0
230.403 327 0
230.428 796 0
230.453 486 0
230.478 275 0
230.503 84 0
230.528 576 0
230.553 115 0
230.578 422 0
230.603 678 0
230.628 717 0
230.653 655 0
230.653 492 0
230.756 400 0
230.859 76 0
230.859 44 0
230.963 429 0
231.066 577 0
231.066 715 0
231.17 828 0
231.273 279 0
231.273 297 0
231.377 87 0
231.48 622 0
231.48 331 0
231.584 726 0
231.687 669 0
231.687 605 0
231.79 667 0
231.894 809 0
231.894 502 0
231.997 693 0
231.997 74 0
231.997 411 0
232.101 853 0
232.204 227 0
232.204 244 0
232.204 168 0
232.308 57 0
232.308 472 0
232.308 517 0
232.411 447 0
232.515 210 0
232.515 783 0
232.618 400 0
232.721 712 0
232.721 751 0
232.825 404 0
232.928 742 0
232.928 722 0
233.032 550 0
233.135 613 0
233.135 212 0
233.239 10 0
233.342 456 0
233.342 859 0
233.446 617 0
233.549 260 0
233.549 266 0
233.653 816 0
233.756 205 0
233.756 409 0
233.859 880 0
233.963 31 0
233.963 748 0
233.963 160 0
234.066 433 0
234.17 562 0
234.17 275 0
234.273 163 0
234.377 713 0
234.377 773 0
234.48 600 0
234.584 628 0
234.584 833 0
234.687 537 0
234.79 8 0
234.79 488 0
234.894 831 0
234.997 255 0
234.997 604 0
235.101 751 0
235.204 765 0
235.204 758 0
235.308 529 0
235.308 371 0
235.308 633 0
235.411 416 0
235.515 319 0
235.515 686 0
235.515 272 0
235.618 307 0
235.618 62 0
235.618 383 0
235.721 649 0
235.825 333 0
235.825 226 0
235.928 227 0
236.032 219 0
236.032 770 0
236.135 803 0
236.239 253 0
236.239 448 0
236.342 275 0
236.446 719 0
236.446 700 0
236.446 346 0
236.549 252 0
236.549 53 0
236.549 332 0
236.653 520 0
236.653 547 0
236.653 900 0
236.756 41 0
236.756 795 0
236.756 788 0
236.859 873 0
236.885 614 0
236.911 88 0
236.937 233 0
236.963 595 0
236.989 650 0
237.015 97 0
237.04 153 0
237.066 245 0
237.118 656 0
237.17 853 0
237.221 257 0
237.273 589 0
237.273 163 0
237.273 382 0
237.38 748 0
237.487 35 0
237.487 791 0
237.594 449 0
237.701 856 0
237.701 515 0
237.808 616 0
237.915 899 0
237.915 763 0
238.023 709 0
238.13 54 0
238.13 129 0
238.237 491 0
238.344 295 0
238.344 520 0
238.451 567 0
238.558 441 0
238.558 208 0
238.665 133 0
238.665 876 0
238.665 464 0
238.773 610 0
238.88 281 0
238.88 56 0
238.88 812 0
238.987 652 0
238.987 391 0
238.987 848 0
239.094 705 0
239.201 511 0
239.201 659 0
239.308 30 0
239.415 486 0
239.415 783 0
239.523 600 0
239.63 561 0
239.63 156 0
239.737 305 0
239.844 238 0
239.844 892 0
239.951 662 0
240.058 71 0
240.058 415 0
240.165 50 0
240.273 551 0
240.273 828 0
240.38 219 0
240.487 370 0
240.487 707 0
240.594 312 0
240.701 47 0
240.701 141 0
240.701 93 0
240.808 723 0
240.915 900 0
240.915 171 0
241.023 681 0
241.13 93 0
241.13 802 0
241.237 418 0
241.344 190 0
241.344 531 0
241.451 231 0
241.558 452 0
241.558 364 0
241.665 323 0
241.773 569 0
241.773 494 0
241.88 379 0
241.987 328 0
241.987 268 0
242.094 583 0
242.094 152 0
242.094 462 0
242.201 570 0
242.308 461 0
242.308 67 0
242.308 76 0
242.415 14 0
242.415 452 0
242.415 238 0
242.523 98 0
242.63 822 0
242.63 25 0
242.737 718 0
242.844 860 0
242.844 242 0
242.951 580 0
243.058 584 0
243.058 551 0
243.165 794 0
243.273 371 0
243.273 662 0
243.273 294 0
243.38 299 0
243.38 498 0
243.38 866 0
243.487 759 0
243.487 33 0
243.487 790 0
243.594 402 0
243.594 759 0
243.594 66 0
243.701 433 0
243.755 250 0
243.808 343 0
243.862 892 0
243.915 708 0
243.942 653 0
243.969 724 0
243.996 551 0
244.023 740 0
244.049 6 0
244.076 83 0
244.103 883 0
244.13 781 0
244.13 307 0
244.352 835 0
244.352 194 0
244.352 634 0
244.574 464 0
244.574 517 0
244.574 776 0
244.796 808 0
244.796 79 0
244.796 761 0
245.018 121 0
245.018 788 0
245.018 483 0
245.241 568 0
245.241 587 0
245.241 246 0
245.463 415 0
245.463 169 0
245.463 49 0
245.685 171 0
245.685 494 0
245.685 549 0
245.796 747 0
245.907 355 0
245.907 71 0
245.907 382 0
246.13 895 0
246.13 672 0
246.13 219 0
246.352 351 0
246.352 178 0
246.352 342 0
246.574 64 0
246.574 690 0
246.574 61 0
246.796 54 0
246.796 580 0
246.796 643 0
247.018 666 0
247.018 435 0
247.018 658 0
247.241 384 0
247.241 517 0
247.241 483 0
247.352 436 0
247.463 647 0
247.463 697 0
247.518 806 0
247.518 667 0
247.574 373 0
247.574 130 0
247.63 48 0
247.63 655 0
247.685 251 0
247.685 850 0
247.907 212 0
247.907 425 0
247.907 461 0
248.13 449 0
248.13 747 0
248.13 871 0
248.352 633 0
248.352 647 0
248.352 503 0
248.574 120 0
248.574 84 0
248.574 615 0
248.796 850 0
248.796 347 0
248.796 444 0
249.018 479 0
249.018 118 0
249.018 317 0
249.241 803 0
249.241 194 0
249.241 778 0
249.352 459 0
249.463 344 0
249.463 335 0
249.463 144 0
249.685 524 0
249.685 240 0
249.685 348 0
249.907 348 0
249.907 683 0
249.907 510 0
250.13 671 0
250.13 640 0
250.13 185 0
250.352 777 0
250.352 197 0
250.352 840 0
250.574 488 0
250.574 676 0
250.574 210 0
250.796 33 0
250.796 468 0
250.796 367 0
250.907 564 0
251.018 466 0
251.018 760 0
251.074 546 0
251.074 731 0
251.13 392 0
251.13 432 0
251.185 750 0
251.241 460 0
251.241 294 0
251.241 50 0
251.463 201 0
251.463 563 0
251.463 789 0
251.685 569 0
251.685 82 0
251.685 491 0
251.907 244 0
251.907 776 0
251.907 367 0
252.13 430 0
252.13 79 0
252.13 72 0
252.352 77 0
252.352 880 0
252.352 617 0
252.574 532 0
252.574 25 0
252.574 437 0
252.796 783 0
252.796 55 0
252.796 568 0
252.907 624 0
253.018 888 0
253.018 691 0
253.018 600 0
253.241 810 0
253.241 220 0
253.241 778 0
253.463 836 0
253.463 569 0
253.463 890 0
253.685 186 0
253.685 876 0
253.685 240 0
253.907 747 0
253.907 613 0
253.907 535 0
254.13 289 0
254.13 39 0
254.13 735 0
254.352 127 0
254.352 711 0
254.352 887 0
254.463 154 0
254.574 809 0
254.574 881 0
254.63 790 0
254.63 238 0
254.685 850 0
254.685 638 0
254.741 597 0
254.741 494 0
254.796 62 0
254.796 518 0
255.018 83 0
255.018 43 0
255.018 207 0
255.241 468 0
255.241 35 0
255.241 762 0
255.463 593 0
255.463 690 0
255.463 668 0
255.685 499 0
255.685 138 0
255.685 435 0
255.907 895 0
255.907 149 0
255.907 828 0
256.13 777 0
256.13 851 0
256.13 175 0
256.352 239 0
256.352 613 0
256.352 881 0
256.463 247 0
256.574 741 0
256.574 91 0
256.574 696 0
256.796 385 0
256.796 571 0
256.796 73 0
257.018 454 0
257.018 681 0
257.018 490 0
257.241 370 0
257.241 40 0
257.241 240 0
257.463 861 0
257.463 525 0
257.463 852 0
257.685 192 0
257.685 178 0
257.685 688 0
257.907 206 0
257.907 833 0
257.907 257 0
258.018 721 0
258.13 873 0
258.13 587 0
258.185 266 0
258.185 773 0
258.241 300 0
258.241 770 0
258.296 721 0
258.352 10 0.222
258.352 402 0
258.352 25 0
258.574 222 0.222
258.574 186 0
258.574 274 0
258.796 288 0.222
258.796 601 0
258.796 187 0
259.018 710 0.223
259.018 540 0
259.018 408 0
259.241 392 0
259.241 467 0.222
259.241 85 0
259.463 628 0
259.463 529 0
259.463 306 0.222
259.685 779 0
259.685 359 0
259.685 465 0.222
259.907 892 0
259.907 561 0
259.907 586 0.223
260.018 592 0
260.13 279 0.222
260.13 872 0
260.13 629 0
260.352 387 0
260.352 289 0.222
260.352 446 0
260.574 722 0
260.574 790 0.222
260.574 818 0
260.796 860 0.222
260.796 304 0
260.796 245 0
261.018 287 0
261.018 32 0.223
261.018 99 0
261.241 600 0
261.241 665 0
261.241 24 0.222
261.463 288 0
261.463 884 0.222
261.463 255 0
261.574 738 0
261.685 358 0
261.685 16 0
261.741 419 0
261.741 354 0
261.796 758 0
261.796 17 0
261.852 368 0
261.852 423 0
261.907 645 0.222
261.907 156 0
262.129 769 0
262.129 524 0
262.129 350 0.223
262.352 325 0.222
262.352 335 0
262.352 841 0
262.574 458 0.222
262.574 635 0
262.574 275 0
262.796 243 0.222
262.796 825 0
262.796 141 0
263.018 428 0.223
263.018 703 0
263.018 560 0
263.241 751 0
263.241 26 0.222
263.241 736 0
263.463 47 0.222
263.463 866 0
263.463 149 0
263.574 722 0
263.685 653 0
263.685 465 0.222
263.685 311 0
263.907 427 0.223
263.907 262 0
263.907 90 0
264.13 95 0.222
264.13 413 0
264.13 404 0
264.352 197 0.222
264.352 853 0
264.352 741 0
264.574 13 0
264.574 312 0.222
264.574 527 0
264.796 342 0
264.796 843 0.222
264.796 764 0
265.018 613 0
265.018 807 0.223
265.018 299 0
265.13 568 0
265.241 642 0
265.241 639 0
265.296 87 0
265.296 547 0
265.352 191 0
265.352 789 0
265.407 32 0
265.463 659 0.222
265.463 872 0
265.463 605 0
265.685 367 0
265.685 648 0
265.685 878 0.222
265.907 21 0
265.907 163 0
265.907 562 0.223
266.13 240 0.222
266.13 366 0
266.13 629 0
266.352 4 0.222
266.352 334 0
266.352 887 0
266.574 479 0
266.574 284 0
266.574 254 0.222
266.796 713 0
266.796 213 0.222
266.796 729 0
267.018 313 0
267.018 310 0.223
267.018 448 0
267.13 744 0
267.241 886 0
267.241 254 0.222
267.241 206 0
267.463 836 0
267.463 700 0
267.463 868 0.222
267.685 900 0
267.685 524 0
267.685 442 0.222
267.907 703 0.223
267.907 795 0
267.907 67 0
268.13 591 0
268.13 616 0
268.13 489 0.222
268.352 521 0
268.352 367 0
268.352 807 0.222
268.574 76 0
268.574 214 0
268.574 885 0.222
268.685 445 0
268.796 110 0
268.796 446 0
268.852 782 0
268.852 617 0
268.907 877 0
268.907 97 0
268.963 380 0
269.018 362 0
269.018 222 0
269.018 731 0
269.13 760 0
269.13 598 0
269.241 606 0
269.241 111 0
269.352 583 0
269.352 8 0
269.463 364 0
269.463 187 0
269.463 140 0
269.574 573 0
269.574 476 0
269.685 440 0
269.685 652 0
269.796 682 0
269.796 228 0
269.852 240 0
269.907 643 0
269.907 118 0
269.907 505 0
270.018 356 0
270.018 104 0
270.13 240 0
270.13 401 0
270.241 869 0
270.241 848 0
270.352 616 0
270.352 804 0
270.463 445 0
270.463 327 0
270.574 478 0
270.574 778 0
270.685 321 0
270.685 156 0
270.741 479 0
270.796 619 0
270.796 5 0
270.796 284 0
270.907 597 0
270.907 94 0
271.018 72 0
271.018 654 0
271.13 48 0
271.13 216 0
271.241 4 0
271.241 724 0
271.241 847 0
271.296 342 0
271.352 143 0
271.352 302 0
271.463 811 0
271.463 781 0
271.518 559 0
271.518 148 0
271.574 884 0
271.574 846 0
271.63 500 0
271.63 277 0
271.685 75 0.889
271.685 605 0
271.907 268 0
271.907 799 0
272.018 488 0
272.13 698 0
272.13 660 0
272.241 182 0
272.352 227 0
272.352 748 0
272.463 224 0
272.463 369 0
272.574 135 0
272.574 699 0
272.574 722 0
273.018 475 0
273.018 522 0
273.907 316 0
273.907 514 0
274.351 150 0
274.796 110 0
274.796 166 0
275.685 819 0
275.685 280 0
275.907 195 0
276.129 103 0
276.129 305 0
276.129 421 0
276.351 376 0
276.574 662 0
276.796 718 0
277.018 451 0
277.24 739 0
277.462 837 0
277.685 808 0
277.907 366 0
277.907 193 0
278.351 487 0
278.796 613 0
278.796 67 0
279.24 818 0
279.685 153 0
279.685 107 0
280.574 358 0
280.796 143 0
281.018 221 0
281.24 181 0
281.462 659 0
281.462 156 0
281.907 560 0
282.055 148 0
282.203 800 0
282.351 519 0
282.796 300 0
283.018 390 0
283.24 875 0
283.24 502 0
283.907 607 0
284.574 730 0
284.796 737 0
285.018 868 0
285.462 473 0
285.907 264 0
286.796 185 0
286.796 283 0
286.796 302 0
286.796 812 0
286.907 326 0
287.018 377 0
287.24 678 0
287.24 575 0
287.24 662 0
287.462 449 0
287.685 686 0
287.685 325 0
287.685 54 0
287.907 449 0
288.018 112 0
288.129 476 0
288.129 403 0
288.129 294 0
288.351 409 0
288.462 285 0
288.574 478 0
288.574 152 0
288.574 211 0
288.685 734 0
288.796 511 0
289.018 780 0
289.018 341 0
289.018 564 0
289.24 597 0
289.462 488 0
289.462 499 0
289.462 333 0
289.685 833 0
289.796 485 0
289.907 246 0
289.907 659 0
289.907 267 0
290.129 573 0
290.24 261 0
290.351 871 0
290.351 118 0
290.351 331 0
290.462 783 0
290.574 543 0
290.796 559 0
290.796 29 0
290.796 83 0
291.018 392 0
291.24 297 0
291.24 221 0
291.24 476 0
291.462 160 0
291.574 55 0
291.685 225 0
291.685 377 0
291.685 529 0
291.907 210 0
292.018 667 0
292.129 17 0
292.129 100 0
292.129 569 0
292.24 142 0
292.351 298 0
292.574 552 0
292.574 733 0
292.574 156 0
292.796 271 0
293.018 54 0
293.018 703 0
293.018 636 0
293.129 754 0
293.24 158 0
293.462 378 0
293.462 391 0
293.462 865 0
293.685 355 0
293.907 576 0
293.907 647 0
293.907 613 0
294.018 50 0
294.129 263 0
294.129 409 0
294.129 435 0
294.351 87 0
294.351 363 0
294.351 340 0
294.574 260 0
294.574 367 0
294.574 10 0
294.796 160 0
294.796 53 0
294.796 636 0
295.018 790 0
295.018 601 0
295.129 180 0
295.24 187 0
295.24 416 0
295.24 31 0
295.462 44 0
295.462 107 0
295.462 500 0
295.574 566 0
295.685 781 0
295.685 402 0
295.685 585 0
295.796 674 0
295.907 518 0
295.907 593 0
295.907 189 0
296.129 772 0
296.129 604 0
296.129 548 0
296.351 759 0
296.351 88 0
296.351 19 0
296.574 632 0
296.574 83 0
296.574 611 0
296.796 474 0
296.796 374 0
296.796 261 0
296.907 305 0
297.018 779 0
297.018 672 0
297.018 81 0
297.24 372 0
297.24 284 0
297.24 475 0
297.351 131 0
297.462 801 0
297.462 369 0
297.574 897 0
297.574 409 0
297.685 10 0
297.685 364 0
297.796 197 0
297.796 296 0
297.907 497 0
297.907 241 0
298.018 534 0
298.018 645 0
298.129 818 0
298.129 211 0
298.24 160 0
298.24 829 0
298.351 725 0
298.351 34 0
298.462 26 0
298.462 224 0
298.574 628 0
298.574 549 0
298.685 893 0
298.685 697 0
298.796 393 0
298.796 805 0
298.907 291 0
298.907 654 0
299.018 51 0
299.018 675 0
299.129 222 0
299.129 451 0
299.24 173 0
299.24 129 0
299.24 157 0
299.574 203 0
299.574 777 0
299.574 74 0
299.907 894 0
299.907 358 0
299.907 836 0
300.24 82 0
300.24 438 0
300.24 279 0
300.574 893 0
300.574 557 0
300.574 708 0
300.574 298 0
301.018 98 3.0
301.018 391 3.0
301.018 432 0
301.018 653 0
304.218 170 0
304.218 104 0
304.218 292 0
304.318 12 0
304.418 45 0
304.418 611 0
304.418 698 0
304.518 673 0
304.618 74 0
304.618 117 0
304.618 885 0
304.718 125 0
304.818 211 0
304.818 46 0
304.818 856 0
304.918 262 0
305.018 103 0
305.018 873 0
305.018 561 0
305.118 148 0
305.218 793 0
305.218 512 0
305.218 474 0
305.318 876 0
305.418 500 0
305.418 240 0
305.418 613 0
305.518 817 0
305.618 179 0
305.618 246 0
305.718 132 0
305.718 610 0
305.818 307 0
305.818 874 0
305.918 461 0
306.018 874 0
306.018 756 0
306.018 543 0
306.118 562 0
306.218 737 0
306.218 78 0
306.218 788 0
306.318 654 0
306.418 197 0
306.418 592 0
306.418 488 0
306.518 181 0
306.618 810 0
306.618 529 0
306.618 596 0
306.718 321 0
306.818 87 0
306.818 839 0
306.818 665 0
306.918 291 0
307.018 446 0
307.018 226 0
307.018 437 0
307.118 735 0
307.218 669 0
307.218 781 0
307.318 718 0
307.318 349 0
307.418 529 0
307.418 311 0
307.518 311 0
307.618 651 0
307.618 418 0
307.618 640 0
307.718 130 0
307.818 470 0
307.818 800 0
307.818 853 0
307.918 253 0
308.018 386 0
308.018 12 0
308.018 48 0
308.118 629 0
308.218 201 0
308.218 383 0
308.218 251 0
308.318 517 0
308.418 14 0
308.418 234 0
308.418 808 0
308.518 609 0
308.618 22 0
308.618 219 0
308.618 753 0
308.718 383 0
308.818 869 0
308.818 280 0
308.918 710 0
308.918 803 0
309.018 218 0
309.018 301 0
309.118 74 0
309.218 11 0
309.218 644 0
309.318 488 0
309.318 560 0
309.418 574 0
309.518 515 0
309.518 31 0
309.618 600 0
309.618 594 0
309.718 682 0
309.718 582 0
309.818 100 0
309.818 159 0
309.818 53 0
309.918 492 0
309.918 506 0
310.018 504 0
310.018 399 0
310.018 387 0
310.118 15 0
310.118 526 0
310.218 813 0
310.218 169 0
310.218 641 0
310.268 890 0
310.318 317 0
310.318 327 0
310.418 151 0
310.418 468 0
310.418 327 0
310.518 601 0
310.518 614 0
310.618 535 0
310.618 14 0
310.618 729 0
310.718 365 0
310.818 334 0
310.818 380 0
310.818 695 0
310.918 231 0
311.018 580 0
311.018 159 0
311.018 13 0
311.118 626 0
311.218 324 0
311.218 897 0
311.218 164 0
311.318 728 0
311.418 804 0
311.418 800 0
311.418 324 0
311.518 590 0
311.618 838 0
311.618 837 0
311.618 391 0
311.718 556 0
311.818 512 0
311.818 386 0
311.818 683 0
311.918 369 0
312.018 887 0
312.018 867 0
312.118 811 0
312.118 516 0
312.218 335 0
312.218 464 0
312.318 449 0
312.418 381 0
312.418 760 0
312.418 299 0
312.518 561 0
312.618 814 0
312.618 900 0
312.618 535 0
312.718 255 0
312.818 540 0
312.818 658 0
312.818 336 0
312.918 290 0
313.018 26 0
313.018 268 0
313.018 531 0
313.118 161 0
313.218 356 0
313.218 855 0
313.218 483 0
313.318 729 0
313.418 7 0
313.418 109 0
313.418 37 0
313.518 661 0
313.618 152 0
313.618 670 0
313.718 46 0
313.718 136 0
313.818 385 0
313.818 786 0
313.918 811 0
314.018 179 0
314.018 838 0
314.018 120 0
314.118 660 0
314.218 536 0
314.218 615 0
314.218 770 0
314.318 768 0
314.418 624 0
314.418 575 0
314.418 79 0
314.518 133 0
314.618 488 0
314.618 374 0
314.618 160 0
314.718 198 0
314.818 495 0
314.818 642 0
314.818 252 0
314.918 415 0
315.018 660 0
315.018 111 0
315.018 374 0
315.118 699 0
315.218 218 0
315.218 633 0
315.318 288 0
315.318 281 0
315.418 871 0
315.418 777 0
315.518 587 0
315.618 266 0
315.618 560 0
315.718 113 0
315.718 448 0
315.818 693 0
315.918 239 0
315.918 164 0
316.018 382 0
316.018 623 0
316.118 402 0
316.118 649 0
316.218 22 0
316.218 451 0
316.218 621 0
316.318 675 0
316.318 489 0
316.418 497 0
316.418 527 0
316.518 161 0
316.518 180 0
316.618 285 0
316.618 430 0
316.668 477 0
316.718 146 0
316.718 447 0
316.818 540 0
316.818 409 0
316.918 710 0
316.918 516 0
317.018 131 0
317.018 884 0
317.018 57 0
317.118 635 0
317.218 257 0
317.218 854 0
317.218 393 0
317.318 476 0
317.418 174 0
317.418 443 0
317.418 742 0
317.518 270 0
317.618 106 0
317.618 303 0
317.618 411 0
317.718 417 0
317.818 486 0
317.818 746 0
317.818 386 0
317.918 745 0
318.018 841 0
318.018 814 0
318.018 389 0
318.118 533 0
318.218 341 0
318.218 604 0
318.218 873 0
318.318 464 0
318.418 274 0
318.418 686 0
318.518 756 0
318.518 842 0
318.618 451 0
318.618 301 0
318.718 303 0
318.818 181 0
318.818 671 0
318.818 543 0
318.918 279 0
319.018 277 0
319.018 202 0
319.018 634 0
319.118 116 0
319.218 209 0
319.218 530 0
319.218 49 0
319.318 424 0
319.418 134 0
319.418 639 0
319.418 591 0
319.518 541 0
319.618 879 0
319.618 128 0
319.618 718 0
319.718 634 0
319.818 43 0
319.818 117 0
319.818 365 0
319.918 565 0
320.018 417 0
320.018 660 0
320.118 641 0
320.118 429 0
320.218 603 0
320.218 540 0
320.318 224 0
320.418 370 0
320.418 711 0
320.418 464 0
320.518 750 0
320.618 825 0
320.618 582 0
320.618 195 0
320.718 537 0
320.818 619 0
320.818 886 0
320.818 333 0
320.918 402 0
321.018 419 0
321.018 591 0
321.018 711 0
321.118 159 0
321.218 829 0
321.218 286 0
321.218 709 0
321.318 233 0
321.418 129 0
321.418 890 0
321.418 675 0
321.518 825 0
321.618 830 0
321.618 827 0
321.718 735 0
321.718 603 0
321.818 613 0
321.818 543 0
321.918 893 0
322.018 160 0
322.018 344 0
322.118 614 0
322.118 826 0
322.218 477 0
322.318 752 0
322.318 159 0
322.418 170 0
322.418 742 0
322.418 518 0
322.518 639 0
322.518 423 0
322.618 426 0
322.618 419 0
322.618 665 0
322.718 89 0
322.718 266 0
322.818 202 0
322.818 393 0
322.818 186 0
322.918 56 0
322.918 441 0
323.018 268 0
323.018 93 0
323.068 650 0
323.068 182 0
323.118 369 0
323.118 244 0
323.218 209 0
323.218 582 0
323.318 618 0
323.318 717 0
323.418 682 0
323.418 828 0
323.418 298 0
323.518 540 0
323.618 162 0
323.618 239 0
323.618 658 0
323.718 376 0
323.818 523 0
323.818 708 0
323.818 406 0
323.918 332 0
324.018 854 0
324.018 770 0
324.018 818 0
324.118 70 0
324.218 817 0
324.218 161 0
324.218 207 0
324.318 776 0
324.418 676 0
324.418 412 0
324.418 616 0
324.518 496 0
324.618 877 0
324.618 639 0
324.618 101 0
324.718 408 0
324.818 638 0
324.818 774 0
324.918 279 0
324.918 125 0
325.018 575 0
325.018 892 0
325.118 404 0
325.218 859 0
325.218 776 0
325.218 435 0
325.318 428 0
325.418 861 0
325.418 42 0
325.418 595 0
325.518 724 0
325.618 688 0
325.618 57 0
325.618 379 0
325.718 86 0
325.818 765 0
325.818 444 0
325.818 105 0
325.918 374 0
326.018 644 0
326.018 474 0
326.018 209 0
326.118 54 0
326.218 144 0
326.218 469 0
326.218 607 0
326.318 577 0
326.418 409 0
326.418 582 0
326.518 809 0
326.518 538 0
326.618 138 0
326.618 450 0
326.718 724 0
326.818 502 0
326.818 87 0
326.818 816 0
326.918 428 0
327.018 566 0
327.018 534 0
327.018 626 0
327.118 449 0
327.218 44 0
327.218 615 0
327.218 33 0
327.318 412 0
327.418 722 0
327.418 752 0
327.418 765 0
327.518 597 0
327.618 552 0
327.618 32 0
327.618 878 0
327.718 599 0
327.818 47 0
327.818 620 0
327.818 401 0
327.918 870 0
328.018 82 0
328.018 72 0
328.118 315 0
328.118 144 0
328.218 435 0
328.218 672 0
328.318 156 0
328.418 757 0
328.418 146 0
328.418 59 0
328.518 606 0
328.518 25 0
328.618 44 0
328.618 766 0
328.718 715 0
328.718 657 0
328.818 685 0
328.818 168 0
328.918 760 0
328.918 35 0
328.968 786 0
328.968 121 0
329.018 629 0
329.018 547 0
329.118 390 0
329.118 495 0
329.218 734 0
329.218 425 0
329.318 603 0
329.318 497 0
329.418 587 0
329.418 178 0
329.468 141 0
329.468 893 0
329.518 784 0
329.518 190 0
329.568 895 0
329.568 687 0
329.618 103 0
329.643 770 0
329.668 691 0
329.693 193 0
329.718 46 0
329.743 483 0
329.768 834 0
329.793 332 0
329.818 534 0
329.818 538 0
329.911 596 0
329.911 152 0
330.005 179 0
330.005 99 0
330.099 163 0
330.099 867 0
330.193 789 0
330.193 787 0
330.286 3 0
330.286 732 0
330.38 571 0
330.38 889 0
330.474 584 0
330.474 611 0
330.568 147 0
330.568 275 0
330.661 331 0
330.661 679 0
330.755 841 0
330.755 119 0
330.849 711 0
330.849 397 0
330.943 719 0
330.943 789 0
331.036 306 0
331.036 427 0
331.13 184 0
331.13 730 0
331.224 613 0
331.224 261 0
331.271 841 0
331.271 196 0
331.318 221 0
331.318 189 0
331.411 126 0
331.411 373 0
331.505 535 0
331.505 809 0
331.599 838 0
331.599 406 0
331.693 423 0
331.693 866 0
331.786 452 0
331.786 641 0
331.88 440 0
331.88 42 0
331.974 477 0
331.974 899 0
332.068 361 0
332.068 796 0
332.161 186 0
332.161 633 0
332.255 784 0
332.255 839 0
332.349 20 0
332.349 532 0
332.443 602 0
332.443 317 0
332.489 453 0
332.489 485 0
332.536 753 0
332.536 777 0
332.583 363 0
332.583 225 0
332.63 773 0
332.63 122 0
332.724 430 0
332.724 181 0
332.818 745 0
332.818 38 0
332.911 33 0
332.911 438 0
333.005 64 0
333.005 375 0
333.099 197 0
333.099 109 0
333.193 631 0
333.193 93 0
333.286 177 0
333.286 579 0
333.38 738 0
333.38 68 0
333.474 579 0
333.474 271 0
333.568 101 0
333.568 131 0
333.661 265 0
333.661 111 0
333.755 160 0
333.755 186 0
333.849 264 0
333.849 327 0
333.943 398 0
333.943 898 0
334.036 447 0
334.036 98 0
334.13 219 0
334.13 346 0
334.224 230 0
334.224 430 0
334.271 342 0
334.271 63 0
334.318 804 0
334.318 764 0
334.411 204 0
334.411 225 0
334.458 247 0
334.458 688 0
334.505 877 0
334.505 715 0
334.599 153 0
334.599 185 0
334.693 31 0
334.693 449 0
334.739 237 0
334.739 597 0
334.786 120 0
334.786 697 0
334.88 170 0
334.88 239 0
334.974 338 0
334.974 443 0
335.068 130 0
335.068 37 0
335.114 685 0
335.114 643 0
335.161 624 0
335.161 235 0
335.208 91 0
335.208 281 0
335.255 152 0
335.255 840 0
335.349 387 0
335.349 95 0
335.443 250 0
335.466 714 0
335.489 536 0
335.513 515 0
335.536 386 0
335.56 37 0
335.583 241 0
335.607 838 0
335.63 211 0
335.677 163 0
335.724 365 0
335.771 869 0
335.818 752 0
335.818 714 0
335.911 731 0
335.911 392 0
336.005 175 0
336.005 139 0
336.099 210 0
336.099 109 0
336.193 530 0
336.193 780 0
336.286 82 0
336.286 892 0
336.38 746 0
336.38 779 0
336.474 64 0
336.474 256 0
336.568 184 0
336.568 815 0
336.661 220 0
336.661 611 0
336.755 887 0
336.755 340 0
336.849 369 0
336.849 594 0
336.943 620 0
336.943 88 0
337.036 867 0
337.036 293 0
337.13 852 0
337.13 40 0
337.224 549 0
337.224 407 0
337.271 109 0
337.271 633 0
337.318 91 0
337.318 358 0
337.411 117 0
337.411 358 0
337.505 578 0
337.505 502 0
337.599 217 0
337.599 591 0
337.693 576 0
337.693 264 0
337.786 420 0
337.786 288 0
337.88 813 0
337.88 540 0
337.974 643 0
337.974 873 0
338.068 755 0
338.068 695 0
338.161 35 0
338.161 350 0
338.255 580 0
338.255 505 0
338.349 540 0
338.349 684 0
338.443 583 0
338.443 341 0
338.489 547 0
338.489 203 0
338.536 41 0
338.536 496 0
338.583 864 0
338.583 541 0
338.63 860 0
338.63 893 0
338.724 646 0
338.724 455 0
338.818 607 0
338.818 801 0
338.911 802 0
338.911 420 0
339.005 707 0
339.005 191 0
339.099 62 0
339.099 815 0
339.193 404 0
339.193 185 0
339.286 636 0
339.286 483 0
339.38 891 0
339.38 238 0
339.474 854 0
339.474 747 0
339.568 838 0
339.568 104 0
339.661 86 0
339.661 492 0
339.755 820 0
339.755 146 0
339.849 159 0
339.849 638 0
339.943 90 0
339.943 104 0
340.036 178 0
340.036 369 0
340.13 675 0
340.13 638 0
340.224 639 0
340.224 62 0
340.271 736 0
340.271 699 0
340.318 201 0
340.318 180 0
340.411 46 0
340.411 641 0
340.458 484 0
340.458 211 0
340.505 486 0
340.505 279 0
340.599 467 0
340.599 385 0
340.693 418 0
340.693 637 0
340.739 738 0
340.739 758 0
340.786 280 0
340.786 547 0
340.88 765 0
340.88 5 0
340.974 605 0
340.974 172 0
341.068 511 0
341.114 19 0
341.161 345 0
341.208 294 0
341.255 673 0
341.255 27 0
341.302 159 0
341.349 885 0
341.349 664 0
341.396 165 0
341.443 586 0
341.466 546 0
341.489 520 0
341.513 667 0
341.536 203 0
341.56 53 0
341.583 560 0
341.607 327 0
341.63 653 0
341.653 518 0
341.677 781 0
341.7 852 0
341.724 488 0
341.747 881 0
341.771 597 0
341.794 855 0
341.818 637 0
341.818 383 0
341.911 73 0
341.911 470 0
342.005 728 0
342.005 706 0
342.099 650 0
342.099 275 0
342.193 624 0
342.193 207 0
342.286 893 0
342.286 306 0
342.38 151 0
342.38 586 0
342.474 562 0
342.474 276 0
342.568 701 0
342.568 245 0
342.661 207 0
342.661 647 0
342.755 686 0
342.755 557 0
342.849 263 0
342.849 897 0
342.943 855 0
342.943 821 0
343.036 720 0
343.036 201 0
343.13 780 0
343.13 139 0
343.224 114 0
343.224 242 0
343.271 836 0
343.271 402 0
343.318 532 0
343.318 286 0
343.411 138 0
343.411 466 0
343.505 559 0
343.505 201 0
343.599 178 0
343.599 326 0
343.693 383 0
343.693 746 0
343.786 323 0
343.786 419 0
343.88 510 0
343.88 524 0
343.974 654 0
343.974 408 0
344.068 6 0
344.068 769 0
344.161 408 0
344.161 349 0
344.255 686 0
344.255 472 0
344.349 111 0
344.349 550 0
344.443 384 0
344.443 771 0
344.536 89 0
344.536 259 0
344.583 150 0
344.583 691 0
344.63 533 0
344.63 579 0
344.724 583 0
344.724 874 0
344.818 271 0
344.818 323 0
344.911 483 0
344.911 440 0
345.005 51 0
345.005 716 0
345.099 473 0
345.099 299 0
345.193 874 0
345.193 872 0
345.286 811 0
345.286 873 0
345.38 272 0
345.38 649 0
345.474 400 0
345.474 507 0
345.568 115 0
345.568 261 0
345.661 389 0
345.661 715 0
345.755 827 0
345.755 520 0
345.849 244 0
345.849 23 0
345.943 23 0
345.943 188 0
346.036 448 0
346.036 468 0
346.13 7 0
346.13 15 0
346.224 426 0
346.224 490 0
346.271 786 0
346.271 661 0
346.318 893 0
346.318 61 0
346.411 591 0
346.411 821 0
346.458 778 0
346.458 747 0
346.505 770 0
346.505 236 0
346.599 472 0
346.599 308 0
346.693 751 0
346.693 714 0
346.739 73 0
346.739 544 0
346.786 148 0
346.786 448 0
346.88 256 0
346.88 569 0
346.974 180 0
346.974 731 0
347.068 511 0
347.068 442 0
347.114 332 0
347.114 263 0
347.161 664 0
347.161 142 0
347.208 20 0
347.208 59 0
347.255 442 0
347.255 493 0
347.349 700 0
347.349 730 0
347.443 365 0
347.443 626 0
347.63 445 0
347.63 175 0
347.818 226 0
347.818 742 0
347.911 229 0
347.911 69 0
348.005 305 0
348.005 803 0
348.099 484 0
348.099 42 0
348.193 628 0
348.193 69 0
348.286 419 0
348.286 882 0
348.38 618 0
348.38 667 0
348.474 569 0
348.474 183 0
348.568 866 0
348.568 814 0
348.661 778 0
348.661 213 0
348.755 253 0
348.755 453 0
348.849 567 0
348.849 541 0
348.943 189 0
348.943 294 0
349.036 755 0
349.036 643 0
349.13 84 0
349.13 710 0
349.224 300 0
349.224 855 0
349.271 376 0
349.271 844 0
349.318 456 0
349.318 86 0
349.411 429 0
349.411 774 0
349.505 119 0
349.505 293 0
349.599 7 0
349.599 816 0
349.693 304 0
349.693 295 0
349.786 674 0
349.786 724 0
349.88 210 0
349.88 369 0
349.974 540 0
349.974 11 0
350.068 537 0
350.068 158 0
350.161 881 0
350.161 834 0
350.255 267 0
350.255 748 0
350.349 583 0
350.349 537 0
350.443 837 0
350.443 141 0
350.489 142 0
350.489 673 0
350.536 259 0
350.536 463 0
350.583 520 0
350.583 579 0
350.63 460 0
350.63 395 0
350.724 554 0
350.724 449 0
350.818 311 0
350.864 591 0
350.911 261 0
350.958 226 0
351.005 428 0
351.052 750 0
351.099 120 0
351.146 113 0
351.193 134 0
351.239 670 0
351.286 269 0
351.333 622 0
351.38 728 0
351.427 619 0
351.474 535 0
351.521 754 0
351.568 573 0
351.614 515 0
351.661 376 0
351.708 223 0
351.755 152 0
351.802 734 0
351.849 68 0
351.896 459 0
351.943 553 0
351.989 56 0
352.036 29 0
352.083 373 0
352.13 679 0
352.177 573 0
352.224 100 0
352.271 646 0
352.318 81 0
352.318 105 0
352.364 444 0
352.411 362 0
352.411 641 0
352.458 739 0
352.505 324 0
352.505 652 0
352.552 132 0
352.599 327 0
352.599 154 0
352.646 654 0
352.693 414 0
352.693 569 0
352.739 697 0
352.786 663 0
352.786 98 0
352.833 27 0
352.88 209 0
352.88 655 0
352.927 732 0
352.974 117 0
352.974 131 0
353.021 792 0
353.068 767 0
353.091 128 0
353.114 842 0
353.138 258 0
353.161 329 0
353.185 75 0
353.208 553 0
353.232 332 0
353.255 728 0
353.278 608 0
353.302 708 0
353.325 747 0
353.349 693 0
353.372 851 0
353.396 792 0
353.419 419 0
353.443 232 0
353.466 138 0
353.489 241 0
353.513 804 0
353.536 867 0
353.56 30 0
353.583 88 0
353.607 411 0
353.63 403 0
353.653 84 0
353.677 125 0
353.7 159 0
353.724 169 0
353.747 189 0
353.771 291 0
353.794 539 0
353.818 18 0.375
353.818 137 1.031
354.286 782 0
354.38 658 0
354.474 164 0
354.568 24 0
354.661 172 0
354.755 128 0
354.849 443 0
354.849 59 0.281
354.943 469 0
355.036 368 0
355.13 190 0
355.13 189 0.188
355.224 382 0
355.318 109 0
355.318 354 1.031
355.411 846 0
355.505 386 0
355.599 628 0
355.693 328 0
355.786 178 0
355.88 723 0
355.974 575 0
356.068 475 0
356.161 870 0
356.255 528 0
356.349 209 0
356.349 69 0.281
356.443 182 0
356.536 644 0
356.63 623 0
356.63 238 0.188
356.724 737 0
356.818 512 0
356.818 589 1.031
356.911 30 0
357.005 556 0
357.099 739 0
357.193 565 0
357.286 534 0
357.38 763 0
357.474 520 0
357.568 79 0
357.661 267 0
357.755 594 0
357.849 461 0
357.849 448 0.281
357.943 233 0
358.036 320 0
358.13 575 0
358.13 376 0.188
358.224 202 0
358.318 179 0
358.318 528 0.281
358.411 397 0
358.505 284 0
358.599 421 0
358.599 72 0.281
358.693 878 0
358.786 889 0
358.88 495 0
358.88 383 0.188
358.974 734 0
359.068 261 0
359.068 751 0.187
359.161 631 0
359.255 867 0
359.255 576 0.188
359.349 778 0
359.443 512 0
359.443 399 0.187
359.536 771 0
359.63 165 0
359.63 215 0.188
359.724 541 0
359.818 457 0
359.818 131 1.031
359.911 110 0
360.005 538 0
360.099 211 0
360.193 5 0
360.286 737 0
360.38 374 0
360.474 301 0
360.568 466 0
360.661 196 0
360.755 216 0
360.849 724 0
360.849 675 0.281
360.943 859 0
361.036 382 0
361.13 633 0
361.13 288 0.188
361.224 822 0
361.318 84 0
361.318 640 1.031
361.411 498 0
361.505 697 0
361.599 315 0
361.693 574 0
361.786 266 0
361.88 182 0
361.974 163 0
362.068 347 0
362.161 401 0
362.255 748 0
362.349 540 0
362.349 187 0.281
362.443 511 0
362.536 848 0
362.63 884 0
362.63 476 0.188
362.724 544 0
362.818 353 0
362.818 881 0.187
362.911 789 0
363.005 389 0
363.005 655 0.188
363.099 673 0
363.193 253 0
363.286 73 0
363.38 469 0
363.38 133 0.188
363.474 508 0
363.568 516 0
363.568 109 0.187
363.661 824 0
363.755 896 0
363.755 728 0.094
363.849 646 0
363.849 332 0.094
363.943 400 0
363.943 130 0.187
364.036 107 0
364.13 883 0
364.13 287 0.188
364.224 415 0
364.318 327 0
364.318 132 0.75
364.411 46 0
364.505 489 0
364.599 228 0
364.693 751 0
364.786 406 0
364.88 401 0
364.974 357 0
365.068 787 0
365.068 640 0.75
365.161 268 0
365.255 637 0
365.349 468 0
365.443 477 0
365.536 844 0
365.63 766 0
365.724 504 0
365.818 450 0
365.818 585 0
365.818 75 1.031
365.911 774 0
366.005 44 0
366.099 881 0
366.193 430 0
366.286 0 0
366.38 740 0
366.474 33 0
366.568 328 0
366.661 110 0
366.755 176 0
366.849 559 0
366.849 855 0.281
366.943 236 0
367.036 746 0
367.13 631 0
367.13 662 0.188
367.224 542 0
367.318 725 0
367.318 19 1.031
367.411 626 0
367.505 558 0
367.599 161 0
367.693 895 0
367.786 606 0
367.88 887 0
367.974 31 0
368.068 684 0
368.161 892 0
368.255 13 0
368.349 288 0
368.349 401 0.281
368.443 600 0
368.536 717 0
368.63 496 0
368.63 449 0.188
368.724 286 0
368.818 517 0
368.818 629 1.031
368.911 360 0
369.005 141 0
369.099 740 0
369.193 364 0
369.286 209 0
369.38 795 0
369.474 325 0
369.568 691 0
369.661 746 0
369.755 799 0
369.849 875 0
369.849 6 0.281
369.943 655 0
370.036 487 0
370.13 717 0
370.13 897 0.188
370.224 815 0
370.318 683 0
370.318 894 0.281
370.411 661 0
370.505 589 0
370.599 879 0
370.599 435 0.281
370.693 542 0
370.786 734 0
370.88 887 0
370.88 783 0.188
370.974 288 0
371.068 891 0.187
371.068 828 0
371.161 707 0
371.255 850 0
371.255 865 0.188
371.349 426 0
371.443 354 0
371.443 206 0.187
371.536 335 0
371.63 361 0
371.63 546 0.188
371.724 507 0
371.818 755 0
371.818 363 1.031
371.911 253 0
372.005 576 0
372.099 492 0
372.193 292 0
372.286 525 0
372.38 256 0
372.474 712 0
372.568 543 0
372.661 173 0
372.755 823 0
372.849 180 0
372.849 258 0.281
372.943 50 0
373.036 215 0
373.13 195 0
373.13 818 0.188
373.224 637 0
373.318 58 0
373.318 380 1.031
373.411 608 0
373.505 730 0
373.599 499 0
373.693 750 0
373.786 20 0
373.88 543 0
373.974 369 0
374.068 715 0
374.161 856 0
374.255 222 0
374.349 637 0
374.349 364 0.281
374.443 285 0
374.536 367 0
374.63 341 0
374.63 886 0.188
374.724 668 0
374.818 512 0
374.818 654 1.312
374.911 641 0
375.005 880 0
375.099 574 0
375.193 291 0
375.286 458 0
375.38 76 0
375.474 395 0
375.568 214 0
375.661 596 0
375.755 171 0
375.849 885 0
375.943 488 0
376.036 807 0
376.13 841 0
376.13 260 0.188
376.224 312 0
376.318 434 0
376.318 606 0.187
376.411 93 0
376.505 233 0
376.505 843 0.188
376.599 758 0
376.693 326 0
376.693 401 0.187
376.786 520 0
376.88 794 0
376.88 879 0.188
376.974 653 0
377.068 400 0
377.068 486 0.187
377.161 4 0
377.255 413 0
377.255 680 0.188
377.349 730 0
377.443 43 0
377.443 6 0.187
377.536 540 0
377.63 9 0
377.63 152 0.188
377.724 614 0
377.818 496 0
377.818 693 0
377.818 793 1.031
378.568 147 0
378.568 716 0
378.849 622 0.281
379.13 341 0.188
379.318 879 0
379.318 817 0
379.318 205 1.031
380.068 410 0
380.068 121 0
380.349 477 0.281
380.63 364 0.188
380.818 120 0
380.818 626 0
380.818 136 1.031
381.568 605 0
381.568 166 0
381.849 500 0.281
382.13 627 0.188
382.318 25 0
382.318 538 0
382.318 650 0.281
382.599 883 0.281
382.88 237 0.188
383.068 510 0
383.068 194 0
383.068 641 0.187
383.255 452 0.188
383.443 589 0.187
383.63 541 0.188
383.818 39 0
383.818 234 0
383.818 90 1.031
384.568 434 0
384.568 707 0
384.849 554 0.281
385.13 199 0.188
385.318 180 0
385.318 213 0
385.318 555 1.031
386.068 600 0
386.068 557 0
386.349 633 0.281
386.63 773 0.188
386.818 711 0
386.818 205 0
386.818 851 0.187
387.005 581 0.188
387.38 244 0.188
387.568 740 0
387.568 312 0
387.568 51 0.187
387.755 410 0.094
387.849 428 0.094
387.943 483 0.187
388.13 886 0.188
388.318 535 0
388.318 14 0
388.318 884 0.75
389.068 209 0
389.068 546 0
389.068 696 0.75
389.818 832 0
389.818 16 0
389.818 337 1.031
390.568 44 0
390.568 365 0
390.849 498 0.281
391.13 418 0.188
391.318 365 0
391.318 103 0
391.318 214 1.031
392.068 164 0
392.068 642 0
392.349 182 0.281
392.63 193 0.188
392.818 27 0
392.818 500 0
392.818 787 1.031
393.568 873 0
393.568 607 0
393.849 558 0.281
394.13 336 0.188
394.318 704 0
394.318 119 0
394.318 757 0.281
394.599 896 0.281
394.88 35 0.188
395.068 183 0
395.068 831 0
395.068 441 0.187
395.255 485 0.188
395.443 76 0.187
395.63 164 0.188
395.818 541 0
395.818 673 0
395.818 650 1.031
396.568 89 0
396.568 661 0
396.849 776 0.281
397.13 691 0.188
397.318 394 0
397.318 41 0
397.318 499 1.031
398.068 432 0
398.068 571 0
398.349 276 0.281
398.63 900 0.188
398.818 304 0
398.818 363 0
398.818 792 1.312
399.568 245 0
399.568 514 0
400.13 491 0
400.318 663 0
400.318 383 0
400.505 618 0
400.693 200 0
400.88 617 0
401.068 463 0
401.068 535 0
401.255 372 0
401.443 287 0
401.63 728 3.375
