2.475 736 0
2.475 652 0
2.569 576 0
2.663 459 0
2.756 900 0
2.85 514 0
2.85 447 0
3.038 211 0.187
3.225 55 0.188
3.413 406 0
3.6 457 0.375
3.975 643 0.188
4.163 318 0.187
4.35 467 0.75
4.725 232 0
5.1 331 0.375
5.475 895 0
5.663 816 0.187
5.85 324 0.188
6.038 35 0.187
6.225 444 0
6.413 121 0
6.6 669 0.375
6.975 426 0.188
7.163 590 0.187
7.35 648 0
7.538 33 0.562
7.725 103 0
8.1 757 0.375
8.475 711 0.188
8.663 52 0.187
8.85 402 0.188
9.038 822 0
9.225 56 0.188
9.413 532 0
9.6 700 0.375
9.975 163 0.188
10.163 900 0.187
10.35 198 0.563
10.725 705 0
10.913 724 0.187
11.1 416 0.563
11.475 83 0
11.663 520 0.187
11.85 207 0
11.944 496 0
12.038 530 0.187
12.225 480 0
12.413 719 0
12.6 693 0.375
12.975 125 0.188
13.163 291 0
13.35 322 0.375
13.538 798 0
13.725 111 0
13.725 663 0
13.913 260 0
14.1 429 0
14.1 276 0
14.288 750 0
14.475 209 0
14.475 41 0
14.569 621 0
14.663 187 0.375
14.85 139 0.188
15.038 314 0
15.038 188 0
15.225 539 0.188
15.413 830 0
15.413 729 0
15.6 92 0.375
15.788 878 0
15.975 686 0
16.163 121 0
16.163 522 0
16.35 15 0.563
16.538 362 0
16.913 808 0
16.913 180 0
17.1 210 0.188
17.288 893 0
17.663 493 0
17.663 643 0
17.85 851 0
18.038 197 0.187
18.225 597 0.188
18.413 471 0
18.413 149 0
18.6 778 0.375
18.788 874 0
18.975 53 0
19.163 510 0
19.163 425 0
19.35 220 0.188
19.538 267 0.375
19.913 689 0
19.913 119 0
20.1 229 0.375
20.288 348 0
20.475 71 0.188
20.663 154 0.187
20.663 669 0
20.85 557 0.188
21.038 524 0
21.225 361 0.188
21.413 19 0
21.413 510 0
21.6 389 0.375
21.788 171 0
21.975 603 0
22.163 309 0
22.163 160 0
22.35 251 0.563
22.538 611 0
22.913 578 0
22.913 237 0
23.1 211 0.563
23.288 503 0
23.663 243 0.187
23.663 770 0
23.85 293 0
23.944 735 0
24.038 288 0
24.038 163 0.187
24.225 755 0.188
24.413 747 0
24.413 642 0
24.6 202 0.375
24.788 298 0
24.788 776 0
24.975 652 0.188
25.163 486 0
25.163 459 0
25.35 61 0.188
25.538 100 0
25.538 238 0
25.725 222 0
25.819 346 0
25.913 349 0
25.913 523 0.75
26.663 284 0
26.663 864 0
26.756 491 0
26.85 756 0
26.944 371 0
27.038 598 0.187
27.038 304 0.187
27.225 177 0
27.413 566 0.187
27.413 307 0.187
27.6 679 0
27.788 674 0.187
27.788 169 0.187
27.975 4 0
28.163 349 0.187
28.163 502 0.281
28.538 278 0.187
28.538 118 0.187
28.725 245 0
28.913 854 0.187
28.913 304 0.187
29.1 405 0
29.288 362 0.187
29.288 37 0.187
29.475 148 0
29.663 465 0
29.663 32 0.093
29.85 652 0.094
30.038 636 0.187
30.038 612 0.187
30.225 296 0
30.413 735 0.187
30.413 638 0.187
30.6 525 0
30.788 657 0.187
30.788 525 0.187
30.975 570 0
31.163 160 0
31.163 420 0.375
31.35 114 0.188
31.538 274 0.187
31.538 557 0.187
31.725 396 0
31.913 511 0.187
31.913 160 0.187
32.1 873 0
32.288 198 0.187
32.288 422 0.187
32.475 870 0
32.663 266 0.281
32.663 490 0.281
33.038 320 0
33.038 427 0
33.131 847 0
33.225 618 0
33.319 269 0
33.413 265 0
33.413 267 0
33.6 863 0
33.788 600 0
33.788 785 0
33.975 769 0
34.163 606 0
34.163 9 0
34.35 598 0
34.538 611 0
34.538 366 0
34.631 691 0
34.725 376 0
34.819 642 0
34.913 680 0
34.913 871 0
35.1 724 0
35.288 336 0
35.288 278 0
35.475 384 0
35.663 797 0
35.663 484 0
35.85 122 0
36.038 885 0
36.038 888 0
36.131 433 0
36.225 548 0
36.319 438 0
36.413 590 0
36.413 256 0
36.6 249 0
36.788 64 0
36.788 814 0
36.881 212 0
36.975 788 0
37.069 451 0
37.163 685 0
37.163 74 0
37.35 84 0
37.538 503 0
37.538 846 0
37.913 315 0
37.913 486 0
38.288 448 0
38.288 281 0
38.475 185 0
38.475 450 0
38.663 764 0.375
38.663 868 0.187
38.85 339 0
39.038 856 0.187
39.038 722 0.375
39.413 52 0
39.413 822 0
39.506 295 0
39.6 225 0
39.694 680 0
39.788 224 0
39.788 522 0
39.881 605 0
39.975 114 0
40.069 128 0
40.163 590 0.093
40.163 370 0.093
40.35 546 0.094
40.35 687 0.094
40.538 871 0
40.538 771 0
40.631 416 0
40.725 434 0
40.819 235 0
40.913 610 0
40.913 520 0
41.006 600 0
41.1 649 0
41.194 273 0
41.288 235 0
41.288 654 0
41.381 248 0
41.475 304 0
41.569 2 0
41.663 289 0.093
41.663 201 0.093
41.85 709 0.094
41.85 391 0.094
42.038 854 0
42.038 675 0
42.225 461 0
42.225 421 0
42.413 285 0
42.413 55 0
42.6 869 0
42.6 852 0
42.788 391 0
42.788 643 0
42.881 667 0
42.975 828 0
43.069 339 0
43.163 211 0.093
43.163 5 0.093
43.35 165 0.094
43.35 897 0.094
43.538 210 0
43.538 652 0
43.538 557 0
43.725 896 0
43.913 700 0
43.913 893 0
43.913 838 0
44.1 648 0
44.288 383 0
44.288 784 0
44.288 253 0
44.475 118 0
44.663 672 0.187
44.663 809 0
44.663 630 0.187
45.038 732 0.187
45.038 577 0.187
45.038 7 0.187
45.413 695 0
45.413 873 0
45.506 898 0
45.6 765 0
45.694 493 0
45.788 417 0
45.788 813 0
45.881 171 0
45.975 753 0
46.069 614 0
46.163 789 0.093
46.163 267 0.093
46.35 222 0.094
46.35 820 0.094
46.538 466 0
46.538 326 0
46.631 204 0
46.725 626 0
46.819 445 0
46.913 898 0
46.913 580 0
47.006 745 0
47.1 507 0
47.194 203 0
47.288 41 0
47.288 285 0
47.381 831 0
47.475 81 0
47.569 26 0
47.663 180 0.093
47.663 562 0.093
47.85 421 0.094
47.85 359 0.094
48.038 452 0
48.038 317 0
48.225 635 0
48.225 652 0
48.413 178 0
48.413 505 0
48.6 725 0
48.6 507 0
48.788 53 0
48.788 211 0
48.881 827 0
48.975 577 0
49.069 360 0
49.163 294 0.093
49.163 745 0.093
49.35 664 0.094
49.35 460 0.094
49.538 363 0
49.538 801 0
49.538 532 0
49.725 514 0
49.913 828 0
49.913 665 0
49.913 776 0
50.1 332 0
50.288 406 0.375
50.288 95 0.187
50.663 837 0
50.663 460 0.187
50.663 289 0.187
51.038 308 0.187
51.038 189 0.187
51.038 12 0.187
51.413 397 0
51.413 475 0
51.506 187 0
51.6 428 0
51.694 689 0
51.788 570 0
51.788 574 0
52.069 616 0
52.069 582 0
52.35 348 0
52.35 786 0
52.538 296 0
52.538 434 0
52.819 478 0
52.819 679 0
53.1 502 0
53.1 303 0
53.288 611 0
53.288 301 0
53.475 676 0
53.475 443 0
53.569 564 0
53.663 866 0.093
53.663 69 0.093
53.85 534 0.094
53.85 568 0.094
54.038 487 0.375
54.038 888 0.187
54.131 752 0.282
54.413 540 0
54.413 608 0
54.6 208 0
54.6 222 0
54.788 109 0.187
54.788 526 0.375
54.881 385 0.282
55.163 780 0
55.163 587 0
55.35 62 0
55.35 459 0
55.538 839 0
55.538 295 0
55.538 724 0
55.725 92 0
55.913 629 0
55.913 850 0
55.913 293 0
56.1 437 0
56.288 706 0
56.288 150 0
56.288 522 0
56.475 816 0
56.663 419 0.187
56.663 784 0.187
56.663 603 0
57.038 861 0.187
57.038 619 0.187
57.038 818 0.187
57.413 480 0
57.413 824 0
57.506 470 0
57.6 708 0
57.694 885 0
57.788 529 0
57.788 578 0
57.975 664 0
58.069 639 0
58.069 683 0
58.35 239 0
58.35 663 0
58.538 875 0
58.538 206 0
58.725 209 0
58.819 31 0
58.819 413 0
59.1 40 0
59.1 641 0
59.288 569 0
59.288 476 0
59.475 764 0
59.475 268 0
59.569 562 0
59.663 680 0.093
59.663 148 0.093
59.85 684 0.094
59.85 595 0.094
60.038 876 0
60.038 596 0
60.131 132 0
60.225 385 0
60.319 618 0
60.413 705 0
60.413 202 0
60.506 73 0
60.6 466 0
60.694 100 0
60.788 674 0
60.788 581 0
60.881 865 0
60.975 551 0
61.069 203 0
61.163 707 0
61.163 517 0
61.256 444 0
61.35 87 0
61.444 878 0
61.538 469 0.281
61.538 779 0.281
61.538 2 0
61.913 872 0
61.913 744 0.187
61.913 723 0.187
62.288 31 0.187
62.288 541 0
62.288 308 0
62.475 458 0
62.663 873 0
62.663 733 0
62.756 405 0
62.85 97 0
62.85 57 0
62.944 348 0
63.038 593 0.375
63.038 585 0
63.413 255 0
63.413 208 0
63.6 402 0.375
63.975 637 0.188
64.163 224 0.187
64.163 459 0
64.35 410 0.188
64.538 477 0.562
64.913 283 0
64.913 227 0
65.1 533 0.188
65.288 229 0.375
65.475 526 0
65.663 829 0
65.663 633 0
65.85 169 0.188
66.038 142 0.187
66.225 158 0.188
66.413 433 0.187
66.413 319 0
66.6 693 0.188
66.788 145 0.187
66.975 797 0.188
67.163 604 0
67.163 483 0.187
67.35 68 0.188
67.538 296 0.562
67.913 136 0
67.913 816 0
68.1 317 0.188
68.288 51 0.187
68.475 462 0.188
68.663 91 0
68.663 267 0.187
68.85 890 0.188
69.038 587 0.375
69.038 297 0
69.413 100 0
69.413 669 0
69.6 808 0.375
69.975 161 0.188
70.163 502 0.187
70.163 556 0
70.35 551 0.188
70.538 103 0.562
70.913 210 0
70.913 243 0
71.1 694 0.188
71.288 767 0.375
71.475 864 0
71.663 660 0
71.663 260 0
71.85 734 0.188
72.038 762 0.187
72.225 517 0.188
72.413 516 0
72.413 573 0.187
72.6 227 0.188
72.788 481 0.187
72.975 350 0.188
73.163 640 0
73.163 825 0.375
73.35 245 0.188
73.538 501 1.125
73.725 68 0
73.913 809 0
73.913 592 0
74.1 581 0
74.288 473 0
74.475 252 0
74.663 443 0
74.756 626 0
74.85 84 0.188
75.038 78 0
75.038 397 0
75.225 678 0.188
75.413 652 0
75.413 447 0
75.6 111 0.375
75.788 431 0
75.975 491 0
76.163 485 0
76.163 286 0
76.35 41 0.563
76.538 25 0
76.913 638 0
76.913 649 0
77.1 891 0.188
77.288 632 0
77.663 377 0
77.663 387 0
77.85 664 0
78.038 28 0.187
78.225 881 0.188
78.413 435 0
78.413 263 0
78.6 112 0.375
78.788 168 0
78.975 165 0
79.163 502 0
79.163 393 0
79.35 349 0.188
79.538 877 0.375
79.913 249 0
79.913 331 0
80.1 410 0.375
80.288 592 0
80.475 361 0
80.663 540 0
80.663 55 0.187
80.85 235 0.188
81.038 121 0
81.038 764 0
81.225 239 0
81.413 267 0
81.413 730 0
81.6 320 0
81.788 797 0
81.788 763 0
81.975 642 0
82.163 425 0
82.163 204 0
82.35 609 0
82.444 607 0
82.538 334 0
82.538 423 0
82.725 240 0
82.913 643 0
82.913 885 0
83.1 868 0
83.288 121 0
83.288 103 0
83.475 752 0
83.663 754 0
83.663 801 0
83.85 416 0
83.944 707 0
84.038 415 0
84.038 138 0
84.131 91 0
84.225 181 0
84.319 454 0
84.413 815 0
84.413 469 0
84.506 893 0
84.6 237 0
84.694 605 0
84.788 595 0
84.788 221 0
84.881 305 0
84.975 439 0
85.069 6 0
85.163 844 0
85.163 389 0
85.256 465 0
85.35 759 0
85.444 716 0
85.538 191 0
85.538 191 0
85.725 774 0
85.819 643 0
85.913 406 0.75
86.475 503 0
86.663 75 0
86.663 800 0
86.756 794 0
86.85 810 0
86.944 597 0
87.038 547 0
87.038 526 0
87.038 692 0
87.225 362 0.188
87.413 579 0
87.413 340 0
87.413 825 0
87.6 551 0.188
87.788 696 0
87.788 442 0
87.788 264 0
87.975 659 0.188
88.163 262 0
88.163 276 0
88.163 755 0
88.35 294 0.188
88.538 254 0
88.538 207 0
88.538 776 0
88.725 243 0
88.913 248 0
88.913 62 0
88.913 190 0
89.1 253 0
89.288 160 0
89.288 106 0
89.288 144 0
89.475 378 0
89.663 782 0
89.663 170 0
89.663 698 0
89.85 390 0
90.038 58 0
90.038 810 0
90.038 64 0
90.225 271 0.188
90.413 767 0
90.413 447 0
90.413 320 0
90.6 527 0.188
90.788 379 0
90.788 841 0
90.788 330 0
90.975 736 0.188
91.163 513 0
91.163 146 0
91.163 860 0
91.35 875 0.188
91.538 494 0
91.538 441 0
91.538 232 0
91.725 252 0
91.913 228 0
91.913 594 0
91.913 233 0
92.1 801 0
92.288 545 0
92.288 649 0
92.288 525 0
92.475 382 0
92.663 899 0
92.663 205 0
92.663 681 0
92.85 46 0
92.85 28 0
93.038 268 0
93.038 368 0
93.038 594 0
93.225 40 0.188
93.413 538 0
93.413 65 0
93.413 854 0
93.6 225 0.188
93.788 467 0
93.788 16 0
93.788 123 0
93.975 41 0.188
94.163 184 0
94.163 103 0
94.163 751 0
94.35 218 0.188
94.538 325 0
94.538 373 0
94.538 321 0
94.725 29 0
94.913 825 0
94.913 406 0
94.913 475 0
95.1 760 0
95.288 221 0
95.288 275 0
95.288 729 0
95.475 28 0
95.663 29 0
95.663 476 0
95.663 790 0
95.85 870 0
96.038 441 0
96.038 457 0
96.038 139 0
96.225 15 0.188
96.413 303 0
96.413 93 0
96.413 276 0
96.6 443 0.188
96.788 636 0
96.788 615 0
96.788 84 0
96.975 680 0.188
97.163 634 0
97.163 388 0
97.163 525 0
97.35 547 0.188
97.538 98 0
97.538 340 0
97.538 651 0
97.725 410 0
97.913 243 0
97.913 778 0
97.913 27 0
98.1 421 0
98.288 431 0
98.288 41 0
98.288 900 0
98.569 268 0
98.569 510 0
98.663 307 0
98.663 292 0
98.85 504 0
98.85 155 0
99.038 453 0
99.038 509 0
99.225 579 0.094
99.413 693 0
99.413 610 0
99.6 222 0.094
99.788 304 0
99.788 686 0
99.975 530 0.094
100.163 567 0
100.163 202 0
100.35 505 0.094
100.538 557 0
100.538 459 0
100.538 349 0
100.725 519 0
100.913 148 0
100.913 208 0
101.1 597 0
101.288 74 0
101.288 125 0
101.381 758 0
101.475 63 0
101.569 43 0
101.663 535 0
101.663 845 0
101.756 215 0
101.85 779 0
101.944 852 0
102.038 665 0
102.038 60 0
102.225 852 0
102.225 137 0
102.413 690 0
102.413 558 0
102.413 224 0
102.6 460 0.188
102.788 669 0
102.788 233 0
102.788 531 0
102.975 78 0.188
103.163 352 0
103.163 581 0
103.163 554 0
103.35 527 0.188
103.538 412 0
103.538 507 0
103.538 111 0
103.725 878 0
103.913 219 0
103.913 164 0
103.913 749 0
104.1 78 0
104.288 143 0
104.288 4 0
104.288 9 0
104.475 722 0
104.663 814 0
104.663 665 0
104.663 428 0
104.85 853 0
105.038 518 0
105.038 516 0
105.038 493 0
105.225 208 0.188
105.413 131 0
105.413 766 0
105.413 35 0
105.6 781 0.188
105.788 306 0
105.788 494 0
105.788 700 0
105.975 772 0.188
106.163 385 0
106.163 570 0
106.163 638 0
106.35 879 0.188
106.538 118 0
106.538 81 0
106.538 512 0
106.725 616 0
106.913 229 0
106.913 513 0
106.913 747 0
107.1 742 0
107.288 519 0
107.288 314 0
107.288 391 0
107.475 528 0
107.663 871 0
107.663 161 0
107.663 506 0
107.85 812 0
108.038 838 0
108.038 558 0
108.225 1 0
108.225 764 0
108.413 141 0
108.413 593 0
108.6 796 0
108.6 40 0
108.788 679 0
108.788 897 0
108.881 19 0
108.975 682 0
109.069 259 0
109.163 75 0
109.163 202 0
109.256 856 0
109.35 224 0
109.444 550 0
109.538 807 0.375
109.538 485 0.375
109.913 6 0
109.913 472 0
110.288 829 0.187
110.288 192 0
110.475 543 0
110.475 267 0
110.663 674 0
110.663 858 0.187
110.85 242 0
110.944 618 0
111.038 247 0
111.038 219 0
111.225 598 0.188
111.413 740 0
111.413 878 0
111.6 135 0.375
111.788 13 0
111.975 300 0
112.163 118 0
112.163 86 0
112.35 528 0
112.444 218 0
112.538 599 0.375
112.913 771 0
112.913 544 0
113.1 220 0
113.194 503 0
113.288 47 0.187
113.663 652 0
113.663 102 0
113.85 633 0
114.038 534 0.187
114.225 739 0.188
114.413 392 0
114.413 359 0.187
114.6 173 0.375
114.788 621 0
114.975 144 0
115.163 75 0
115.163 646 0
115.35 599 0.188
115.538 203 0.562
115.913 183 0
115.913 850 0
116.1 534 0
116.288 325 0.187
116.475 256 0
116.663 598 0
116.663 353 0.187
116.85 160 0
117.038 512 0
117.225 592 0.188
117.413 803 0
117.413 632 0
117.6 135 0.375
117.788 710 0
117.975 214 0.188
118.163 770 0
118.163 580 0
118.35 708 0
118.444 653 0
118.538 636 0.375
118.913 743 0
118.913 434 0
119.1 699 0.563
119.288 384 0
119.663 545 0
119.663 574 0.187
119.85 478 0
119.944 61 0
120.038 76 0.187
120.225 254 0.188
120.413 394 0
120.413 823 0
120.6 841 0.375
120.788 476 0
120.975 699 0
121.163 674 0
121.163 110 0
121.35 681 0.375
121.538 804 0
121.725 187 0
121.819 862 0
121.913 104 0.375
121.913 854 0
122.288 403 0
122.288 633 0
122.475 142 0
122.475 744 0
122.663 804 0
122.663 702 0
122.85 451 0
122.85 428 0
123.038 448 0
123.038 854 0
123.225 328 0
123.319 319 0
123.413 148 0
123.413 531 0
123.6 199 0.375
123.788 787 0
123.975 350 0
124.069 737 0
124.163 377 0
124.163 491 0
124.35 57 0
124.444 8 0
124.538 469 0.375
124.819 106 0
124.913 162 0
124.913 837 0
125.1 145 0
125.194 195 0
125.288 767 0.187
125.475 778 0
125.663 224 0
125.663 391 0
125.85 600 0
126.038 576 0
126.225 303 0
126.319 194 0
126.413 287 0
126.413 738 0
126.6 457 0.375
126.788 799 0
126.975 182 0
127.069 461 0
127.163 181 0
127.163 672 0
127.35 842 0
127.538 395 0.375
127.819 282 0
127.913 689 0
127.913 710 0
128.1 551 0.188
128.288 678 0.187
128.475 869 0.188
128.663 898 0.187
128.663 508 0
128.85 776 0
128.944 557 0
129.038 121 0
129.038 605 0
129.225 549 0
129.413 571 0
129.413 79 0
129.6 44 0
129.788 467 0
129.788 788 0
129.975 602 0
130.163 123 0
130.163 860 0
130.35 191 0
130.444 619 0
130.538 846 0
130.538 85 0
130.725 640 0
130.913 516 0
130.913 85 0
131.1 225 0
131.288 767 0
131.288 128 0
131.475 454 0
131.663 656 0
131.663 776 0
131.85 4 0
131.944 3 0
132.038 16 0
132.038 128 0
132.225 213 0
132.225 256 0
132.413 819 0
132.413 578 0
132.6 89 0
132.6 3 0
132.788 551 0
132.788 778 0
132.975 649 0
132.975 772 0
133.163 776 0
133.163 811 0
133.35 410 0
133.35 172 0
133.538 104 0
133.538 94 0
133.631 745 0
133.725 117 0
133.725 174 0
133.819 226 0
133.913 176 0
133.913 451 0
134.006 583 0
134.1 179 0
134.1 752 0
134.194 384 0
134.288 898 0.187
134.288 277 0.187
134.663 219 0.187
134.663 273 0.187
135.038 536 0.187
135.038 679 0.187
135.038 437 0.187
