2.317 566 2.927
4.659 567 2.268
5.829 548 2.415
7.403 524 1.939
8.244 801 2.268
9.89 44 1.793
12.122 725 1.829
13.732 23 0.219
14.025 108 0.256
14.025 865 0.292
14.025 267 0.182
14.025 403 0.219
16.146 580 0
16.22 462 0
16.293 493 0
16.366 804 0.073
16.403 635 0.109
16.585 388 0.074
16.732 631 0.11
16.915 164 0.073
16.951 27 0.074
17.025 26 0
17.061 857 0
17.098 700 0
17.171 338 0
17.244 56 0.073
17.39 293 0.074
17.5 339 0
17.573 854 0.183
17.683 195 0.146
17.756 735 0.147
17.829 497 0.147
17.976 479 0.073
18.049 768 0.073
18.195 377 0.147
18.342 840 0.146
18.488 889 0.146
18.707 555 0.049
18.707 455 0.147
18.854 442 0
18.89 321 0
18.927 782 0
18.964 750 0
19.0 312 0
19.073 660 0.183
19.256 74 0.11
19.476 609 0
19.549 638 0.146
19.695 332 0.073
19.732 719 0.11
19.842 782 0
19.915 34 0.183
20.098 73 0
20.171 23 0
20.244 197 0.22
20.464 801 0.073
20.61 238 0.146
20.756 70 0.22
20.829 340 0.147
20.903 559 0.073
20.976 349 0.073
21.049 550 0.073
21.049 358 0.146
21.049 795 0.11
21.488 38 0.073
21.488 886 0.073
21.561 309 0.146
21.634 606 0.073
21.634 614 0.147
21.707 686 0.147
21.781 366 0.146
21.781 854 0.073
21.854 614 0.073
21.927 214 0.073
21.927 397 0.146
22.0 165 0.146
22.073 897 0.073
22.073 825 0.073
22.146 738 0.074
22.22 64 0.146
22.22 218 0.073
22.22 153 0.219
22.366 238 0.146
22.439 318 0.073
22.512 670 0.147
22.659 449 0.146
22.659 623 0.146
22.659 88 0.073
22.805 171 0.073
22.878 420 0.147
22.878 331 0.073
22.878 635 0.147
23.025 551 0.073
23.098 500 0.146
23.098 463 0.146
23.098 815 0.073
23.171 460 0.146
23.244 750 0.073
23.317 100 0.073
23.39 254 0.147
23.39 341 0.147
23.39 443 0.147
23.683 829 0.293
23.683 586 0
23.829 375 0.22
23.829 397 0.366
23.976 409 0
24.122 826 0.439
24.268 875 0.293
24.268 107 0
24.415 756 0.146
24.561 326 0
24.707 162 0
24.854 566 0
25.0 87 0.512
25.146 518 0
25.146 167 0.22
25.293 807 0.146
25.439 801 0
25.439 899 0.146
25.585 180 0.147
25.732 64 0
25.878 262 0.805
26.024 877 0
26.024 260 0.366
26.171 359 0.146
26.317 32 0
26.464 517 0.146
26.61 41 0
26.756 891 0.147
26.903 866 0
26.903 691 0.073
26.976 661 0.073
27.049 615 0.146
27.122 147 0.146
27.195 128 0
27.195 170 0.147
27.268 43 0.074
27.342 609 0
27.342 650 0
27.415 784 0
27.488 602 0
27.488 107 0
27.488 405 0.146
27.537 833 0
27.585 340 0
27.634 871 0
27.707 347 0
27.707 670 0
27.781 555 0
27.854 671 0
27.927 146 0
27.927 880 0
27.976 509 0
28.024 257 0
28.073 448 0.073
28.073 764 0.147
28.073 383 0.22
28.22 9 0
28.293 124 0.073
28.293 215 0.146
28.366 92 0
28.439 867 0
28.512 691 0.073
28.512 664 0.147
28.585 521 0
28.659 594 0.073
28.659 256 0.146
28.732 746 0.073
28.805 134 0.073
28.878 84 0.146
28.878 442 0.073
28.951 854 0.073
29.024 90 0.074
29.098 135 0.146
29.098 300 0.073
29.171 170 0.073
29.244 629 0.073
29.244 529 0.22
29.317 28 0.073
29.39 10 0.147
29.464 249 0.146
29.464 346 0.073
29.537 344 0.146
29.61 685 0.073
29.683 806 0.146
29.683 231 0.073
29.756 251 0.073
29.829 87 0.074
29.829 861 0.22
29.903 862 0.073
29.976 635 0.146
30.049 88 0.073
30.049 486 0.146
30.122 649 0.146
30.195 137 0.073
30.268 426 0.074
30.268 615 0.074
30.342 700 0.073
30.415 214 0.146
30.415 654 0.073
30.415 860 0.073
30.488 890 0.146
30.561 534 0.073
30.561 388 0.146
30.634 889 0.073
30.707 620 0.22
30.707 569 0.147
30.781 672 0.146
30.854 274 0.073
30.927 567 0.073
31.0 700 0.146
31.0 437 0.073
31.0 794 0.146
31.073 228 0.147
31.146 408 0.147
31.22 178 0.146
31.293 370 0.055
31.329 111 0.11
31.366 560 0.055
31.403 93 0.109
31.439 794 0.073
31.476 745 0.055
31.512 739 0.073
31.585 741 0.049
31.585 164 0.147
31.585 709 0.074
31.634 36 0.098
31.683 294 0.098
31.732 24 0.097
31.781 82 0.097
31.829 447 0.122
31.878 822 0.146
31.951 884 0.073
32.024 696 0.098
32.073 485 0.098
32.122 226 0.195
32.171 813 0.293
32.244 383 0.22
32.317 853 0.147
32.39 719 0.074
32.61 817 0.073
32.61 647 0.146
32.756 24 0.055
32.756 380 0.165
32.756 510 0.092
32.829 496 0.055
32.866 791 0.091
32.903 609 0.073
32.939 810 0.073
32.976 705 0.073
33.049 33 0
33.049 231 0
33.195 746 0
33.195 760 0
33.268 311 0
33.293 727 0
33.317 356 0
33.342 827 0
33.415 417 0
33.415 706 0
33.488 33 0
33.524 463 0
33.561 454 0
33.634 27 0.311
33.634 634 0.256
33.817 665 0.183
33.89 211 0.092
33.964 680 0.054
34.0 287 0
34.037 733 0
34.073 158 0
34.073 704 0
34.122 330 0
34.171 513 0
34.22 530 0
34.22 679 0
34.366 278 0
34.366 87 0
34.403 264 0
34.439 736 0
34.476 3 0
34.512 891 0
34.549 195 0
34.585 585 0
34.585 749 0
34.659 371 0
34.732 730 0
34.732 461 0
34.805 271 0
34.805 705 0
34.878 204 0
34.915 307 0
34.951 289 0
34.951 439 0
35.024 104 0
35.098 605 0.164
35.098 112 0.055
35.171 822 0.055
35.207 350 0.092
35.244 391 0.073
35.281 653 0.073
35.317 257 0.073
35.39 247 0
35.39 602 0
35.537 795 0
35.537 894 0
35.61 254 0
35.646 372 0
35.683 568 0
35.756 336 0
35.756 263 0
35.829 717 0
35.854 47 0
35.878 744 0
35.976 441 0
35.976 175 0
36.049 719 0.293
36.122 314 0.146
36.195 508 0.171
36.268 310 0.122
36.342 526 0.073
36.415 806 0
36.415 493 0
36.451 821 0
36.488 894 0
36.512 649 0
36.561 140 0
36.561 235 0
36.707 81 0.22
36.707 732 0.147
36.707 50 0.22
36.927 795 0
36.927 807 0
37.0 865 0
37.0 126 0
37.073 641 0.073
37.146 416 0.22
37.22 271 0.146
37.293 710 0.073
37.366 714 0.073
37.439 862 0.165
37.439 228 0.092
37.439 807 0.055
37.512 565 0.055
37.549 809 0.091
37.585 140 0.074
37.622 281 0.073
37.659 882 0.073
37.732 602 0
37.732 368 0
37.878 40 0
37.878 538 0
37.951 890 0
37.976 42 0
38.0 298 0
38.024 397 0
38.098 280 0
38.098 710 0
38.171 397 0
38.207 819 0
38.244 125 0
38.317 639 0.311
38.317 228 0.256
38.5 689 0.183
38.573 729 0.092
38.646 411 0.055
38.683 797 0
38.72 477 0
38.756 10 0
38.756 529 0
38.805 258 0
38.854 103 0
38.903 63 0
38.903 38 0
39.049 52 0
39.049 529 0
39.098 864 0
39.146 621 0
39.195 363 0
39.268 57 0
39.268 368 0
39.342 895 0
39.415 416 0
39.415 841 0
39.488 723 0
39.488 218 0
39.585 568 0
39.585 759 0
39.61 888 0
39.683 86 0
39.707 20 0
39.781 741 0.164
39.781 15 0.054
39.781 498 0.091
39.854 889 0.055
39.89 54 0.092
39.927 77 0.073
39.964 80 0.073
40.0 464 0.073
40.073 261 0
40.073 3 0
40.22 455 0
40.22 856 0
40.293 295 0
40.329 232 0
40.366 604 0
40.439 724 0
40.439 494 0
40.512 725 0
40.537 864 0
40.561 535 0
40.659 833 0
40.659 116 0
40.756 637 0.342
40.781 481 0.268
41.098 153 0
41.098 86 0
41.171 145 0
41.244 638 0
41.244 332 0.146
41.317 666 0
41.342 175 0
41.366 56 0
41.464 325 0.146
41.464 622 0.073
41.464 615 0.146
41.537 232 0
41.61 72 0.073
41.683 842 0.146
41.683 125 0.073
41.756 662 0.073
41.829 208 0.147
41.903 671 0.146
41.903 695 0.073
41.976 465 0.073
42.049 112 0.073
42.122 212 0.055
42.122 885 0.165
42.122 600 0.092
42.195 436 0.055
42.232 645 0.091
42.268 248 0.074
42.305 369 0.073
42.342 439 0.073
42.415 626 0
42.415 544 0
42.561 626 0
42.561 733 0
42.634 70 0
42.659 79 0
42.683 743 0
42.707 249 0
42.781 656 0
42.781 299 0
42.854 34 0
42.89 40 0
42.927 250 0
43.0 190 0.146
43.0 811 0.329
43.146 390 0.22
43.22 596 0.183
43.293 154 0.146
43.439 483 0
43.439 114 0
43.488 526 0
43.537 716 0
43.585 263 0
43.585 6 0
43.732 447 0
43.732 489 0
43.768 655 0
43.805 522 0
43.842 488 0
43.878 48 0
43.915 817 0
43.951 165 0
43.951 476 0
44.024 765 0
44.098 750 0
44.098 99 0
44.171 458 0
44.171 840 0
44.244 442 0
44.281 499 0
44.317 824 0
44.317 148 0
44.39 898 0
44.464 381 0.164
44.464 457 0.054
44.537 376 0.055
44.573 215 0.092
44.61 643 0.073
44.646 567 0.074
44.683 764 0.073
44.756 272 0
44.756 670 0
44.903 382 0
44.903 696 0
44.976 599 0
45.012 133 0
45.049 404 0
45.122 642 0
45.122 38 0
45.195 238 0
45.22 631 0
45.244 181 0
45.342 562 0
45.342 20 0
45.488 518 0.219
45.561 149 0.146
45.634 127 0.073
45.707 827 0.074
45.781 776 0
45.781 54 0
45.817 374 0
45.854 735 0
45.878 522 0
45.927 3 0
45.927 699 0
46.0 857 0
46.073 584 0.22
46.073 360 0.22
46.073 584 0.147
46.293 462 0
46.293 450 0
46.366 622 0.073
46.439 787 0.073
46.512 867 0
46.512 565 0
46.585 181 0.074
46.659 862 0.073
46.732 100 0.073
46.805 326 0.165
46.805 181 0.091
46.805 267 0.055
46.878 758 0.055
46.915 362 0.091
46.951 715 0.073
46.988 786 0.073
47.024 535 0.074
47.098 889 0
47.098 87 0
47.244 420 0
47.244 874 0
47.317 434 0
47.342 242 0
47.366 448 0
47.39 849 0
47.464 898 0
47.464 814 0
47.537 63 0
47.573 469 0
47.61 802 0
47.683 95 0.22
47.683 673 0.146
47.756 183 0.293
47.829 506 0.147
47.903 132 0.17
47.976 264 0.122
48.049 887 0.073
48.122 792 0
48.122 334 0
48.171 693 0
48.22 46 0
48.268 411 0
48.268 589 0
48.415 206 0
48.415 4 0
48.464 576 0
48.512 422 0
48.561 54 0
48.634 349 0
48.634 363 0
48.707 440 0
48.781 164 0
48.781 662 0
48.854 75 0
48.854 408 0
48.927 421 0
48.964 260 0
49.0 707 0
49.0 88 0
49.073 455 0.147
49.146 420 0.122
49.146 144 0.098
49.146 602 0.147
49.439 848 0
49.439 30 0
49.585 820 0.074
49.585 482 0.147
49.659 666 0.073
49.732 47 0.073
49.805 262 0.073
49.805 663 0.146
49.878 3 0.073
49.915 632 0
49.951 105 0.073
50.024 201 0.074
50.024 800 0.11
50.098 738 0.146
50.134 392 0
50.171 547 0
50.207 850 0
50.244 847 0
50.317 470 0
50.317 198 0
50.366 876 0
50.415 696 0
50.464 515 0
50.512 441 0
50.512 753 0
50.561 382 0
50.61 195 0
50.659 892 0
50.707 599 0
50.707 882 0
50.756 751 0
50.805 412 0
50.854 414 0
50.903 896 0
50.903 650 0
50.951 733 0
51.0 410 0
51.049 57 0
51.098 306 0
51.098 514 0
51.146 28 0
51.195 641 0
51.268 53 0
51.342 491 0
51.415 162 0
51.488 211 0.055
51.488 506 0.165
51.488 140 0.091
51.561 86 0.055
51.598 90 0.091
51.634 620 0.073
51.671 223 0.073
51.707 747 0.074
51.781 799 0
51.781 20 0
51.927 267 0
51.927 251 0
52.0 756 0
52.037 237 0
52.073 634 0
52.146 530 0
52.146 565 0
52.22 218 0
52.268 108 0
52.317 142 0
52.366 465 0.366
52.366 407 0.293
52.659 152 0.146
52.732 129 0.073
52.805 264 0
52.805 324 0
52.854 479 0
52.903 125 0
52.951 698 0
52.951 137 0
53.098 116 0
53.098 534 0
53.171 625 0.073
53.195 249 0.122
53.244 704 0.073
53.317 316 0
53.317 76 0
53.39 390 0
53.464 73 0
53.464 453 0
53.537 207 0
53.537 835 0
53.61 875 0
53.646 655 0
53.683 91 0
53.683 74 0
53.756 890 0
53.829 713 0.165
53.829 588 0.055
53.903 652 0.054
53.939 847 0.092
53.976 686 0.073
54.012 468 0.073
54.049 900 0.073
54.122 340 0
54.122 845 0
54.268 464 0
54.268 294 0
54.342 353 0
54.378 638 0
54.415 122 0
54.488 626 0
54.488 499 0
54.561 182 0
54.585 250 0
54.61 606 0
54.707 309 0
54.707 39 0
54.781 514 0
54.854 248 0
55.0 71 0
55.146 185 0
55.146 451 0
55.183 869 0
55.22 270 0
55.256 711 0
55.293 813 0
55.293 358 0
55.439 783 0.22
55.439 523 0.146
55.439 595 0.22
55.659 225 0
55.659 353 0
55.732 509 0
55.732 481 0
55.805 365 0.073
55.878 490 0.22
55.951 702 0.147
56.024 215 0.074
56.098 137 0.073
56.171 864 0.055
56.171 139 0.091
56.171 588 0.164
56.244 318 0.055
56.281 283 0.091
56.317 360 0.073
56.354 271 0.073
56.39 65 0.074
56.464 770 0
56.464 648 0
56.61 654 0
56.61 329 0
56.683 411 0
56.72 163 0
56.756 99 0
56.829 493 0
56.829 556 0
56.903 410 0
56.951 110 0
57.0 522 0
57.049 698 0.366
57.049 442 0.439
57.268 242 0.147
57.342 210 0.146
57.488 217 0
57.488 355 0
57.537 160 0
57.585 79 0
57.634 353 0
57.634 688 0
57.781 808 0
57.781 445 0
57.829 243 0
57.878 642 0
57.927 564 0
57.976 413 0
58.024 121 0
58.073 850 0
58.11 101 0
58.146 565 0
58.183 34 0
58.22 567 0
58.268 541 0
58.317 243 0
58.366 460 0
58.403 507 0
58.439 522 0
58.512 622 0.073
58.512 646 0.073
58.512 871 0.22
58.659 657 0.073
58.659 414 0.146
58.659 624 0.146
58.805 251 0
58.805 60 0
58.951 467 0.147
58.951 378 0.073
58.951 667 0.11
59.098 454 0
59.171 631 0
59.244 206 0.073
59.244 631 0.11
59.244 480 0.146
59.39 840 0
59.39 335 0
59.537 458 0.146
59.537 500 0.366
59.537 431 0.146
59.756 614 0.22
59.756 134 0.147
59.756 539 0.147
59.976 283 0
59.976 35 0.146
59.976 114 0.073
60.049 822 0
60.122 880 0
60.122 176 0
60.195 878 0.147
60.195 560 0.073
60.268 178 0.074
60.342 593 0.073
60.415 7 0
60.415 547 0.146
60.415 295 0.073
60.488 419 0.073
60.561 688 0
60.561 824 0.073
60.634 175 0.147
60.634 575 0.073
60.707 681 0.074
60.781 65 0.073
60.854 110 0.055
60.854 354 0.164
60.854 782 0.091
60.927 279 0.055
60.964 299 0.091
61.0 489 0.073
61.037 865 0.073
61.073 395 0.073
61.146 129 0
61.146 570 0
61.293 293 0
61.293 387 0
61.366 47 0
61.403 705 0
61.439 518 0
61.512 803 0
61.512 681 0
61.585 716 0
61.634 659 0
61.683 1 0
61.732 329 0.366
61.732 725 0.292
62.024 694 0.147
62.098 840 0.073
62.171 649 0
62.171 461 0
62.22 759 0
62.268 499 0
62.317 593 0
62.317 13 0
62.464 384 0
62.464 75 0
62.5 654 0
62.537 838 0
62.573 46 0
62.61 488 0
62.646 270 0
62.683 23 0
62.683 137 0
62.756 706 0
62.829 21 0
62.829 135 0
62.903 567 0
62.903 42 0
62.976 339 0
63.012 48 0
63.049 373 0
63.049 552 0
63.122 261 0
63.195 691 0.165
63.195 325 0.055
63.268 792 0.055
63.305 423 0.091
63.342 122 0.073
63.378 310 0.073
63.415 299 0.073
63.488 284 0
63.488 277 0
63.634 5 0
63.634 777 0
63.707 890 0
63.744 628 0
63.781 381 0
63.854 13 0
63.854 438 0
63.927 790 0
63.951 658 0
63.976 589 0
64.073 371 0
64.073 831 0
64.22 59 0
64.307 150 0
64.366 176 0
64.424 120 0
64.454 715 0
64.483 268 0
64.512 95 0
64.512 834 0
64.585 130 0
64.622 326 0
64.659 808 0
64.659 512 0
64.732 695 0
64.805 332 0.293
64.805 209 0.146
64.805 42 0.219
65.098 286 0.073
65.146 411 0.171
65.195 462 0.073
65.244 180 0.122
65.293 82 0.122
65.342 17 0.146
65.39 71 0.147
65.439 568 0.073
65.488 618 0.073
65.683 53 0.146
65.732 357 0.097
65.829 875 0
65.829 393 0
65.903 680 0
65.976 113 0.073
65.976 67 0.097
66.049 623 0.073
66.122 259 0.055
66.122 36 0.165
66.122 858 0.092
66.195 707 0.055
66.232 561 0.091
66.268 798 0.074
66.305 558 0.073
66.342 457 0.073
66.415 143 0
66.415 196 0.219
66.561 645 0
66.561 799 0
66.707 335 0
66.707 342 0
66.707 458 0
66.781 358 0
66.854 737 0
66.854 133 0
66.927 614 0
66.927 208 0
67.0 318 0
67.0 119 0
67.146 343 0
67.146 558 0
67.183 619 0
67.22 810 0
67.439 701 0
67.439 586 0
67.585 850 0
67.585 544 0
67.585 804 0
67.732 659 0
67.732 263 0
67.805 524 0
67.878 211 0.122
67.878 535 0.098
67.878 80 0.146
68.171 208 0
68.171 570 0
68.317 832 0.073
68.317 313 0.147
68.39 576 0.074
68.464 285 0.073
68.537 616 0.073
68.537 422 0.146
68.61 428 0.073
68.646 195 0
68.683 672 0.073
68.756 323 0.122
68.756 440 0.073
68.829 846 0.147
68.878 575 0
68.927 66 0
68.976 631 0
69.049 603 0.146
69.049 296 0.219
69.049 492 0.073
69.268 707 0
69.268 571 0
69.415 418 0
69.488 762 0.146
69.488 540 0.073
69.488 692 0.219
69.561 317 0
69.634 116 0
69.707 518 0
69.707 266 0
69.781 294 0
69.854 456 0
69.927 73 0.293
69.927 716 0.146
69.927 879 0.219
70.22 375 0
70.22 709 0.073
70.22 780 0.073
70.293 39 0
70.366 343 0
70.439 501 0
70.512 782 0
70.512 105 0.073
70.585 12 0
70.659 535 0
70.732 642 0
70.805 147 0
70.805 867 0.073
70.878 414 0
70.951 73 0
70.951 700 0
71.024 296 0
71.098 573 0.073
71.098 160 0
71.171 58 0
71.244 604 0
71.244 276 0
71.317 753 0
71.39 120 0.11
71.427 63 0
71.464 714 0
71.5 610 0
71.537 243 0
71.573 681 0
71.61 404 0
71.646 254 0
71.683 844 0
71.72 284 0
71.756 4 0
71.793 650 0
71.829 469 0
71.866 212 0
71.903 350 0
71.939 560 0
71.976 256 0.109
72.012 797 0.055
72.049 659 0.055
72.085 880 0.074
72.122 296 0.055
72.159 697 0.055
72.195 78 0.11
72.232 13 0.128
72.268 431 0.147
72.268 20 0.147
72.561 381 0.098
72.561 558 0.146
72.561 573 0.22
72.659 630 0
72.707 874 0
72.756 5 0
72.805 231 0
72.854 42 0.097
72.89 738 0.074
73.0 356 0.098
73.0 326 0.146
73.0 168 0.22
73.098 876 0
73.146 531 0
73.195 304 0
73.244 600 0
73.488 658 0
73.634 398 0
73.732 827 0.292
74.024 412 0
74.024 420 0
74.098 149 0
74.134 805 0
74.171 618 0
74.171 792 0
74.244 128 0
74.268 798 0
74.293 777 0
74.317 681 0.147
74.464 284 0
74.464 818 0
74.537 382 0
74.573 79 0
74.61 312 0
74.61 808 0
74.683 844 0.146
74.72 423 0.183
74.903 70 0.146
74.903 360 0.097
74.903 683 0.219
75.0 292 0
75.049 22 0
75.098 752 0
75.146 854 0
75.195 727 0.098
75.268 83 0.074
75.342 840 0.097
75.342 489 0.219
75.342 358 0.146
75.439 11 0
75.488 232 0
75.537 463 0
75.585 621 0
75.707 79 0
75.781 552 0.073
75.854 627 0.073
75.927 385 0.073
76.0 130 0.073
76.073 835 0
76.073 188 0
76.146 240 0
76.183 151 0
76.22 688 0
76.293 787 0
76.293 689 0
76.366 408 0
76.403 283 0
76.439 767 0
76.476 712 0
76.512 557 0
76.512 651 0
76.585 204 0
76.61 870 0
76.634 325 0
76.659 680 0
76.732 167 0
76.805 814 0
76.842 867 0
76.878 320 0
76.951 214 0.22
77.024 628 0
77.098 677 0.146
77.244 35 0.098
77.244 542 0.146
77.244 690 0.22
77.342 322 0
77.39 372 0
77.439 416 0
77.488 475 0
77.537 115 0
77.569 68 0
77.634 40 0
77.683 839 0.22
77.683 482 0.098
77.683 550 0.146
77.781 267 0
77.829 837 0
77.878 284 0
77.927 76 0
77.976 31 0
78.049 411 0
78.122 57 0.146
78.195 231 0
78.268 670 0.147
78.342 248 0
78.415 784 0.055
78.451 54 0.073
78.488 307 0.073
78.524 627 0.074
78.561 824 0.073
78.634 154 0
78.707 427 0
78.707 109 0
78.781 773 0
78.854 759 0
78.854 188 0
78.903 683 0
78.951 493 0
79.0 542 0
79.073 165 0
79.146 34 0
79.146 63 0
79.22 554 0
79.293 0 0
79.366 869 0
79.439 492 0
79.439 60 0
79.585 206 0
79.585 468 0
79.659 172 0
79.695 86 0
79.732 186 0
79.768 899 0
79.805 156 0
79.878 819 0
79.878 38 0.146
79.951 745 0.073
80.024 75 0
80.024 543 0
80.098 364 0
80.134 193 0
80.171 467 0
80.207 156 0
80.244 677 0
80.281 491 0
80.317 22 0
80.354 110 0
80.39 881 0
80.464 894 0
80.464 305 0
80.537 712 0
80.592 115 0
80.646 455 0
80.701 551 0
80.756 583 0.147
80.756 716 0
80.829 337 0.147
80.903 121 0.146
80.976 660 0
81.049 434 0
81.049 893 0.146
81.122 524 0.146
81.195 622 0
81.232 580 0
81.268 583 0
81.342 715 0
81.342 40 0
81.415 486 0.055
81.451 662 0.165
81.488 58 0.091
81.524 791 0.074
81.561 324 0.073
81.707 411 0.11
81.762 323 0.11
81.817 17 0.055
81.872 560 0.055
81.927 817 0.055
81.927 48 0.165
81.927 687 0.091
82.0 263 0.055
82.037 611 0.091
82.073 97 0.073
82.11 594 0.073
82.146 841 0.074
82.22 163 0
82.22 153 0
82.293 705 0
82.329 357 0
82.366 893 0.146
82.403 274 0
82.439 565 0.073
82.512 678 0
82.512 865 0
82.585 746 0
82.622 467 0
82.659 874 0
82.695 870 0
82.732 786 0
82.805 687 0
82.805 694 0
82.878 310 0.146
82.927 317 0.146
82.976 284 0.073
83.024 887 0.074
83.098 882 0
83.098 391 0
83.171 346 0
83.207 178 0
83.244 28 0
83.281 452 0
83.317 33 0
83.39 682 0
83.39 783 0
83.464 697 0
83.5 637 0
83.537 466 0
83.573 776 0
83.61 646 0
83.683 341 0
83.683 541 0
83.756 853 0
83.793 834 0
83.829 25 0
83.866 413 0
83.903 99 0
83.976 814 0
83.976 295 0
84.049 587 0
84.085 20 0
84.122 459 0
84.159 18 0
84.195 122 0
84.268 857 0
84.268 398 0
84.342 171 0
84.378 899 0
84.415 774 0
84.451 666 0
84.488 452 0
84.561 869 0
84.561 464 0
84.634 801 0
84.671 189 0
84.707 841 0.147
84.744 631 0
84.781 686 0.073
84.854 314 0
84.854 172 0
84.927 840 0
84.964 297 0
85.0 482 0
85.037 434 0
85.073 211 0
85.146 308 0
85.146 317 0
85.22 551 0
85.293 40 0
85.329 48 0
85.366 889 0
85.403 52 0
85.439 672 0.146
85.439 93 0
85.585 723 0
85.659 267 0.146
85.732 533 0
85.732 796 0.146
85.805 689 0.073
85.878 772 0.146
85.951 388 0.073
86.024 235 0.147
86.024 837 0.074
86.098 879 0
86.171 478 0.073
86.244 542 0.073
86.317 561 0
86.317 654 0.147
86.366 711 0
86.415 709 0
86.464 493 0
86.512 106 0
86.561 297 0
86.61 527 0.055
86.61 229 0.164
86.61 0 0.091
86.683 866 0.055
86.72 217 0.091
86.756 611 0.073
86.793 177 0.073
86.829 453 0.074
86.903 36 0
86.903 504 0
86.976 824 0
87.012 663 0
87.049 544 0.146
87.085 718 0
87.122 773 0.073
87.195 559 0
87.195 528 0
87.268 839 0
87.305 467 0
87.342 616 0
87.378 182 0
87.415 430 0
87.488 426 0
87.488 593 0
87.561 51 0.146
87.61 565 0.146
87.659 356 0.073
87.707 248 0.074
87.781 341 0
87.781 602 0
87.854 50 0
87.89 35 0
87.927 166 0
87.964 472 0
88.0 117 0
88.073 579 0
88.073 589 0
88.146 618 0
88.183 729 0
88.22 606 0
88.256 621 0
88.293 854 0
88.366 609 0
88.366 805 0
88.439 291 0
88.476 467 0
88.512 738 0
88.549 438 0
88.585 207 0
88.659 446 0
88.659 805 0
88.732 156 0
88.805 442 0
88.805 83 0
88.878 92 0
88.951 99 0
88.951 271 0.147
88.951 772 0.22
89.024 408 0
89.098 189 0.146
89.171 827 0.073
89.244 168 0
89.244 424 0
89.317 88 0
89.39 159 0.147
89.39 532 0.074
89.464 819 0.073
89.537 271 0
89.537 806 0
89.61 314 0
89.683 821 0
89.756 842 0
89.829 157 0
89.829 750 0
89.903 570 0
89.976 552 0.073
90.049 728 0.073
90.122 815 0.22
90.122 24 0
90.122 539 0.146
90.195 300 0
90.268 660 0.147
90.342 145 0.073
90.415 660 0
90.415 548 0
90.488 785 0
90.561 425 0
90.561 603 0
90.634 404 0
90.707 307 0.147
90.707 813 0.11
90.707 567 0.074
90.854 415 0.146
90.927 316 0.073
91.0 724 0.073
91.0 613 0.146
91.073 532 0.073
91.146 288 0.074
91.146 403 0.074
91.22 96 0.073
91.293 754 0.055
91.293 229 0.164
91.293 583 0.091
91.366 61 0.055
91.403 830 0.091
91.439 575 0.073
91.476 654 0.073
91.512 401 0.073
91.585 875 0
91.585 754 0
91.659 474 0
91.695 859 0
91.732 532 0.146
91.768 295 0
91.805 718 0.073
91.878 114 0
91.878 649 0
91.951 844 0
91.988 647 0
92.024 390 0
92.061 80 0
92.098 180 0
92.171 860 0
92.171 727 0
92.244 432 0.146
92.293 699 0.146
92.342 760 0.073
92.39 732 0.074
92.464 819 0
92.464 847 0
92.537 866 0
92.573 878 0
92.61 87 0
92.646 597 0
92.683 459 0
92.756 132 0
92.756 822 0
92.829 64 0
92.866 106 0
92.903 805 0
92.939 25 0
92.976 785 0
93.049 408 0
93.049 131 0
93.122 471 0
93.159 245 0
93.195 501 0
93.232 254 0
93.268 707 0
93.342 641 0
93.342 211 0
93.415 844 0
93.451 454 0
93.488 245 0
93.524 723 0
93.561 440 0
93.634 394 0
93.634 583 0
93.707 340 0
93.744 809 0
93.781 575 0
93.781 24 0
93.854 519 0.073
93.927 626 0
93.927 609 0
94.0 449 0
94.037 628 0
94.073 476 0.147
94.11 187 0
94.146 762 0.074
94.22 251 0
94.22 177 0
94.293 896 0
94.329 279 0
94.366 163 0
94.403 706 0
94.439 715 0
94.512 445 0
94.512 506 0
94.585 567 0
94.659 156 0
94.695 245 0
94.732 105 0
94.768 238 0
94.805 139 0.146
94.805 675 0
94.951 310 0
95.024 546 0.147
95.098 121 0
95.098 17 0
95.098 110 0
95.244 274 0.146
95.244 644 0
95.39 528 0
95.39 859 0
95.39 234 0
95.464 149 0.146
95.537 844 0
95.683 190 0.146
95.683 147 0.073
95.683 404 0.183
95.756 405 0.147
95.829 7 0.147
95.903 478 0.073
95.976 135 0
95.976 848 0
96.073 444 0.098
96.171 579 0.097
96.268 550 0.055
96.268 714 0.183
96.268 402 0.074
96.342 536 0.073
96.378 431 0.11
96.415 474 0.146
96.488 770 0.073
96.561 11 0
96.561 620 0
96.634 348 0
96.671 197 0
96.707 37 0
96.744 226 0
96.781 163 0
96.854 729 0
96.854 650 0
96.927 371 0.146
96.976 162 0.146
97.024 457 0.074
97.073 653 0.073
97.146 164 0
97.146 58 0
97.22 86 0
97.256 449 0
97.293 145 0
97.329 85 0
97.366 293 0
97.439 807 0
97.439 54 0
97.512 414 0
97.549 38 0
97.585 445 0
97.622 415 0
97.659 548 0
97.732 90 0
97.732 663 0
97.805 756 0
97.842 789 0
97.878 197 0
97.915 432 0
97.951 633 0
98.024 424 0
98.024 152 0
98.098 264 0
98.134 270 0
98.171 678 0
98.244 492 0
98.244 175 0
98.317 187 0.22
98.317 837 0.147
98.317 353 0.073
98.39 705 0.074
98.464 328 0.146
98.537 112 0.073
98.61 166 0.146
98.61 358 0.073
98.683 667 0.073
98.756 165 0.073
98.756 178 0.11
98.829 225 0.074
98.903 401 0.073
98.903 412 0.146
98.939 688 0
98.976 662 0
99.049 438 0.073
99.122 549 0.146
99.122 414 0.073
99.195 192 0
99.232 664 0
99.268 667 0.074
99.342 709 0.073
99.342 385 0.146
99.415 628 0
99.451 93 0
99.488 180 0.049
99.537 427 0.097
99.585 370 0.098
99.634 842 0.098
99.683 692 0.098
99.732 764 0.122
99.781 823 0
99.781 549 0.146
99.854 84 0
99.927 833 0
99.927 281 0
100.0 614 0
100.073 150 0.073
100.073 108 0
100.146 687 0.074
100.146 201 0
100.22 344 0
100.22 136 0.073
100.293 584 0
100.293 704 0.073
100.366 636 0.146
100.366 264 0.219
100.439 310 0.146
100.512 143 0.147
100.585 322 0.055
100.659 551 0.073
100.659 760 0.146
100.695 844 0.11
100.732 559 0.11
100.805 777 0.073
100.878 526 0.073
100.951 491 0.147
100.951 823 0
101.024 445 0.055
101.098 267 0.073
101.134 246 0.11
101.171 117 0.11
101.244 875 0.146
101.244 44 0
101.317 42 0.147
101.39 686 0.147
101.464 359 0.054
101.537 536 0.146
101.537 81 0
101.573 407 0.11
101.61 386 0.11
101.683 659 0.073
101.756 461 0.147
101.829 558 0.147
101.829 518 0
101.903 707 0.073
101.976 503 0.073
102.012 250 0.183
102.049 778 0.073
102.122 450 0.146
102.122 337 0
102.195 742 0.147
102.268 12 0.147
102.342 550 0.073
102.415 314 0.073
102.415 757 0.146
102.488 781 0
102.561 854 0.073
102.561 56 0.146
102.634 27 0
102.707 554 0.074
102.707 385 0.074
102.781 132 0
102.854 402 0.146
102.854 583 0.073
102.854 590 0.146
102.927 399 0
103.0 857 0
103.073 677 0
103.146 485 0.22
103.146 81 0.147
103.146 436 0.074
103.22 767 0
103.293 298 0
103.366 17 0
103.439 399 0.146
103.439 94 0.293
103.439 461 0.073
103.512 170 0
103.585 397 0
103.659 654 0
103.732 842 0
103.805 403 0
103.878 625 0
103.878 744 0
103.951 556 0
104.024 160 0.074
104.024 13 0.147
104.098 723 0.146
104.171 153 0.073
104.171 11 0.146
104.244 824 0.146
104.317 778 0.147
104.39 248 0.147
104.464 164 0.146
104.464 756 0.073
104.537 71 0.146
104.61 712 0.146
104.683 211 0.146
104.756 139 0.147
104.756 602 0.073
104.829 816 0.147
104.903 551 0.146
104.976 551 0.146
105.049 35 0.073
105.049 815 0.146
105.122 176 0.073
105.195 140 0.073
105.195 47 0.073
105.268 334 0.074
105.342 28 0.146
105.342 509 0.219
105.342 104 0.073
105.415 824 0
105.488 356 0
105.561 643 0
105.634 109 0
105.634 451 0
105.707 760 0
105.781 106 0.073
105.781 599 0.146
105.854 285 0
105.927 465 0
105.927 287 0
106.0 631 0
106.073 861 0.147
106.073 238 0.073
106.146 741 0
106.22 327 0
106.22 471 0
106.293 177 0
106.366 896 0.146
106.366 337 0.073
106.439 517 0
106.512 278 0
106.512 719 0
106.585 141 0
106.659 178 0.146
106.659 288 0.073
106.732 893 0
106.805 346 0.146
106.805 864 0.073
106.878 316 0
106.951 880 0.073
106.951 840 0.22
107.024 535 0.074
107.098 708 0.146
107.171 13 0.073
107.244 745 0.146
107.317 627 0.073
107.39 209 0.22
107.39 438 0.074
107.464 497 0
107.537 673 0.073
107.537 6 0.073
107.61 510 0.073
107.683 391 0.073
107.683 475 0.22
107.683 252 0.146
107.756 805 0
107.829 644 0
107.903 125 0
107.976 120 0
107.976 411 0
108.049 211 0
108.122 708 0
108.195 633 0
108.268 295 0.22
108.268 330 0.074
108.342 388 0
108.415 280 0
108.488 112 0
108.561 218 0
108.561 273 0
108.634 513 0
108.707 480 0
108.781 191 0
108.854 515 0.146
108.854 805 0.073
108.854 311 0.219
108.927 382 0
109.0 27 0
109.073 721 0
109.146 805 0
109.146 68 0
109.22 717 0
109.293 363 0
109.293 147 0.073
109.366 46 0
109.439 529 0
109.439 708 0
109.512 336 0
109.512 199 0
109.585 633 0
109.585 287 0
109.659 696 0
109.732 737 0
109.805 797 0
109.805 432 0
109.878 873 0
109.878 751 0
109.951 742 0
110.024 486 0.147
110.024 114 0.074
110.061 845 0.11
110.098 441 0.109
110.171 118 0.073
110.244 116 0.073
110.317 118 0.147
110.317 209 0
110.39 893 0.055
110.464 306 0.073
110.5 621 0.11
110.537 329 0.109
110.61 339 0.146
110.61 136 0
110.683 414 0.146
110.756 316 0.147
110.829 221 0.055
110.903 29 0.146
110.903 665 0
110.939 373 0.11
110.976 285 0.109
111.049 215 0.073
111.122 569 0.146
111.195 649 0.147
111.195 884 0
111.268 811 0.074
111.342 356 0.073
111.378 657 0.183
111.415 756 0.073
111.488 28 0.146
111.488 277 0
111.561 558 0.146
111.634 64 0.147
111.707 829 0.074
111.781 853 0.073
111.781 853 0.146
111.854 808 0
111.927 572 0.073
111.927 106 0.146
112.0 291 0
112.073 384 0.073
112.073 220 0.073
112.146 677 0
112.22 583 0.146
112.22 628 0.146
112.22 698 0.073
112.293 484 0
112.366 497 0
112.439 588 0
112.476 771 0
112.512 241 0.147
112.512 125 0.073
112.585 850 0
112.659 279 0
112.707 678 0
112.756 596 0
112.805 846 0
112.805 685 0.146
112.878 255 0
112.915 163 0
112.951 737 0
113.024 334 0
113.098 506 0.146
113.098 231 0.073
113.171 107 0.146
113.244 512 0.073
113.244 255 0.073
113.317 582 0.073
113.39 145 0.22
113.39 814 0.147
113.39 499 0.074
113.464 540 0
113.537 123 0
113.61 516 0
113.683 334 0
113.683 48 0
113.756 424 0
113.829 356 0
113.829 542 0
113.903 309 0
113.976 91 0
113.976 29 0
114.049 832 0
114.122 410 0.055
114.159 896 0.055
114.195 758 0.073
114.232 100 0.11
114.268 165 0.147
114.268 567 0.074
114.342 335 0.073
114.415 201 0
114.415 316 0.073
114.488 82 0.073
114.561 714 0
114.561 99 0.073
114.634 697 0.073
114.707 98 0.147
114.707 668 0.293
114.707 884 0.074
114.781 132 0
114.854 373 0
114.927 68 0
115.0 464 0
115.073 695 0
115.146 30 0.147
115.146 416 0.074
115.146 686 0.147
115.22 156 0
115.293 832 0
115.366 738 0.146
115.366 651 0.073
115.366 721 0.073
115.439 24 0
115.512 0 0
115.512 44 0
115.585 614 0
115.585 811 0
115.659 220 0
115.732 577 0.146
115.732 204 0.073
115.732 699 0.073
115.878 243 0.293
115.878 26 0.073
115.878 230 0.146
115.951 817 0
116.024 708 0
116.098 726 0
116.171 773 0
116.244 238 0
116.317 693 0.147
116.317 700 0.073
116.317 399 0.22
116.39 73 0
116.464 68 0
116.537 898 0
116.61 528 0
116.61 644 0.146
116.61 643 0.073
116.683 729 0
116.756 799 0
116.793 856 0
116.829 185 0
116.866 775 0
116.903 367 0.073
116.903 737 0.073
116.976 329 0.073
117.049 223 0.146
117.049 418 0.219
117.049 384 0.073
117.122 231 0
117.195 778 0
117.268 816 0
117.342 295 0
117.342 464 0
117.415 331 0
117.488 688 0.219
117.488 672 0.146
117.488 484 0.073
117.561 398 0
117.634 65 0
117.707 91 0
117.781 613 0
117.854 849 0
117.927 191 0
118.0 426 0
118.073 43 0.073
118.122 415 0.098
118.171 569 0.122
118.22 485 0
118.22 764 0.097
118.268 466 0.098
118.317 410 0.122
118.366 717 0.073
118.415 299 0.073
118.464 327 0.073
118.512 739 0
118.512 803 0.073
118.549 744 0.073
118.585 555 0.074
118.622 676 0.073
118.659 288 0.097
118.707 3 0.074
118.756 398 0.086
118.805 511 0.091
118.842 551 0.128
118.878 582 0.055
118.915 349 0.091
118.951 372 0.092
118.988 504 0.055
119.024 596 0.074
119.061 847 0.11
119.098 329 0.201
119.098 105 0.146
119.171 189 0.146
119.244 87 0.091
119.317 702 0.147
119.39 809 0.147
119.39 771 0.11
119.39 272 0.147
120.524 388 0
120.598 507 0
120.671 13 0.146
120.744 330 0.073
120.817 73 0.11
120.927 235 0.219
121.073 726 0.147
121.22 288 0.073
121.366 405 0.146
121.659 679 0.219
122.024 419 0
122.098 327 0
122.171 655 0
122.244 673 0
122.317 470 0
122.317 544 0.073
122.415 325 0.17
122.464 385 0.097
122.537 37 0.073
122.61 244 0.073
122.683 188 0
122.756 468 0
122.829 168 0
122.903 26 0.073
122.903 155 0
123.049 599 0
123.122 556 0
123.195 206 0.147
123.342 686 0
123.342 747 0.073
123.415 460 0.073
123.488 852 0.146
123.561 685 0.146
123.634 286 0.147
123.707 220 0.147
123.781 563 0.048
123.829 66 0.122
123.854 812 0.073
123.878 650 0.122
123.927 341 0.073
124.0 111 0.073
124.073 281 0.22
124.073 466 0.147
124.073 774 0.073
124.22 365 0.146
124.22 414 0.073
124.293 792 0
124.366 87 0.146
124.366 570 0.073
124.439 421 0
124.512 760 0.147
124.512 430 0.073
124.585 621 0
124.659 303 0.073
124.659 678 0.146
124.732 203 0
124.805 315 0.073
124.805 58 0.146
124.878 807 0
124.951 21 0.147
124.951 322 0.073
125.024 556 0
125.098 786 0.073
125.098 91 0.073
125.171 134 0
125.244 511 0.22
125.244 827 0.146
125.244 854 0.073
125.39 440 0.147
125.39 11 0.074
125.464 529 0
125.537 610 0.146
125.537 564 0.073
125.61 734 0
125.683 772 0.146
125.683 686 0.073
125.756 880 0
125.829 378 0.074
125.829 187 0.147
125.903 231 0
125.976 672 0.073
125.976 847 0.146
126.049 788 0
126.122 833 0.146
126.122 270 0.073
126.195 791 0
126.268 182 0.074
126.268 336 0.074
126.342 286 0
126.415 101 0
126.415 528 0
126.488 116 0
126.488 164 0
126.561 310 0
126.561 882 0
126.634 546 0
126.634 640 0
126.634 574 0
126.707 585 0
126.781 221 0
126.781 592 0
126.854 687 0
126.854 711 0
126.854 844 0
126.927 452 0
126.927 786 0
127.0 284 0
127.073 434 0
127.073 108 0
127.073 619 0.147
127.146 738 0.22
127.22 9 0.292
127.293 649 0.219
127.293 723 0.219
127.439 605 0.146
127.585 536 0.049
127.585 825 0.074
127.585 64 0.147
127.634 166 0.098
127.683 825 0.098
127.732 60 0.097
127.781 528 0.097
127.829 795 0.122
127.878 672 0.146
128.024 796 0.098
128.073 427 0.098
128.122 600 0.122
128.171 594 0.146
128.244 475 0.146
128.317 793 0.147
128.39 574 0.074
128.464 304 0.292
128.756 404 0.055
128.756 715 0.165
128.756 753 0.092
128.829 519 0.055
128.866 853 0.091
128.903 457 0.073
128.939 377 0.073
128.976 475 0.073
129.342 132 0
129.488 800 0
129.561 135 0
129.634 747 0
129.781 820 0
129.781 565 0
129.854 116 0
129.927 85 0
129.927 700 0
130.0 889 0
130.073 366 0
130.146 243 0
130.22 336 0
130.22 357 0
130.293 330 0
130.366 695 0
130.366 873 0
130.439 398 0
130.512 126 0
130.512 577 0
130.585 599 0
130.659 54 0
130.659 851 0
130.732 476 0
130.805 50 0
130.842 684 0
130.951 485 0
130.988 430 0
131.024 694 0
131.098 613 0.055
131.098 808 0.164
131.098 391 0.091
131.171 209 0.055
131.207 850 0.092
131.244 346 0.073
131.281 843 0.073
131.317 778 0.073
131.39 117 0
131.415 785 0
131.464 207 0
131.537 175 0
131.537 230 0
131.61 697 0
131.683 141 0
131.683 266 0
131.683 414 0
131.756 846 0
131.793 101 0
131.829 125 0
131.903 713 0
131.976 475 0
132.049 174 0
132.122 554 0
132.195 219 0
132.268 745 0
132.293 71 0
132.317 689 0
132.415 84 0
132.415 450 0
132.488 824 0
132.561 740 0
132.598 339 0
132.634 76 0
132.707 28 0
132.707 52 0
132.756 406 0
132.805 378 0
132.854 838 0
132.854 328 0
132.903 342 0
132.927 209 0
132.951 821 0
133.073 884 0
133.11 795 0
133.146 331 0
133.22 437 0
133.256 429 0
133.293 871 0
133.439 189 0
133.439 56 0
133.512 631 0
133.549 52 0
133.585 701 0
133.622 307 0
133.659 511 0
133.695 473 0
133.732 468 0
133.756 764 0
133.878 787 0
133.951 685 0
134.024 339 0
134.024 654 0
134.024 660 0
134.098 585 0
134.134 551 0
134.171 505 0
134.244 648 0
134.317 282 0
134.39 674 0
134.464 345 0
134.464 849 0
134.537 496 0
134.561 293 0
134.585 733 0
134.683 432 0
134.683 720 0
134.732 710 0
134.756 112 0
134.781 816 0
134.903 12 0
134.903 199 0
134.951 205 0
134.976 769 0
135.049 208 0
135.122 816 0
135.195 636 0
135.195 867 0
135.268 10 0
135.305 209 0
135.342 173 0
135.415 360 0
135.488 743 0.293
135.561 856 0.22
135.634 180 0.147
135.707 682 0.074
136.073 795 0.055
136.073 43 0.165
136.073 743 0.092
136.146 356 0.055
136.183 698 0.091
136.22 708 0.073
136.256 131 0.073
136.293 169 0.073
136.366 356 0
136.366 611 0
136.439 633 0
136.476 815 0
136.512 623 0
136.585 530 0
136.659 279 0
136.732 223 0
136.805 224 0
136.878 313 0
136.951 324 0
136.976 94 0
137.0 662 0
137.098 745 0
137.098 405 0
137.171 504 0
137.244 761 0
137.317 734 0
137.39 740 0
137.39 829 0
137.439 520 0
137.488 835 0
137.537 40 0
137.537 772 0
137.585 265 0
137.61 249 0
137.634 521 0
137.756 159 0
137.793 536 0
137.829 887 0
137.903 430 0
137.939 344 0
137.976 326 0
138.122 712 0
138.122 21 0
138.195 624 0
138.22 388 0
138.244 299 0
138.268 418 0
138.305 481 0
138.342 537 0
138.378 609 0
138.415 74 0
138.415 799 0
138.488 137 0
138.561 812 0
138.561 100 0
138.598 92 0
138.634 880 0
138.707 627 0
138.707 736 0
138.781 632 0
138.854 332 0
138.854 835 0
138.927 41 0
139.0 186 0
139.0 784 0
139.073 856 0
139.146 469 0
139.183 854 0
139.22 632 0
139.256 191 0
139.293 125 0
139.293 25 0
139.366 365 0
139.439 293 0
139.512 312 0
139.585 898 0
139.585 325 0
139.659 67 0
139.732 486 0.073
139.732 180 0.219
139.732 420 0.146
139.805 536 0
139.878 665 0.146
139.951 881 0.073
140.024 706 0.147
140.024 806 0
140.098 10 0.073
140.171 741 0.146
140.171 699 0
140.244 699 0.073
140.317 846 0.049
140.464 646 0.091
140.464 356 0.164
140.464 545 0.054
140.537 807 0.055
140.573 148 0.092
140.61 869 0.073
140.646 554 0.074
140.683 83 0.073
140.756 500 0
140.781 6 0
140.903 188 0
140.976 230 0
141.049 458 0
141.049 139 0
141.049 544 0
141.122 454 0
141.159 245 0
141.195 527 0
141.268 365 0
141.342 123 0
141.415 317 0
141.488 871 0
141.561 508 0
141.634 495 0
141.634 88 0
141.683 580 0
141.781 609 0
141.781 723 0
141.854 354 0
141.927 592 0
141.964 124 0
142.0 285 0
142.073 104 0
142.146 378 0
142.22 139 0
142.22 618 0
142.268 160 0
142.293 712 0
142.317 8 0
142.439 624 0
142.476 121 0
142.512 594 0
142.585 542 0
142.622 442 0
142.659 166 0
142.707 413 0
142.756 576 0
142.805 384 0
142.805 12 0
142.878 17 0
142.915 183 0
142.951 491 0
142.988 160 0
143.024 261 0
143.061 436 0
143.098 340 0
143.122 491 0
143.244 858 0
143.317 647 0
143.39 851 0
143.39 112 0
143.39 775 0
143.464 488 0
143.5 446 0
143.537 496 0
143.61 134 0
143.683 451 0
143.756 285 0
143.829 548 0
143.829 186 0
143.903 572 0
143.976 813 0
144.049 648 0
144.049 893 0
144.122 378 0
144.195 703 0
144.195 138 0
144.268 147 0
144.293 477 0
144.317 513 0
144.415 90 0
144.415 687 0
144.488 57 0
144.524 156 0
144.561 878 0
144.561 333 0
144.634 69 0
144.671 516 0
144.707 872 0
144.744 42 0
144.781 214 0
144.817 190 0
144.854 490 0
144.927 594 0
144.964 856 0
145.0 359 0
145.037 559 0
145.073 591 0
145.11 407 0
145.146 650 0
145.22 868 0
145.22 452 0
145.293 447 0
145.366 818 0
145.366 693 0
145.439 670 0
145.439 325 0
145.439 729 0
145.512 732 0
145.549 714 0
145.585 69 0
145.622 318 0
145.659 52 0
145.732 789 0
145.732 273 0
145.805 14 0
145.829 157 0
145.927 236 0
145.951 737 0
146.024 766 0
146.122 42 0
146.146 70 0
146.171 441 0
146.317 705 0
146.317 846 0
146.317 150 0
146.39 388 0
146.415 545 0
146.512 127 0
146.537 573 0
146.61 301 0
146.707 532 0
146.732 342 0
146.756 266 0
146.903 726 0
146.903 393 0
146.903 564 0
147.049 159 0
147.085 835 0
147.122 250 0
147.195 652 0
147.195 549 0
147.268 477 0
147.342 860 0
147.378 880 0
147.415 661 0
147.488 288 0.073
147.488 319 0.165
147.488 620 0.055
147.561 290 0.055
147.598 83 0.091
147.634 93 0.073
147.671 321 0.073
147.707 769 0.074
147.781 655 0
147.781 205 0
147.854 855 0
147.927 503 0.146
147.927 377 0.073
147.927 354 0
148.0 474 0.073
148.073 886 0.147
148.073 424 0
148.146 594 0.074
148.22 896 0.073
148.22 830 0
148.293 880 0
148.366 228 0.073
148.366 783 0.146
148.366 197 0
148.439 782 0.073
148.512 629 0.147
148.512 648 0
148.585 93 0.074
148.659 271 0
148.732 850 0
148.805 878 0
148.805 70 0
148.878 82 0
148.951 303 0.073
148.951 578 0.147
148.951 281 0
149.024 780 0.074
149.098 563 0.073
149.171 896 0.073
149.171 652 0.146
149.171 12 0
149.244 723 0.073
149.317 589 0.22
149.39 601 0.147
149.39 590 0.098
149.464 465 0.097
149.537 424 0.244
149.61 464 0.146
149.61 212 0.097
149.683 106 0.146
149.756 237 0.073
149.829 845 0
149.829 351 0
150.268 459 0
150.707 320 0
151.0 206 0
151.439 648 0
151.878 651 0
152.171 848 0
152.61 376 0
153.049 350 0
153.342 9 0
153.781 367 0
154.22 517 0
154.512 544 0
154.951 678 0
155.39 691 0
155.683 713 0
156.122 523 0
156.561 837 0
156.854 617 0
157.293 348 0
157.732 287 0
158.024 226 0
158.171 51 0.146
158.244 307 0.146
158.317 883 0.147
158.39 773 0.147
158.464 673 0.146
158.537 270 0.219
158.61 143 0.219
158.683 716 0.293
158.756 381 0.147
158.829 82 0.22
158.903 499 0.146
158.976 290 0.146
159.049 856 0.146
159.122 560 0.073
159.195 208 0
159.195 814 0
159.634 484 0
159.781 412 0
159.781 564 0
159.781 800 0
159.927 6 0
160.073 464 0
160.22 419 0
160.22 368 0
160.366 601 0
160.512 61 0
160.512 89 0
160.659 559 0
160.805 109 0
160.951 330 0
160.951 16 0
160.951 160 0
161.098 27 0
161.244 64 0
161.39 677 0
161.537 243 0
161.537 650 0
161.683 570 0
161.829 139 0
161.976 855 0
162.122 624 0
162.122 95 0
162.122 280 0
162.268 609 0
162.268 258 0
162.415 355 0
162.561 497 0
162.561 124 0
162.707 840 0
162.854 198 0
163.0 31 0
163.0 525 0
163.146 98 0
163.293 353 0
163.293 480 0
163.293 593 0
163.439 343 0
163.585 648 0
163.732 184 0
163.878 263 0
163.878 27 0
164.024 573 0
164.171 313 0
164.317 80 0
164.464 211 0
164.464 129 0
164.464 339 0
164.61 6 0
164.756 510 0
164.903 843 0
164.903 721 0
165.049 268 0
165.122 153 0
165.195 377 0
165.195 85 0
165.268 203 0
165.342 863 0
165.415 196 0
165.488 846 0
165.561 691 0
165.634 450 0
165.634 74 0
165.634 365 0
165.707 99 0
165.781 257 0
165.854 457 0
165.927 525 0
166.0 521 0
166.073 478 0
166.146 797 0
166.22 26 0
166.22 308 0
166.22 304 0
167.317 649 0
167.39 755 0.147
167.537 65 0
167.61 328 0
167.683 106 0.146
167.829 742 0.074
167.903 4 0
167.976 163 0
168.012 74 0
168.049 61 0
168.122 254 0.073
168.342 785 0.109
168.451 244 0.11
168.561 56 0.146
168.561 730 0
168.561 58 0
168.707 726 0.074
168.854 608 0
168.927 242 0
169.0 414 0.146
169.293 560 0
169.342 777 0
169.39 814 0
169.439 400 0
169.476 15 0.073
169.549 746 0
169.585 605 0.147
169.732 653 0.073
169.878 627 0.146
169.951 582 0.22
170.024 191 0.293
170.171 376 0.146
170.317 224 0.073
170.39 58 0
170.537 801 0
170.646 292 0.257
170.903 604 0.146
170.903 121 0
170.903 5 0
171.049 337 0.073
171.195 796 0.11
171.305 181 0
171.378 338 0.11
171.488 46 0.11
171.598 780 0
171.671 382 0
171.744 825 0.183
171.927 97 0.146
172.0 554 0.073
172.073 773 0
172.22 470 0.073
172.293 131 0.512
172.512 512 0.293
172.805 758 0
172.951 342 0
173.098 85 0
173.244 178 0.293
173.244 625 0.293
173.244 725 0.22
173.39 871 0
173.537 172 0
173.683 686 0.293
173.683 359 0.293
173.683 188 0.22
173.829 446 0
173.976 378 0
174.049 324 0
174.122 668 0.293
174.122 373 0.22
174.122 189 0.293
174.268 618 0.147
174.415 280 0
174.488 250 0
174.561 528 0.22
174.561 711 0.22
174.561 278 0.146
174.707 279 0
174.781 725 0
174.854 609 0
174.854 218 0
174.927 1 0
175.0 544 0.146
175.0 191 0.073
175.0 768 0.22
175.073 16 0
175.146 669 0
175.22 124 0
175.293 90 0
175.342 672 0
175.39 546 0
175.439 590 0
175.488 752 0
175.537 129 0
175.585 232 0.147
175.585 420 0.147
175.585 207 0.147
175.878 860 0
175.878 553 0
176.024 64 0
176.024 868 0
176.171 168 0
176.317 333 0
176.464 497 0
176.464 324 0
176.61 444 0
176.756 358 0
176.903 318 0
177.049 57 0
177.195 231 0
177.342 132 0
177.342 431 0
177.488 374 0
177.634 332 0
177.634 387 0
177.781 188 0
177.927 269 0
178.073 310 0
178.22 866 0
178.22 350 0
178.366 358 0
178.512 7 0
178.659 863 0
178.805 625 0
178.951 375 0
179.098 747 0
179.244 172 0
179.39 284 0
179.39 542 0
179.537 635 0
179.683 96 0
179.732 613 0
179.781 320 0
179.829 491 0
179.878 180 0
179.927 572 0
179.976 597 0
180.049 129 0
180.122 414 0.073
180.195 448 0.073
180.268 676 0.293
180.268 525 0.147
180.415 472 0.146
180.561 328 0.073
180.561 678 0.146
180.707 876 0.22
180.707 476 0.147
180.854 205 0.073
181.0 269 0.22
181.0 384 0.146
181.146 12 0.074
181.293 61 0.146
181.293 441 0.219
181.439 718 0.22
181.439 409 0.146
181.585 285 0.074
181.732 410 0.292
181.732 71 0.219
181.878 311 0.073
181.878 559 0.293
182.024 218 0.147
182.024 868 0.147
182.171 471 0.146
182.244 66 0.146
182.244 542 0.073
182.317 864 0.147
182.39 445 0.074
182.464 618 0.146
182.464 784 0.292
182.61 218 0.219
182.61 248 0.146
182.756 765 0.073
182.903 403 0.292
182.903 53 0.219
183.049 451 0.073
183.049 65 0.219
183.195 249 0.147
183.195 527 0.147
183.342 269 0.073
183.342 140 0.146
183.415 529 0.073
183.488 733 0.146
183.488 632 0.073
183.561 702 0.146
183.634 72 0.073
183.634 379 0.073
183.707 654 0.074
183.781 122 0.146
183.781 330 0.146
183.781 795 0.146
183.927 189 0.073
184.0 839 0.073
184.073 827 0.147
184.073 378 0.073
184.146 39 0.074
184.22 49 0.073
184.22 47 0.073
184.293 455 0.073
184.366 631 0.073
184.366 477 0.146
184.366 279 0.219
184.512 642 0.098
184.561 541 0.098
184.61 178 0.122
184.659 674 0.073
184.659 374 0.146
184.732 872 0.073
184.805 768 0.073
184.805 610 0.146
184.878 401 0.073
184.951 555 0.147
184.951 46 0.073
185.024 75 0
185.098 366 0
185.171 266 0
185.244 823 0
185.317 760 0
185.39 65 0
185.39 19 0
185.464 808 0
185.537 590 0
185.61 469 0
185.683 200 0
185.683 464 0
185.756 89 0
185.829 377 0
185.903 164 0
185.976 104 0
185.976 25 0
186.049 458 0
186.122 43 0
186.122 819 0
186.195 187 0
186.268 133 0
186.342 837 0
186.415 502 0
186.415 244 0
186.488 332 0
186.561 281 0
186.561 703 0
186.634 54 0
186.707 817 0
186.707 343 0
186.781 96 0
186.854 712 0
186.927 0 0
186.927 78 0
187.0 76 0
187.073 806 0
187.146 700 0
187.146 351 0
187.22 662 0
187.293 35 0
187.293 821 0
187.366 94 0
187.439 405 0
187.512 574 0
187.585 187 0
187.585 304 0
187.659 430 0
187.732 109 0
187.732 230 0
187.805 782 0
187.878 718 0
187.878 199 0
187.951 499 0
188.024 373 0
188.024 312 0
188.098 467 0
188.171 20 0
188.171 211 0
188.244 588 0
188.317 891 0
188.317 109 0
188.39 235 0
188.464 190 0
188.464 740 0
188.537 606 0
188.61 332 0
188.683 14 0
188.756 876 0
188.756 49 0
188.829 599 0
188.903 4 0
188.903 750 0
188.976 452 0
189.049 77 0
189.049 72 0
189.122 278 0
189.195 357 0
189.195 147 0
189.268 342 0
189.342 10 0
189.342 658 0
189.415 129 0
189.488 74 0
189.524 836 0
189.561 716 0
189.598 434 0
189.634 398 0.073
189.634 731 0.22
189.781 817 0.146
189.927 202 0.146
189.927 484 0.073
190.073 895 0.073
190.073 831 0.22
190.146 562 0.074
190.22 31 0.146
190.22 30 0.073
190.366 491 0.219
190.366 813 0.073
190.439 154 0.073
190.512 203 0.073
190.512 765 0.147
190.659 186 0.219
190.659 361 0.073
190.732 621 0.073
190.805 284 0.073
190.805 177 0.219
190.878 438 0.073
190.951 437 0.073
190.951 785 0.147
191.098 529 0.146
191.098 402 0.073
191.171 280 0.146
191.244 879 0.146
191.244 511 0.073
191.317 596 0.073
191.39 665 0.074
191.39 197 0.22
191.464 716 0.073
191.537 500 0.146
191.61 182 0.073
191.61 210 0.219
191.683 551 0.073
191.756 100 0.147
191.829 101 0.074
191.829 181 0.11
191.903 876 0.073
191.976 725 0.109
191.976 4 0
192.012 405 0.055
192.049 684 0.11
192.085 798 0.055
192.122 230 0.092
192.159 224 0.073
192.195 294 0.11
192.232 581 0.055
192.268 74 0.11
192.305 118 0.055
192.342 214 0.091
192.378 325 0.092
192.415 883 0.128
192.451 12 0.055
192.488 787 0.091
192.524 524 0.092
192.561 628 0.146
192.598 13 0.055
192.634 826 0.165
192.671 873 0.085
192.707 93 0.196
192.756 706 0.098
192.805 457 0.146
192.854 807 0.17
192.903 186 0.195
192.951 156 0.098
193.0 252 0.073
193.073 423 0.073
193.146 302 0.049
193.146 52 0.147
193.146 28 0.074
193.195 58 0.098
193.244 803 0.098
193.293 757 0.097
193.342 723 0.097
193.39 657 0.122
193.439 319 0.146
193.512 76 0.073
193.585 226 0.098
193.634 223 0.098
193.683 464 0.122
193.732 793 0.146
193.805 600 0.219
193.878 459 0.146
193.951 504 0.073
194.024 289 0.22
194.098 765 0.146
194.171 18 0.073
194.244 346 0.073
194.317 12 0.073
194.317 776 0.22
194.317 735 0.147
194.39 732 0.147
194.464 410 0.146
194.537 61 0.073
194.61 46 0.073
194.61 393 0.146
194.683 190 0.073
194.756 890 0.147
194.756 640 0.073
194.805 137 0.098
194.854 106 0.122
194.903 488 0.146
194.976 558 0.073
195.049 896 0.146
195.049 160 0.073
195.098 378 0.097
195.146 523 0.122
195.195 160 0.073
195.268 707 0.074
195.342 234 0.073
195.342 745 0.146
195.415 678 0.073
195.488 674 0.146
195.488 722 0.073
195.537 58 0.097
195.585 888 0.122
195.634 358 0.147
195.707 152 0.074
195.781 452 0.146
195.781 869 0.073
195.854 89 0.073
195.927 808 0.073
195.927 404 0.146
196.0 374 0.073
196.073 206 0.073
196.073 847 0.147
196.146 0 0.074
196.22 115 0.146
196.293 197 0.073
196.293 449 0.146
196.366 124 0.146
196.439 398 0.146
196.512 48 0.073
196.512 468 0.147
196.585 579 0.074
196.659 103 0.073
196.659 536 0.146
196.707 761 0.098
196.756 569 0.122
196.805 749 0.146
196.878 461 0.073
196.951 847 0.073
196.951 352 0.147
197.024 3 0.074
197.098 867 0.146
197.098 579 0.073
197.146 435 0.098
197.195 475 0.122
197.244 694 0.146
197.317 204 0.073
197.39 693 0.074
197.39 431 0.147
197.464 642 0.073
197.464 247 0.146
197.537 671 0.073
197.61 423 0.073
197.61 262 0.146
197.683 385 0.146
197.683 72 0.073
197.756 896 0.073
197.829 290 0.074
197.829 720 0.147
197.878 875 0.098
197.927 156 0.122
197.976 412 0.146
198.049 31 0.073
198.122 59 0.073
198.122 723 0.146
198.195 690 0.073
198.268 112 0.074
198.268 825 0.147
198.317 696 0.098
198.366 308 0.122
198.415 191 0.146
198.488 854 0.073
198.561 100 0.146
198.561 206 0.073
198.634 114 0.073
198.634 557 0.147
198.707 299 0.074
198.781 627 0.073
198.781 526 0.146
198.854 622 0.073
198.854 309 0.146
198.927 507 0.073
199.0 601 0.22
199.0 25 0.073
199.073 864 0.073
199.146 826 0.147
199.22 380 0.073
199.293 151 0.073
199.293 41 0.146
199.366 892 0.073
199.439 447 0.146
199.439 94 0.073
199.488 558 0.097
199.537 768 0.122
199.585 467 0.147
199.659 540 0.073
199.732 86 0.146
199.732 238 0.073
199.781 616 0.097
199.829 752 0.122
199.878 537 0.073
199.951 388 0.073
200.024 310 0.074
200.024 33 0.147
200.098 266 0.073
200.171 755 0.146
200.171 159 0.073
200.22 333 0.097
200.268 26 0.122
200.317 842 0.147
200.39 652 0.074
200.464 409 0.146
200.464 852 0.073
200.537 138 0.073
200.61 717 0.073
200.61 844 0.146
200.683 834 0.073
200.756 119 0.073
200.756 386 0.147
200.829 140 0.074
200.903 787 0.146
200.976 769 0.073
200.976 784 0.146
201.049 832 0.146
201.122 881 0.146
201.195 412 0.073
201.195 78 0.147
201.268 33 0.074
201.342 708 0.073
201.342 663 0.146
201.39 207 0.098
201.439 58 0.122
201.488 870 0.146
201.561 454 0.073
201.634 405 0.073
201.634 529 0.147
201.707 274 0.074
201.781 882 0.146
201.781 854 0.073
201.829 872 0.098
201.878 226 0.122
201.927 11 0.146
202.0 310 0.073
202.073 487 0.147
202.073 0 0.073
202.146 406 0.074
202.146 663 0.147
202.22 107 0.073
202.293 432 0.073
202.293 311 0.146
202.366 799 0.073
202.366 226 0.146
202.439 521 0.073
202.512 744 0.073
202.512 272 0.147
202.561 878 0.098
202.61 489 0.122
202.659 183 0.146
202.732 66 0.073
202.805 285 0.146
202.805 495 0.073
202.878 379 0.073
202.951 693 0.073
202.951 97 0.147
203.024 387 0.147
203.098 668 0.073
203.098 160 0.146
203.171 873 0.146
203.244 723 0.146
203.244 390 0.073
203.317 541 0.073
203.39 397 0.147
203.39 898 0.074
203.464 781 0.146
203.537 589 0.073
203.537 593 0.073
203.61 93 0.073
203.683 651 0.22
203.683 278 0.073
203.683 68 0.146
203.756 85 0.147
203.829 790 0.147
203.903 54 0.073
203.976 751 0.073
203.976 478 0.146
204.049 581 0.073
204.122 505 0.146
204.122 169 0.073
204.171 823 0.097
204.22 133 0.122
204.268 528 0.147
204.342 851 0.073
204.415 392 0.146
204.415 435 0.073
204.464 75 0.097
204.512 519 0.122
204.561 392 0.073
204.634 602 0.073
204.707 366 0.074
204.707 52 0.147
204.781 436 0.073
204.854 283 0.146
204.854 889 0.073
204.903 157 0.097
204.951 891 0.122
205.0 757 0.146
205.073 770 0.073
205.146 736 0.147
205.146 653 0.074
205.22 569 0.073
205.293 839 0.073
205.293 650 0.146
205.366 777 0.073
205.439 671 0.073
205.439 731 0.146
205.512 869 0.073
205.585 837 0.147
205.659 757 0.073
205.659 657 0.146
205.732 72 0.146
205.805 590 0.146
205.878 445 0.073
205.878 717 0.073
205.951 299 0.073
206.024 513 0.22
206.024 732 0.074
206.024 699 0.074
206.171 748 0
206.171 508 0.146
206.317 32 0.073
206.317 692 0.147
206.39 794 0.147
206.464 791 0.073
206.464 780 0.073
206.537 40 0.073
206.61 139 0.146
206.61 690 0.073
206.61 396 0.073
206.756 626 0
206.756 552 0.147
206.829 636 0.147
206.829 356 0.074
206.903 116 0.146
206.976 341 0.146
207.049 716 0.073
207.049 697 0.073
207.122 748 0.073
207.195 165 0.22
207.195 568 0.073
207.195 703 0.073
207.342 417 0
207.342 662 0.146
207.488 46 0.146
207.488 573 0
207.561 189 0.22
207.634 276 0
207.634 566 0.073
207.707 584 0.074
207.781 546 0.073
207.781 571 0.219
207.927 100 0
207.927 298 0.146
208.0 410 0
208.073 658 0.147
208.073 154 0.147
208.22 22 0
208.22 149 0.073
208.268 178 0
208.317 383 0
208.366 775 0.073
208.366 668 0.219
208.366 602 0.146
208.439 395 0.146
208.512 193 0.147
208.585 411 0.074
208.659 538 0.073
208.659 27 0.146
208.732 59 0.073
208.805 410 0.146
208.805 458 0.073
208.854 829 0.097
208.903 280 0.121
208.951 13 0.147
209.024 601 0.074
209.098 282 0.073
209.098 226 0.146
209.171 799 0.073
209.244 402 0.073
209.244 111 0.146
209.317 182 0.073
209.39 829 0.147
209.39 343 0.074
209.464 405 0.073
209.537 554 0.073
209.537 410 0.146
209.585 718 0.098
209.634 797 0.122
209.683 895 0.146
209.756 378 0.073
209.829 513 0.147
209.829 244 0.074
209.903 66 0.073
209.976 182 0.073
209.976 232 0.146
210.024 457 0.098
210.073 284 0.122
210.122 476 0.146
210.195 215 0.073
210.268 28 0.147
210.268 888 0.074
210.342 765 0.073
210.415 706 0.073
210.415 331 0.146
210.488 56 0.146
210.561 823 0.073
210.561 452 0.073
210.634 733 0.073
210.707 335 0.147
210.707 115 0.147
210.707 534 0.074
210.854 571 0.219
210.927 536 0.146
210.927 586 0.146
210.927 133 0.073
211.073 299 0.22
211.146 138 0.074
211.146 779 0.147
211.146 760 0.147
211.293 847 0.219
211.366 362 0.146
211.366 193 0.146
211.366 742 0.073
211.512 870 0.147
211.585 625 0.074
211.585 658 0.147
211.585 668 0.22
211.732 152 0.146
211.732 64 0.073
211.805 239 0.073
211.878 405 0.098
211.878 497 0.146
211.927 183 0.073
211.976 127 0.122
212.024 762 0.122
212.073 796 0.098
212.122 880 0.073
212.171 851 0.073
212.22 34 0.097
212.268 283 0.122
212.317 899 0
212.317 785 0
212.39 678 0
212.464 760 0.219
212.464 494 0.146
212.537 61 0.073
212.61 618 0.073
212.683 297 0.098
212.683 856 0.146
212.732 255 0.122
212.781 150 0.122
212.829 477 0.074
212.903 691 0.073
212.903 878 0.109
212.976 213 0.073
213.049 718 0.073
213.049 756 0.293
213.085 250 0.11
213.122 247 0.11
213.195 22 0.073
213.268 772 0.147
213.342 445 0.146
213.342 428 0.182
213.415 57 0.055
213.488 146 0.073
213.524 519 0.11
213.561 464 0.11
213.634 288 0.073
213.634 153 0.147
213.707 312 0.147
213.781 246 0.146
213.854 121 0.055
213.927 831 0.073
213.927 375 0.293
213.964 489 0.109
214.0 130 0.11
214.073 41 0.073
214.146 191 0.147
214.22 732 0.146
214.22 549 0.109
214.293 100 0.073
214.366 375 0.073
214.403 882 0.256
214.439 888 0.073
214.512 719 0.073
214.512 647 0.183
214.585 841 0.147
214.659 892 0.146
214.732 523 0.11
214.805 393 0.073
214.805 208 0.146
214.878 746 0
214.951 666 0.073
214.951 547 0.147
215.024 115 0
215.098 423 0.073
215.098 813 0.073
215.171 39 0
215.244 1 0.146
215.244 522 0.073
215.244 184 0.146
215.317 844 0
215.39 332 0
215.464 235 0
215.537 9 0.219
215.537 884 0.146
215.537 154 0.073
215.61 811 0
215.683 509 0
215.756 625 0
215.829 567 0.147
215.829 408 0.293
215.829 37 0.074
215.903 827 0
215.976 233 0
216.049 275 0
216.122 333 0
216.195 201 0
216.268 386 0
216.268 47 0
216.342 801 0
216.415 750 0.073
216.415 76 0.146
216.488 676 0.146
216.561 674 0.073
216.561 134 0.146
216.634 637 0.147
216.707 699 0.074
216.707 295 0.147
216.781 148 0.146
216.854 140 0.146
216.854 244 0.073
216.927 453 0.073
217.0 264 0.073
217.0 322 0.146
217.073 752 0.147
217.146 890 0.22
217.146 782 0.074
217.22 682 0.073
217.293 523 0.073
217.293 157 0.146
217.366 509 0.073
217.439 789 0.073
217.439 406 0.146
217.512 640 0.073
217.585 520 0.074
217.585 858 0.074
217.659 690 0.073
217.732 747 0.146
217.732 253 0.219
217.732 742 0.073
217.805 434 0
217.878 416 0
217.951 616 0
218.024 880 0
218.024 496 0
218.098 109 0
218.171 595 0.073
218.171 703 0.146
218.244 695 0
218.317 590 0
218.317 104 0
218.39 623 0
218.464 210 0.146
218.464 453 0.073
218.537 833 0
218.61 701 0
218.61 481 0
218.683 56 0
218.756 165 0.147
218.756 460 0.073
218.829 494 0
218.903 73 0
218.903 447 0
218.976 676 0
219.049 451 0.146
219.049 35 0.073
219.122 463 0
219.195 513 0.147
219.195 683 0.073
219.268 764 0
219.342 198 0.073
219.342 599 0.219
219.415 882 0.073
219.488 452 0.146
219.561 709 0.073
219.634 266 0.147
219.707 645 0.074
219.781 788 0.219
219.781 779 0.073
219.854 68 0
219.927 741 0.073
219.927 3 0.073
220.0 558 0.073
220.073 87 0.073
220.073 795 0.22
220.073 852 0.147
220.146 66 0
220.22 756 0.146
220.293 884 0
220.366 663 0
220.366 372 0.146
220.439 381 0
220.512 557 0.147
220.585 865 0
220.659 537 0.219
220.659 740 0.073
220.732 690 0
220.805 593 0.146
220.878 110 0
220.951 261 0
220.951 687 0.147
221.024 61 0
221.098 882 0.146
221.171 434 0
221.244 179 0.073
221.244 6 0.293
221.317 166 0
221.39 784 0.147
221.39 616 0.074
221.464 561 0.073
221.537 501 0.146
221.61 701 0
221.683 827 0.073
221.683 569 0.146
221.756 776 0.073
221.829 863 0.147
221.903 610 0
221.976 731 0.146
221.976 548 0.073
222.049 720 0.073
222.122 756 0
222.122 186 0.146
222.195 371 0
222.268 700 0
222.305 574 0
222.342 714 0
222.378 625 0
222.415 145 0.073
222.415 274 0.292
222.451 721 0.11
222.488 812 0.11
222.561 831 0.073
222.634 44 0.147
222.707 265 0.147
222.707 289 0.183
222.781 43 0.054
222.854 82 0.073
222.89 373 0.11
222.927 580 0.11
223.0 695 0.073
223.0 99 0.146
223.073 811 0.147
223.146 868 0.147
223.22 676 0.054
223.293 373 0.073
223.293 415 0.292
223.329 41 0.11
223.366 590 0.11
223.439 279 0.073
223.512 61 0.147
223.585 187 0.147
223.585 279 0.11
223.659 447 0.073
223.732 755 0.073
223.768 728 0.256
223.805 102 0.073
223.878 793 0.073
223.878 118 0.183
223.951 764 0.147
224.024 730 0.147
224.098 14 0.109
224.171 66 0.073
224.171 493 0.146
224.244 790 0
224.317 445 0.073
224.317 443 0.147
224.39 668 0
224.464 803 0.146
224.464 664 0.073
224.537 13 0
224.61 59 0.073
224.61 808 0.073
224.683 729 0
224.756 603 0
224.756 230 0
224.756 426 0.073
224.829 804 0.074
224.866 552 0.11
224.903 835 0.073
224.903 463 0.146
224.976 602 0
225.049 131 0.073
225.049 576 0.073
225.122 652 0
225.195 229 0.147
225.195 178 0.073
225.195 152 0.22
225.268 484 0
225.342 707 0
225.415 220 0.146
225.415 478 0.073
225.488 786 0.219
225.488 429 0.073
225.561 649 0.073
225.634 102 0.147
225.634 651 0.073
225.707 231 0
225.781 700 0.054
225.817 516 0
225.854 349 0
225.89 753 0
225.927 270 0
225.927 625 0
226.024 338 0
226.024 436 0
226.122 493 0
226.22 783 0
226.22 235 0
226.22 552 0
226.317 846 0
226.317 399 0
226.415 267 0
226.512 783 0
226.512 647 0.22
226.512 462 0.147
226.585 527 0.074
226.659 441 0.073
226.732 214 0.073
226.732 87 0.146
226.805 179 0.073
226.878 260 0.073
226.951 852 0
226.951 487 0
226.951 360 0.073
227.024 418 0
227.098 673 0.146
227.098 575 0.073
227.098 8 0.109
227.171 858 0.073
227.244 216 0
227.317 239 0.147
227.317 122 0
227.317 196 0
227.39 193 0.074
227.464 555 0
227.537 258 0.146
227.537 736 0.073
227.537 272 0.109
227.61 567 0.073
227.683 815 0
227.756 427 0
227.756 105 0.147
227.756 116 0
227.829 796 0.074
227.903 292 0
227.976 665 0
227.976 571 0.219
227.976 828 0.073
228.049 676 0.146
228.122 59 0.073
228.195 567 0.073
228.268 478 0.147
228.268 820 0.074
228.268 280 0.11
228.342 762 0.073
228.415 182 0
228.488 658 0
228.488 344 0.146
228.488 676 0
228.561 155 0.073
228.634 236 0
228.707 259 0.147
228.707 146 0.074
228.707 856 0.11
228.781 686 0.073
228.854 437 0
228.927 679 0.146
228.927 497 0
229.0 571 0.073
229.0 544 0.146
229.073 639 0.073
229.146 529 0.074
229.146 96 0.147
229.22 385 0.146
229.293 836 0.073
229.293 555 0.073
229.366 482 0.073
229.439 371 0
229.439 660 0.098
229.439 104 0.146
229.488 369 0
229.537 198 0
229.585 312 0
229.634 623 0
229.683 824 0
229.732 170 0.097
229.732 9 0.073
229.805 112 0.073
229.878 164 0
229.878 524 0.098
229.878 7 0.146
229.927 383 0
229.976 357 0
230.024 318 0
230.073 814 0
230.122 807 0
230.171 235 0.073
230.171 582 0.146
230.244 702 0
230.317 797 0.073
230.317 151 0.147
230.366 344 0
230.415 653 0
230.464 644 0.073
230.512 40 0.098
230.561 609 0.122
230.61 366 0.097
230.61 798 0
230.659 17 0.097
230.707 122 0.122
230.756 600 0.098
230.805 129 0.098
230.854 834 0.122
230.903 190 0.097
230.903 472 0
230.951 742 0.098
231.0 163 0.122
231.049 849 0.097
231.098 308 0.073
231.146 261 0.086
231.195 683 0.092
231.232 664 0.128
231.268 258 0.055
231.305 855 0.091
231.342 576 0.091
231.378 835 0.11
231.415 633 0.073
231.451 225 0.159
231.488 178 0.073
231.537 305 0.122
231.585 748 0.098
231.634 349 0.073
231.683 350 0.049
231.732 254 0.122
231.781 361 0.146
231.781 126 0.109
231.781 456 0.146
232.073 212 0
232.22 629 0
232.22 390 0
232.512 855 0
232.659 779 0
232.805 861 0
232.951 152 0
233.098 721 0
233.244 557 0
233.39 377 0
233.39 114 0
233.537 771 0
233.683 694 0
233.829 48 0
233.976 776 0
234.122 773 0
234.122 195 0
234.268 427 0
234.415 643 0
234.561 770 0
234.561 579 0
234.854 654 0
235.146 2 0
235.439 495 0
235.585 201 0
235.732 826 0
235.878 575 0
235.878 161 0
236.024 657 0
236.024 599 0
236.171 736 0
236.171 495 0
236.317 825 0
236.317 888 0
236.464 699 0
236.464 471 0
236.61 836 0
236.756 702 0
236.903 297 0
236.903 235 0
237.195 585 0
237.342 400 0
237.488 432 0
237.634 629 0
237.781 324 0
237.927 107 0
238.073 325 0
238.073 860 0
238.22 842 0
238.366 713 0
238.512 841 0
238.659 176 0
238.805 196 0
238.805 159 0
238.951 772 0
239.098 533 0
239.244 213 0
239.244 886 0
239.537 457 0
239.829 732 0
240.122 289 0
240.122 395 0
240.268 100 0
240.268 349 0
240.415 129 0
240.415 106 0
240.561 490 0
240.561 131 0
240.707 856 0
240.854 227 0
240.854 431 0
241.0 35 0
241.0 559 0
241.146 98 0
241.293 23 0
241.439 1 0
241.585 464 0
241.585 890 0
241.878 762 0
242.024 208 0
242.171 658 0
242.317 174 0
242.464 213 0
242.61 636 0
242.61 877 0
242.756 64 0
242.756 666 0
242.903 213 0
243.049 839 0
243.195 814 0
243.195 265 0
243.342 880 0
243.342 163 0
243.488 196 0
243.634 734 0
243.781 740 0
243.927 705 0
243.927 113 0
244.22 869 0
244.512 624 0
244.512 31 0
244.805 163 0
244.805 443 0
245.098 627 0
245.098 851 0
245.244 176 0
245.39 110 0
245.537 412 0
245.683 193 0
245.829 700 0
245.829 350 0
245.976 477 0
246.122 93 0
246.268 660 0
246.561 183 0
246.707 290 0
246.854 686 0
247.0 435 0
247.146 584 0
247.293 549 0
247.293 273 0
247.439 771 0
247.439 267 0
247.585 350 0
247.732 354 0
247.878 175 0
248.024 540 0
248.171 452 0
248.317 479 0
248.464 630 0
248.61 85 0
248.61 892 0
248.903 823 0
249.195 531 2.781
249.195 564 0
249.488 125 0
249.781 732 1.024
