10.996 399 0
11.167 507 0
11.253 463 0
11.339 71 0
11.425 646 0
11.51 199 0
11.682 802 0
11.767 281 0
11.939 725 0
12.025 708 0
12.282 847 0
12.367 686 0
13.739 196 0
13.996 745 0
14.253 465 0
14.425 488 0
14.51 592 0
14.682 291 0
14.767 402 0
14.939 564 0
15.025 272 0
15.11 449 0
15.796 850 0
16.482 636 0
16.739 346 0
16.996 150 0
17.167 219 0
17.253 875 0
17.51 593 0
17.767 399 0
17.853 231 0
19.225 571 0
19.396 208 0
19.482 395 0
19.567 778 0
19.653 539 0
19.739 394 0
19.91 832 0
19.996 755 0
20.167 800 0
20.253 871 0
20.425 883 0
20.51 406 0
20.596 388 0
21.11 780 0
21.282 409 0
21.796 219 0
21.968 364 0
21.968 581 0
21.968 439 0
22.225 165 0
22.225 742 0
22.31 252 0
22.31 72 0
22.396 37 0
22.396 764 0
22.568 571 0
22.653 826 0
22.653 171 0
22.739 488 0
22.825 160 0
22.825 192 0
22.996 268 0
23.082 76 0
23.082 499 0
23.21 535 0
23.21 344 0
23.339 703 0
23.339 63 0
23.453 719 0
23.453 318 0
23.568 188 0
23.568 329 0
23.682 665 0
23.796 876 0
23.796 429 0
23.939 662 0
24.025 19 0
24.025 207 0
24.11 396 0
24.196 796 0
24.282 815 0
24.282 414 0
24.368 380 0
24.496 873 0
24.496 825 0
24.625 620 0
24.71 723 0
24.71 730 0
24.796 304 0
24.882 410 0
24.968 476 0
24.968 401 0
25.053 671 0
25.139 20 0
25.139 828 0
25.31 240 0
25.396 267 0
25.396 631 0
25.568 702 0
25.568 836 0
25.739 328 0
25.825 577 0
25.825 279 0
25.953 823 0
25.953 253 0
26.082 362 0
26.082 658 0
26.196 809 0
26.196 725 0
26.31 717 0
26.31 357 0
26.425 533 0
26.539 607 0
26.539 551 0
26.682 433 0
26.768 692 0
26.768 129 0
26.853 811 0
26.939 491 0
27.025 384 0
27.025 75 0
27.11 207 0
27.239 659 0
27.239 678 0
27.368 16 0
27.453 363 0
27.453 179 0
27.539 177 0
27.625 872 0
27.71 550 0
27.71 556 0
27.882 410 0
27.882 768 0
28.053 368 0
28.139 688 0
28.139 136 0
28.31 408 0
28.31 342 0
28.482 682 0
28.568 383 0
28.568 49 0
28.696 19 0
28.696 640 0
28.825 477 0
28.825 172 0
28.939 576 0
28.939 145 0
29.053 649 0
29.053 324 0
29.168 758 0
29.282 867 0
29.282 185 0
29.425 350 0
29.51 24 0
29.51 900 0
29.596 119 0
29.682 370 0
29.768 872 0
29.768 420 0
29.853 877 0
29.982 695 0
29.982 498 0
30.11 228 0
30.196 470 0
30.196 450 0
30.282 249 0
30.368 149 0
30.453 23 0
30.453 75 0
30.539 700 0
30.625 419 0
30.625 453 0
30.796 559 0
30.882 452 0
30.882 280 0
31.053 846 0
31.053 568 0
31.225 164 0
31.31 576 0
31.31 495 0
31.439 7 0
31.439 772 0
31.568 557 0
31.568 414 0
31.682 501 0
31.682 496 0
31.796 777 0
31.796 505 0
31.91 484 0
32.025 329 0
32.025 319 0
32.168 517 0
32.253 494 0
32.253 265 0
32.339 797 0
32.425 195 0
32.51 560 0
32.51 59 0
32.596 61 0
32.725 444 0
32.725 512 0
32.853 384 0
32.939 334 0
32.939 94 0
32.939 733 0.257
33.196 435 0.257
33.282 678 0
33.282 557 0
33.453 753 0.172
33.625 587 0
33.625 424 0.257
33.882 257 0.171
34.082 895 0.114
34.196 501 0.114
34.31 846 0.258
34.31 168 0
34.568 213 0.171
34.739 277 0.257
34.996 739 0.086
34.996 782 0
35.082 825 0.086
35.168 215 0.085
35.253 758 0
35.253 20 0
35.339 378 0.114
35.453 856 0.115
35.568 586 0.114
35.682 387 0
35.682 675 0.228
35.91 706 0.229
36.139 839 0.229
36.368 453 0
36.368 110 0.228
36.596 686 0.229
36.825 96 0.114
36.939 657 0.114
37.053 210 0
37.053 336 0
37.139 668 0.171
37.31 32 0.172
37.31 62 0
37.482 315 0.086
37.568 49 0.171
37.568 746 0
37.739 390 0.229
37.739 718 0
37.968 534 0
37.968 881 0.228
38.196 29 0.114
38.196 881 0
38.31 552 0
38.31 534 0
38.425 439 0
38.425 496 0.257
38.682 316 0.257
38.768 366 0
38.768 400 0
38.939 131 0.171
39.11 368 0
39.11 548 0.286
39.396 2 0.172
39.568 780 0.114
39.682 652 0.114
39.796 619 0.257
39.796 159 0
40.053 604 0.172
40.225 573 0.257
40.482 171 0
40.482 709 0
40.568 858 0
40.653 453 0
40.739 73 0
40.739 275 0
40.825 69 0
40.825 232 0
40.91 588 0
40.91 277 0
40.996 658 0
40.996 487 0
41.082 224 0
41.082 794 0
41.168 482 0
41.168 17 0
41.339 529 0
41.425 709 0
41.425 81 0
41.596 355 0
41.682 560 0
41.682 821 0
41.768 564 0
41.853 660 0
41.853 796 0
41.939 543 0
41.939 8 0
42.025 573 0
42.025 426 0
42.11 751 0
42.11 59 0
42.196 228 0
42.196 716 0
42.282 737 0
42.282 367 0
42.368 652 0
42.368 755 0
42.453 298 0
42.453 213 0
42.539 501 0
42.539 49 0
42.71 181 0
42.796 306 0
42.796 347 0
42.882 141 0
42.882 626 0
42.968 131 0
43.053 203 0
43.053 706 0
43.139 667 0
43.139 30 0
43.225 589 0
43.225 564 0
43.31 698 0
43.31 781 0
43.482 658 0
43.482 462 0
43.568 69 0
43.568 499 0
43.739 538 0
43.739 251 0
43.825 223 0
43.91 643 0
43.91 813 0
44.082 454 0
44.168 515 0
44.253 824 0
44.425 870 0
44.596 402 0
44.768 391 0
44.853 535 0
44.939 526 0
45.053 390 0
45.168 351 0
45.282 562 0
45.453 698 0
45.539 56 0
45.625 153 0
45.796 452 0
45.968 769 0
46.139 304 0
46.225 599 0
46.31 44 0
46.425 818 0
46.539 598 0
46.653 243 0
46.825 691 0
46.91 179 0
46.996 639 0
47.168 103 0
47.339 744 0
47.51 381 0
47.596 510 0
47.682 267 0
47.796 257 0
47.91 200 0
48.025 788 0
48.196 653 0
48.282 728 0
48.368 344 0
48.539 606 0
48.71 131 0
48.796 192 0
48.968 2 0
49.053 804 0
49.168 501 0
49.282 794 0
49.396 158 0
49.396 359 0.172
49.653 898 0.172
49.653 561 0
49.739 303 0
49.739 867 0
49.91 180 0
49.91 321 0
50.082 366 0.171
50.082 733 0
50.339 290 0.171
50.339 115 0
50.425 882 0
50.425 12 0
50.596 186 0
50.596 414 0
50.768 93 0.171
50.768 869 0
51.025 379 0.171
51.025 539 0
51.11 154 0
51.11 717 0
51.282 122 0
51.282 713 0
51.453 897 0.172
51.453 563 0
51.71 596 0.172
51.71 707 0
51.796 394 0
51.796 770 0
51.968 221 0
51.968 214 0
52.139 251 0.171
52.139 679 0
52.396 67 0.172
52.396 12 0
52.482 484 0
52.482 243 0
52.653 93 0
52.653 674 0
52.825 18 0.171
52.825 833 0
53.082 77 0.171
53.082 275 0
53.168 68 0
53.168 514 0
53.339 848 0
53.339 224 0
53.51 26 0.172
53.51 110 0
53.768 425 0.171
53.768 85 0
53.853 353 0
53.853 451 0
54.025 109 0
54.025 838 0
54.196 743 0
54.196 121 0
54.325 455 0
54.325 588 0
54.453 337 0
54.453 69 0
54.539 684 0
54.539 895 0
54.882 235 0
54.882 409 0
54.882 765 0
54.968 839 0
55.053 507 0
55.053 766 0
55.225 298 0
55.225 515 0
55.31 803 0
55.31 792 0
55.482 225 0
55.568 818 0
55.568 121 0
55.653 876 0
55.739 729 0
55.739 890 0
55.825 496 0
55.91 343 0
55.91 368 0
55.996 392 0
55.996 591 0
56.125 237 0
56.125 632 0
56.253 466 0
56.253 252 0
56.425 474 0
56.51 46 0
56.51 73 0
56.596 629 0
56.596 334 0
56.768 670 0
56.768 700 0
56.853 859 0
56.939 192 0
56.939 846 0
57.025 97 0
57.11 849 0
57.168 501 0
57.168 517 0
57.282 764 0
57.282 469 0
57.368 834 0
57.368 316 0
57.496 426 0
57.496 280 0
57.625 758 0
57.625 704 0
57.739 680 0
57.853 481 0
57.853 676 0
57.968 507 0
57.968 739 0
58.082 97 0
58.082 93 0
58.196 343 0
58.196 108 0
58.31 59 0
58.31 660 0
58.425 300 0
58.425 519 0
58.539 425 0
58.539 390 0
58.653 93 0
58.653 629 0
58.739 495 0
58.825 492 0
58.825 359 0
58.91 703 0
58.996 390 0
58.996 528 0
59.168 652 0
59.253 791 0
59.253 198 0
59.339 246 0
59.339 796 0
59.425 229 0
59.51 178 0
59.51 491 0
59.682 832 0
59.682 247 0
59.768 147 0
59.768 777 0
59.853 850 0
59.853 494 0
59.939 434 0
60.025 431 0
60.025 878 0
60.11 856 0
60.196 52 0
60.196 446 0
60.282 572 0
60.368 593 0.257
60.368 511 0.257
60.71 29 0
60.71 120 0
60.796 733 0
60.882 19 0
60.882 227 0
61.053 806 0
61.139 40 0
61.139 861 0
61.225 724 0
61.31 362 0
61.31 712 0
61.396 738 0
61.396 511 0
61.51 15 0
61.51 57 0
61.625 872 0
61.625 31 0
61.739 840 0
61.739 662 0
61.91 184 0
61.91 558 0
61.996 18 0
62.082 603 0
62.082 333 0
62.168 774 0
62.168 271 0
62.339 461 0
62.339 440 0
62.425 752 0
62.425 131 0
62.51 343 0
62.51 439 0
62.596 518 0
62.596 97 0
62.682 595 0
62.682 179 0
62.768 576 0
62.768 105 0
62.853 260 0
62.939 36 0
62.939 589 0
63.025 831 0
63.11 561 0
63.11 788 0
63.282 594 0
63.368 719 0
63.368 330 0
63.453 182 0
63.453 795 0
63.625 886 0
63.625 170 0
63.71 740 0
63.796 567 0
63.796 680 0
63.91 755 0
63.91 405 0
64.025 446 0
64.025 869 0
64.139 806 0
64.139 472 0
64.31 660 0
64.368 804 0
64.425 285 0
64.482 118 0
64.482 829 0
64.568 82 0
64.653 473 0
64.739 601 0
64.739 341 0
64.825 127 0
64.825 12 0
64.91 434 0
64.91 892 0
65.082 326 0
65.082 438 0
65.168 365 0
65.168 204 0
65.253 58 0
65.339 519 0
65.425 380 0
65.425 888 0
65.51 616 0
65.51 769 0
65.596 208 0
65.682 420 0
65.682 625 0
65.768 312 0
65.853 265 0
65.853 336 0
66.11 644 0
66.11 11 0
66.196 378 0
66.196 726 0
66.368 783 0
66.368 508 0
66.539 568 0
66.539 323 0
66.71 527 0
66.71 709 0
66.968 259 0
66.968 450 0
67.096 104 0
67.096 79 0
67.225 163 0
67.225 494 0
67.339 236 0
67.339 575 0
67.453 802 0
67.453 198 0
67.682 866 0
67.682 665 0
67.739 93 0
67.739 140 0
67.91 80 0
67.91 615 0
68.082 474 0
68.082 899 0
68.168 164 0
68.168 93 0
68.339 474 0
68.339 324 0
68.51 234 0
68.51 815 0
68.596 623 0
68.596 269 0
68.682 119 0
68.768 876 0
68.853 478 0
68.853 632 0
68.939 107 0
69.025 887 0
69.11 317 0
69.11 334 0
69.196 698 0
69.282 737 0
69.282 418 0
69.368 232 0
69.453 868 0
69.453 824 0
69.539 290 0
69.625 524 0
69.71 466 0
69.71 775 0
69.796 1 0
69.882 412 0
69.968 683 0
69.968 528 0
70.053 609 0
70.139 511 0
70.225 521 0
70.225 317 0
70.31 434 0
70.396 580 0
70.482 84 0
70.482 843 0
70.568 404 0
70.653 283 0
70.653 419 0
70.739 177 0
70.825 173 0
70.825 394 0
70.91 805 0
70.91 728 0
71.082 479 0
71.082 327 0
71.253 847 0
71.253 401 0
71.339 148 0
71.339 510 0
71.425 399 0
71.51 623 0
71.596 435 0
71.596 2 0
71.682 67 0
71.768 422 0
71.853 756 0
71.853 324 0
71.939 304 0
72.025 532 0
72.025 882 0
72.11 756 0
72.196 784 0
72.196 804 0
72.282 405 0
72.368 436 0
72.453 5 0
72.453 20 0
72.539 147 0
72.625 236 0
72.71 448 0
72.71 64 0
72.796 686 0
72.882 798 0
72.968 803 0
72.968 584 0
73.053 897 0
73.139 316 0
73.225 79 0
73.225 9 0
73.31 505 0
73.396 300 0
73.396 328 0
73.482 721 0
73.568 372 0
73.568 851 0
73.653 375 0
73.653 99 0
73.825 828 0
73.825 575 0
73.996 841 0
73.996 226 0
74.082 897 0
74.082 195 0
74.168 172 0
74.253 250 0
74.339 298 0
74.339 532 0
74.425 732 0
74.51 669 0
74.596 275 0
74.596 384 0
74.682 389 0
74.768 890 0
74.768 289 0
74.853 145 0
74.939 162 0
74.939 606 0
75.025 463 0
75.11 318 0
75.196 170 0
75.196 572 0
75.282 886 0
75.368 271 0
75.453 761 0
75.453 363 0
75.568 787 0
75.568 228 0
75.682 668 0
75.682 509 0
75.91 487 0
75.91 590 0
75.968 579 0
75.968 698 0
76.139 745 0
76.139 510 0
76.31 495 0
76.31 0 0
76.396 205 0
76.396 709 0
76.568 432 0
76.568 665 0
76.739 118 0
76.739 229 0
76.825 91 0
76.825 330 0
76.996 572 0
77.082 179 0
77.082 190 0
77.168 628 0
77.168 259 0
77.253 176 0
77.339 431 0
77.339 262 0
77.425 686 0
77.51 22 0
77.51 333 0
77.596 693 0
77.682 99 0
77.682 350 0
77.81 226 0
77.939 219 0
77.939 564 0
78.025 475 0
78.11 73 0
78.196 830 0
78.196 322 0
78.368 745 0
78.453 750 0
78.453 889 0
78.539 720 0
78.71 784 0
78.71 3 0
78.796 69 0
78.882 493 0
78.882 469 0
78.968 603 0
79.053 492 0
79.053 60 0
79.139 797 0
79.139 569 0
79.31 668 0
79.31 90 0
79.482 397 0
79.482 165 0
79.568 189 0
79.568 84 0
79.653 539 0
79.739 570 0
79.825 529 0
79.825 319 0
79.91 517 0
79.996 601 0
80.082 58 0
80.082 144 0
80.168 33 0
80.253 127 0
80.253 447 0
80.339 247 0
80.425 723 0
80.425 247 0
80.51 299 0
80.596 687 0
80.682 644 0
80.682 7 0
80.768 770 0
80.853 394 0
80.939 179 0
80.939 584 0
81.025 881 0
81.11 467 0
81.196 882 0
81.196 102 0
81.282 590 0
81.368 420 0
81.453 195 0
81.453 346 0
81.539 461 0
81.625 348 0
81.625 44 0
81.71 102 0
81.796 774 0
81.796 881 0
81.882 637 0
81.882 286 0
82.053 520 0
82.053 75 0
82.225 671 0
82.225 58 0
82.31 206 0
82.31 289 0
82.396 630 0
82.482 37 0
82.568 88 0
82.568 393 0
82.653 150 0
82.739 184 0
82.825 699 0
82.825 158 0
82.91 109 0
82.996 867 0
82.996 58 0
83.082 71 0
83.168 684 0
83.168 292 0
83.253 775 0
83.339 752 0
83.425 695 0
83.425 114 0
83.51 26 0
83.596 667 0
83.682 97 0
83.682 743 0
83.768 12 0
83.853 7 0
83.939 47 0
83.939 181 0
84.025 55 0
84.11 76 0
84.196 297 0
84.196 130 0
84.282 140 0
84.368 327 0
84.368 31 0
84.453 290 0
84.539 50 0
84.539 543 0
84.625 359 0
84.625 118 0
84.796 222 0
84.796 441 0
84.968 123 0
84.968 557 0
85.053 602 0
85.053 463 0
85.225 238 0
85.31 716 0
85.31 18 0
85.396 555 0
85.568 268 0
85.568 825 0
85.653 587 0
85.739 804 0
85.739 584 0
85.825 472 0
85.91 176 0
85.91 122 0
86.082 793 0
86.168 794 0
86.168 749 0
86.253 47 0
86.339 236 0
86.425 754 0
86.425 783 0
86.51 173 0
86.596 344 0
86.682 643 0
86.682 786 0
86.768 681 0
86.853 314 0
86.939 458 0
86.939 803 0
87.025 571 0
87.11 174 0
87.11 579 0
87.196 359 0
87.282 662 0
87.282 450 0
87.368 358 0
87.368 273 0
87.539 752 0
87.539 859 0
87.71 518 0
87.71 13 0
87.796 648 0
87.796 279 0
87.91 894 0
88.025 459 0
88.025 524 0
88.139 522 0
88.139 148 0
88.253 695 0
88.253 246 0
88.368 115 0
88.482 640 0
88.482 5 0
88.596 186 0
88.71 817 0
88.71 419 0
88.825 374 0
88.825 661 0
88.939 376 0
88.939 899 0
89.053 264 0
89.168 128 0
89.168 863 0
89.282 257 0
89.396 402 0
89.396 404 0
89.51 180 0
89.51 775 0
89.625 535 0
89.625 878 0
89.739 173 0
89.853 494 0
89.853 668 0
89.968 208 0
90.082 750 0
90.082 71 0
90.196 113 0
90.196 204 0
90.31 510 0
90.31 584 0
90.425 716 0
90.453 57 0
90.539 279 0
90.539 604 0
90.653 498 0
90.768 568 0
90.768 551 0
90.882 846 0
90.882 683 0
90.996 52 0
90.996 887 0
91.11 418 0
91.225 11 0
91.225 704 0
91.339 722 0
91.453 24 0
91.453 71 0
91.568 694 0
91.568 722 0
91.682 90 0
91.682 870 0
91.796 893 0
91.91 57 0
91.91 811 0
92.025 884 0
92.139 750 0
92.139 354 0
92.253 888 0
92.253 325 0
92.368 154 0
92.368 611 0
92.482 468 0
92.596 456 0
92.596 24 0
92.71 697 0
92.825 854 0
92.825 51 0
92.939 511 0
92.939 736 0
93.053 704 0
93.053 533 0
93.168 862 0
93.196 156 0
93.282 160 0
93.282 516 0
93.396 886 0
93.51 835 0
93.51 450 0
93.625 900 0
93.625 828 0
93.739 696 0
93.739 350 0
93.853 4 0
93.968 139 0
93.968 425 0
94.082 828 0
94.196 95 0
94.196 27 0
94.31 330 0
94.31 535 0
94.425 772 0
94.425 270 0
94.539 894 0
94.653 150 0
94.653 753 0
94.768 843 0
94.882 310 0
94.882 836 0
94.996 118 0
94.996 102 0
95.11 661 0
95.11 779 0
95.225 548 0
95.339 566 0
95.339 861 0
95.453 795 0
95.568 882 0
95.568 8 0
95.682 409 0
95.682 749 0
95.796 410 0
95.796 420 0
95.91 615 0
95.939 557 0
96.025 251 0
96.025 215 0
96.139 244 0
96.253 295 0
96.253 874 0
96.368 590 0
96.368 410 0
96.482 803 0
96.482 319 0
96.596 105 0
96.71 858 0
96.71 590 0
96.825 122 0
96.939 82 0
96.939 718 0
97.053 337 0
97.053 213 0
97.168 378 0
97.168 243 0
97.282 714 0
97.396 272 0
97.396 339 0
97.51 28 0
97.625 839 0
97.625 321 0
97.739 630 0
97.739 497 0
97.853 322 0
97.853 107 0
97.968 261 0
98.082 6 0
98.082 315 0
98.196 535 0
98.31 145 0
98.31 453 0
98.425 53 0
98.425 899 0
98.539 562 0
98.539 34 0
98.653 360 0
98.653 588 0
98.768 702 0
98.768 252 0
98.882 56 0
98.996 671 0
98.996 436 0
99.11 450 0
99.11 529 0
99.225 802 0
99.225 900 0
99.339 335 0
99.396 233 0
99.453 754 0
99.453 770 0
99.568 532 0
99.682 743 0
99.682 626 0
99.796 415 0
99.796 389 0
99.91 842 0
99.91 702 0
100.025 724 0
100.025 21 0
100.139 50 0
100.139 786 0
100.253 417 0
100.31 126 0
100.368 130 0
100.368 245 0
100.482 150 0
100.482 886 0
100.596 532 0
100.596 754 0
100.71 703 0
100.768 611 0
100.825 460 0
100.825 172 0
100.939 76 0
100.996 815 0
101.053 717 0
101.053 194 0
101.168 657 0
101.168 448 0
101.282 748 0
101.282 331 0
101.396 281 0
101.396 414 0
101.51 94 0
101.51 177 0
101.625 591 0
101.739 837 0
101.739 764 0
101.853 345 0
101.853 646 0
101.968 306 0
101.968 756 0
102.082 167 0
102.196 53 0
102.196 352 0
102.31 193 0
102.368 127 0
102.425 787 0
102.425 341 0
102.539 555 0
102.653 24 0
102.653 887 0
102.768 136 0
102.768 240 0
102.882 130 0
102.882 84 0
102.996 332 0
103.11 874 0
103.11 648 0
103.225 335 0
103.225 43 0
103.339 650 0
103.339 475 0.229
103.453 63 0.115
103.568 862 0
103.568 625 0
103.682 344 0
103.739 172 0
103.796 222 0
103.796 350 0
103.91 603 0
103.91 125 0
104.025 592 0
104.025 16 0
104.139 272 0
104.139 460 0
104.253 690 0
104.253 677 0
104.368 166 0
104.482 692 0
104.482 50 0
104.596 168 0
104.596 289 0
104.71 291 0
104.71 879 0
104.825 310 0
104.939 503 0
104.939 275 0
104.996 78 0
105.053 188 0
105.11 411 0
105.168 229 0
105.168 114 0
105.282 506 0
105.282 855 0
105.396 444 0
105.396 128 0.229
105.51 812 0.115
105.625 862 0
105.625 478 0
105.739 312 0
105.853 851 0
105.853 636 0
105.968 854 0
105.968 234 0
106.082 624 0
106.082 742 0
106.196 115 0
106.31 772 0
106.31 290 0
106.368 246 0
106.425 421 0
106.539 864 0
106.539 529 0
106.653 321 0
106.653 626 0
106.768 721 0
106.768 367 0
106.882 785 0
106.939 336 0
106.996 327 0
106.996 61 0
107.11 653 0
107.168 751 0
107.225 404 0
107.225 22 0
107.339 665 0
107.339 601 0.229
107.453 478 0
107.453 836 0.229
107.568 41 0.114
107.682 428 0
107.682 539 0
107.796 699 0
107.91 643 0
107.91 20 0
108.025 21 0
108.025 676 0
108.139 448 0
108.139 50 0
108.253 112 0
108.253 726 0
108.368 66 0
108.368 500 0
108.482 675 0
108.482 716 0
108.596 553 0
108.596 501 0
108.71 738 0
108.71 277 0
108.825 842 0
108.825 226 0
108.882 223 0
108.939 425 0
109.053 874 0
109.053 469 0
109.168 485 0
109.168 702 0
109.282 513 0
109.282 426 0
109.396 106 0
109.396 677 0.343
109.51 666 0
109.739 234 0
109.739 251 0
110.082 853 0
110.082 708 0
110.425 26 0
110.425 317 0
110.768 206 0
110.768 550 0
111.11 11 0.343
111.796 116 0.343
112.368 446 0
112.482 789 0.343
112.653 730 0
112.825 159 0
112.91 472 0
113.082 528 0
113.682 724 0.171
113.853 637 0.229
114.082 597 0.228
114.31 664 0.229
114.539 540 0.229
114.768 727 0.228
114.996 489 0.229
115.225 834 0.343
115.396 796 0
115.568 474 0
115.739 155 0
115.825 198 0
115.91 114 0.343
116.596 636 0.343
117.282 28 0.343
117.853 40 0
117.968 566 0.342
118.139 330 0
118.31 315 0
118.396 114 0
118.568 657 0
119.168 722 0.171
119.339 87 0.229
119.568 756 0.228
119.796 519 0.229
120.025 169 0.228
120.253 339 0.229
120.482 711 0.228
120.71 729 0.343
120.882 547 0
121.053 877 0
121.225 310 0
121.31 69 0
122.082 314 0.343
122.768 58 0.342
123.339 426 0
123.453 168 0.343
123.625 580 0
123.796 432 0
123.882 833 0
124.053 657 0
124.653 266 0.172
124.825 349 0.228
125.053 613 0.229
125.282 571 0.228
125.51 557 0.229
125.739 66 0.229
125.968 745 0.228
126.196 296 0.343
126.368 145 0
126.539 497 0
126.71 610 0
126.796 120 0
126.882 634 0.343
127.568 8 0.342
128.253 216 0.343
128.825 842 0
128.939 377 0.343
129.11 884 0
129.282 70 0
129.368 229 0
129.539 714 0
130.139 563 0.171
130.31 56 0.229
130.539 380 0.229
130.768 877 0.228
130.996 345 0.229
131.225 474 0.228
131.453 896 0.229
131.682 857 2.743
