0.012 294 1.218
1.687 729 0.761
2.6 738 1.066
4.123 170 0.762
5.037 125 1.066
6.255 576 0
6.407 728 0
6.56 653 0.076
6.712 836 0.609
7.473 330 1.066
8.996 82 0.762
9.758 568 0.152
9.91 879 1.066
10.976 114 0.305
10.976 552 0.457
11.433 500 0.761
11.737 698 0.153
11.966 83 0.152
12.194 768 0
12.27 178 0
12.347 341 0
12.499 653 0
12.55 439 0
12.6 563 0
12.651 629 0
12.702 344 0
12.753 198 0
12.803 890 0.61
13.413 689 0.304
13.565 21 0.152
13.717 399 0.457
13.717 384 0.914
13.869 359 0.305
14.022 641 0.152
14.631 580 0.152
14.783 647 1.066
14.935 323 0.305
15.088 844 0.152
15.24 228 0.152
15.392 6 0.152
15.697 721 0.152
15.849 182 0.457
16.306 101 0.761
16.306 82 0.076
16.458 805 0.152
16.61 109 0.153
16.763 509 0.152
16.915 388 0.152
17.067 364 0.153
17.22 653 1.066
17.372 618 0.076
17.524 404 0.229
17.676 673 0.457
17.753 747 0.38
17.829 846 0.304
18.286 61 0.152
18.438 607 0.076
18.666 19 0.076
18.742 62 0.762
18.895 613 0.076
19.123 25 0.076
19.352 598 0.152
19.504 544 0.304
19.605 833 0.203
19.707 721 0.101
19.808 849 0.914
19.961 261 0.076
20.113 501 0.533
20.189 329 0.457
20.265 369 0.381
20.722 534 0.406
20.925 288 0.203
21.128 501 0.102
21.179 72 0.761
21.331 7 0.609
21.534 791 0.305
21.737 699 0.203
21.94 890 0
22.017 145 0
22.093 713 1.066
22.093 573 0.076
22.397 21 0.076
22.55 711 0
22.651 769 0
22.778 573 0
22.854 329 0.305
23.159 496 0.076
23.311 133 0.076
23.565 207 0.051
23.616 771 0.761
23.666 807 0.051
23.768 666 0.457
24.225 166 0.076
24.377 319 0.102
24.529 621 1.066
24.58 95 0.102
24.986 737 0.102
25.189 483 0.102
25.392 789 0.102
25.494 501 0.101
25.595 152 0.102
25.748 49 0.076
25.824 802 0.38
26.052 143 0.762
26.204 110 0.102
26.407 566 0.102
26.509 565 0.101
26.61 345 0.102
26.814 537 0.101
26.966 436 1.066
27.118 772 0.102
27.321 104 0.102
27.575 767 0.305
27.93 135 0.102
28.032 132 0.101
28.133 272 0.102
28.336 743 0.102
28.489 747 0.685
28.641 383 0.101
28.869 254 0.305
28.869 562 0.305
28.869 320 0.305
29.25 1 0
29.25 77 0
29.25 247 0
29.326 530 0
29.402 47 0
29.479 180 0
29.555 292 0
29.593 17 0
29.631 398 0
29.669 208 0
29.859 669 0
29.897 173 0
29.935 26 0
29.973 38 0
30.012 279 0
30.062 128 0
30.113 808 0
30.164 454 0
30.215 224 0
30.265 695 0
30.316 274 0
30.367 718 0
30.418 852 0.152
30.57 187 0
30.621 879 0
30.671 832 0
30.722 806 0
30.773 533 0
30.824 49 0
30.874 766 0
30.925 284 0
30.976 841 0
31.039 309 0
31.077 715 0
31.116 118 0
31.154 610 0
31.192 654 0
31.23 410 0
31.268 516 0
31.306 373 0
31.382 3 0
31.382 151 0
31.433 563 0
31.484 30 0.05
31.534 193 0.051
31.585 447 0.051
31.636 780 0.051
31.687 273 0
31.737 889 0
31.788 196 0
31.839 188 0.152
31.991 880 0.914
32.905 570 0
32.905 627 0
33.006 576 0
33.057 556 0.102
33.159 677 0
33.209 70 0.153
33.362 55 0.101
34.123 365 0
34.123 453 0
34.225 472 0
34.326 295 0
34.428 608 0
34.529 549 0
34.631 621 0
34.732 384 0
34.834 133 0
34.935 690 0
35.037 455 0
35.037 602 0
35.138 215 0
35.24 59 0
35.341 751 0
35.443 570 0
35.544 825 0
35.646 116 0
35.748 94 0
35.849 449 0
35.951 21 0
35.951 799 0
36.052 190 0
36.154 514 0
36.255 679 0
36.255 673 0
36.357 322 0
36.458 795 0
36.56 27 0
36.56 66 0
36.661 44 0
36.763 468 0
36.864 78 0
36.966 287 0
37.067 295 0
37.169 345 0
37.27 433 0
37.372 250 0
37.473 576 0
37.473 275 0
37.575 471 0
37.676 143 0
37.778 123 0
37.88 390 0
37.981 221 0
38.083 627 0
38.184 661 0
38.286 195 0
38.387 24 0
38.387 866 0
38.489 157 0
38.59 368 0
38.692 872 0
38.692 834 0
38.793 521 0
38.895 659 0
38.996 272 0
38.996 571 0
39.098 256 0
39.199 601 0
39.301 565 0
39.402 20 0
39.504 354 0
39.605 436 0
39.707 483 0
39.808 156 0
39.91 797 0
39.91 828 0
40.012 696 0
40.113 14 0
40.215 455 0
40.316 36 0
40.418 164 0
40.519 536 0
40.621 153 0
40.722 503 0
40.824 833 0
40.824 807 0
40.925 213 0
41.027 648 0
41.128 815 0
41.128 449 0
41.23 487 0
41.331 868 0
41.433 225 0
41.433 164 0
41.534 701 0
41.636 537 0
41.737 822 0
41.839 326 0
41.94 126 0
42.042 547 0
42.143 308 0
42.245 321 0
42.347 300 0
42.347 359 0
42.448 311 0
42.55 248 0
42.651 119 0
42.651 529 0
42.753 646 0
42.854 548 0
42.956 793 0
43.057 422 0
43.159 433 0
43.26 404 0
43.26 504 0
43.362 121 0
43.463 753 0
43.565 709 0
43.565 881 0
43.666 576 0
43.768 872 0
43.869 636 0.102
43.869 93 0
43.971 677 0.101
44.072 133 0.102
44.174 627 0.101
44.275 873 0.102
44.377 284 0.102
44.479 351 0.101
44.58 168 0.102
44.682 87 0.101
44.783 446 0.102
44.783 817 0
44.885 320 0.101
44.986 214 0.102
45.088 595 0.101
45.189 322 0.102
45.291 691 0.101
45.392 142 0.102
45.494 91 0.101
45.595 885 0.102
45.697 59 0.076
45.697 416 0
45.773 604 0.076
45.849 461 0.076
45.925 399 0.076
46.001 463 0.076
46.001 684 0
46.077 433 0.077
46.154 111 0.076
46.23 240 0.076
46.306 228 0.101
46.306 330 0
46.407 738 0.102
46.509 399 0.101
46.61 464 0.102
46.712 235 0.102
46.814 764 0.101
46.915 286 0.102
47.017 215 0.101
47.118 855 0.102
47.22 159 0.101
47.22 663 0
47.321 259 0.102
47.423 476 0.101
47.524 570 0.102
47.626 564 0.101
47.727 35 0.102
47.829 528 0.101
47.93 60 0.102
48.032 799 0.101
48.133 170 0.076
48.133 428 0
48.209 596 0.077
48.286 765 0.076
48.362 12 0.076
48.438 184 0.076
48.438 71 0
48.514 188 0.076
48.59 361 0.076
48.666 322 0.076
48.742 7 0
48.742 400 0
48.742 193 0
48.895 609 0
48.895 12 0
49.047 219 0
49.047 219 0
49.199 542 0
49.199 647 0
49.352 542 0
49.352 736 0
49.504 700 0
49.504 364 0
49.656 386 0
49.656 508 0
49.808 281 0
49.808 585 0
49.961 628 0
49.961 123 0
49.961 791 0
50.113 615 0
50.113 270 0
50.265 352 0
50.265 226 0
50.418 856 0
50.418 791 0
50.57 441 0
50.57 739 0
50.722 759 0
50.722 21 0
50.874 346 0
50.874 677 0
51.027 460 0
51.027 650 0
51.179 465 0
51.179 801 0
51.179 216 0
51.255 546 0
51.331 64 0
51.331 637 0
51.407 394 0
51.407 830 0
51.484 574 0
51.484 718 0
51.56 623 0
51.56 313 0
51.636 786 0
51.636 866 0
51.712 124 0
51.712 273 0
51.788 42 0
51.788 676 0
51.864 592 0
51.864 898 0
51.94 232 0
51.94 277 0
52.017 783 0
52.017 249 0
52.093 530 0
52.093 159 0
52.169 636 0
52.169 523 0
52.245 126 0
52.245 553 0
52.321 546 0
52.397 12 0
52.397 85 0
52.397 363 0
52.626 271 0
52.626 455 0
52.626 172 0
52.854 324 0
52.854 85 0
52.854 219 0
53.083 159 0
53.083 191 0
53.083 180 0
53.311 175 0
53.311 195 0
53.349 315 0
53.387 221 0
53.425 759 0
53.463 420 0
53.463 850 0
53.539 91 0
53.616 455 0
53.616 40 0
53.616 25 0
53.768 779 0
53.768 27 0
54.072 280 0
54.072 377 0
54.225 250 0
54.225 876 0
54.529 233 0
54.529 603 0
54.682 291 0
54.682 469 0
54.986 741 0
54.986 565 0
55.138 196 0
55.138 294 0
55.443 309 0
55.443 803 0
55.595 471 0
55.595 309 0
55.748 101 0
55.748 606 0
55.9 792 0
55.9 192 0
56.052 766 0
56.052 558 0
56.052 382 0
56.204 880 0
56.204 340 0
56.509 503 0
56.509 661 0
56.661 881 0
56.661 424 0
56.966 439 0
56.966 869 0
57.118 99 0
57.118 806 0
57.423 527 0
57.423 180 0
57.575 346 0
57.575 743 0
57.88 667 0
57.88 841 0
57.956 630 0
57.956 687 0
58.032 716 0
58.032 721 0
58.108 721 0
58.108 744 0
58.184 410 0
58.184 647 0
58.336 166 0
58.336 778 0
58.489 596 0
58.489 871 0
58.489 469 0
58.641 220 0
58.641 384 0
58.946 750 0
58.946 165 0
59.098 406 0
59.098 238 0
59.402 14 0
59.402 900 0
59.555 416 0
59.555 281 0
59.859 239 0
59.859 165 0
60.012 507 0
60.012 249 0
60.316 283 0
60.316 169 0
60.468 693 0
60.468 43 0
60.621 477 0
60.621 583 0
60.773 752 0
60.773 541 0
60.925 526 0
60.925 234 0
60.925 332 0
61.077 611 0
61.077 852 0
61.382 591 0
61.382 713 0
61.534 437 0
61.534 304 0
61.839 713 0
61.839 637 0
61.991 633 0
61.991 746 0
62.143 197 0
62.143 887 0
62.372 643 0
62.372 106 0
62.6 727 0
62.6 122 0
62.753 739 0
62.753 280 0
62.791 523 0
62.829 738 0
62.867 561 0
62.905 408 0
62.956 803 0
63.006 703 0
63.057 840 0
63.057 424 0
63.133 363 0
63.133 640 0
63.209 181 0
63.209 163 0
63.362 669 0
63.362 288 0
63.362 512 0
63.514 694 0
63.514 653 0
63.666 540 0.076
63.666 497 0
63.819 879 0
63.819 744 0
63.971 780 0
63.971 149 0
64.123 249 0.152
64.275 770 0
64.275 680 0
64.428 169 0
64.428 772 0
64.58 873 0
64.656 235 0
64.732 439 0
64.732 456 0
64.885 404 0
64.885 402 0
65.037 367 0.152
65.189 646 0
65.189 372 0
65.341 497 0
65.341 828 0
65.494 445 0
65.494 437 0
65.646 570 0
65.646 388 0
65.798 369 0
65.798 415 0
65.798 591 0
65.951 159 0
65.951 322 0
66.103 798 0
66.204 773 0
66.255 690 0
66.255 660 0
66.407 857 0
66.407 485 0
66.56 39 0.152
66.712 186 0
66.712 450 0
66.864 189 0
66.864 316 0
67.017 621 0
67.093 244 0
67.169 473 0
67.169 295 0
67.321 247 0
67.321 113 0
67.473 53 0.153
67.626 680 0
67.626 781 0
67.702 464 0
67.702 622 0
67.778 449 0
67.778 480 0
67.854 284 0
67.854 783 0
67.93 746 0
67.93 139 0
68.083 154 0
68.083 684 0
68.235 43 0
68.235 210 0
68.235 843 0
68.387 572 0
68.387 720 0
68.539 778 0.153
68.539 570 0
68.692 469 0
68.692 898 0
68.844 756 0
68.844 26 0
68.996 792 0.153
69.149 553 0
69.149 556 0
69.301 340 0
69.301 833 0
69.453 525 0
69.529 480 0
69.605 571 0
69.605 492 0
69.758 151 0
69.758 441 0
69.91 301 0.152
70.062 872 0
70.062 298 0
70.215 358 0
70.215 368 0
70.367 633 0
70.367 511 0
70.519 820 0
70.519 886 0
70.671 890 0
70.671 62 0
70.671 711 0
70.824 666 0
70.824 189 0
70.976 195 0
71.027 882 0
71.077 213 0
71.128 257 0
71.128 210 0
71.281 386 0
71.281 634 0
71.433 276 0.152
71.585 834 0
71.585 761 0
71.661 242 0
71.737 836 0
71.737 19 0
71.814 110 0
71.89 868 0
71.89 884 0
72.042 631 0
72.118 60 0
72.118 273 0
72.27 46 0
72.347 472 0
72.347 283 0
72.499 645 0
72.499 161 0
72.575 207 0
72.575 736 0
72.651 341 0
72.651 197 0
72.727 623 0
72.803 387 0.229
72.803 603 0
72.803 616 0
72.956 95 0
73.032 495 0
73.108 485 0.305
73.108 817 0
73.108 190 0
73.184 706 0
73.26 563 0
73.336 187 0
73.413 341 0
73.413 900 0
73.565 788 0.304
73.565 139 0
73.565 153 0
73.717 607 0
73.869 279 0
73.869 348 0
74.022 509 0.304
74.022 440 0
74.022 878 0
74.326 338 0
74.479 815 0
74.479 887 0.076
74.707 116 0
74.707 328 0.076
74.935 873 0
74.935 375 0.077
75.088 32 0
75.088 358 0.076
75.24 355 0
75.24 267 0.076
75.392 90 0
75.392 22 0
75.392 546 0
75.468 817 0
75.544 100 0
75.621 553 0
75.697 666 0
75.849 856 0.305
75.849 522 0
75.849 129 0
76.001 716 0
76.154 569 0
76.154 187 0
76.306 881 0
76.306 36 0
76.306 283 0
76.458 346 0
76.458 765 0.229
76.458 802 0
76.763 5 0
76.763 293 0
76.763 837 0
76.839 639 0
76.915 373 0
76.991 854 0
76.991 32 0
77.067 895 0
77.143 242 0
77.22 671 0
77.296 638 0
77.296 645 0
77.372 852 0
77.448 606 0
77.524 60 0
77.524 860 0
77.6 36 0
77.676 344 0
77.753 703 0
77.829 140 0
77.905 14 0
77.981 755 0.305
77.981 702 0
77.981 555 0
78.133 335 0
78.286 429 0
78.286 831 0
78.438 875 0
78.438 399 0.304
78.742 309 0
78.742 617 0
78.895 835 0.152
78.895 291 0
78.895 478 0
79.047 208 0
79.123 884 0
79.199 248 0
79.26 264 0
79.321 236 0
79.382 213 0
79.443 560 0
79.504 465 0
79.565 675 0
79.626 180 0
79.687 516 0
79.748 591 0
79.808 366 0
79.885 686 0
79.961 49 0
80.037 53 0
80.113 131 0
80.189 587 0
80.265 758 0
80.341 771 0
80.418 705 0
80.418 666 0.304
80.418 629 0
80.57 246 0
80.722 753 0
80.722 68 0
80.874 654 0.305
80.874 228 0
81.179 309 0
81.179 743 0
81.331 830 0
81.331 395 0
81.331 439 0.153
81.484 665 0
81.56 600 0
81.636 469 0
81.697 773 0
81.758 668 0
81.819 686 0
81.819 284 0
81.88 104 0
81.94 373 0
82.001 413 0
82.062 379 0
82.062 723 0
82.123 150 0
82.184 620 0
82.245 37 0
82.245 250 0
82.306 592 0
82.367 385 0
82.428 423 0
82.489 387 0
82.489 127 0
82.55 254 0
82.61 40 0
82.671 745 0
82.671 103 0
82.732 370 0
82.854 347 0
82.854 290 0
82.854 461 0.305
83.006 448 0
83.159 38 0
83.159 289 0
83.311 372 0.305
83.311 529 0
83.616 166 0
83.616 360 0
83.768 67 0
83.768 700 0
83.768 769 0.152
83.92 75 0.305
84.225 270 0
84.225 326 0.076
84.453 884 0
84.453 263 0.076
84.682 785 0
84.682 604 0.076
84.834 782 0
84.834 303 0.076
84.986 651 0
84.986 324 0.076
85.138 401 0
85.215 785 0
85.291 662 0.304
85.291 825 0
85.291 617 0
85.443 386 0
85.595 143 0
85.595 174 0
85.748 562 0
85.748 297 0.304
86.052 150 0
86.052 263 0
86.204 156 0.153
86.204 192 0
86.204 584 0
86.357 451 0
86.433 650 0
86.509 438 0
86.585 636 0
86.661 564 0
86.737 631 0
86.814 881 0
86.814 403 0
86.89 31 0
86.966 802 0
87.042 805 0
87.042 412 0
87.118 403 0
87.194 558 0
87.27 6 0
87.347 658 0
87.347 123 0
87.423 682 0
87.499 389 0
87.575 801 0
87.651 753 0
87.727 136 0
87.727 581 0
87.727 46 0
87.88 175 0
88.032 809 0
88.032 897 0
88.032 446 0
88.184 157 0
88.336 563 0
88.336 386 0
88.336 837 0
88.489 791 0
88.641 416 0
88.641 468 0
88.641 608 0
88.793 195 0
88.869 144 0
88.946 230 0
88.946 428 0
88.946 78 0
89.098 862 0
89.174 718 0
89.25 270 0
89.25 705 0
89.25 847 0
89.402 790 0
89.479 772 0
89.555 185 0
89.555 345 0
89.555 15 0
89.631 320 0
89.707 525 0
89.707 835 0
89.783 479 0
89.859 257 0
89.859 754 0
89.859 137 0
89.935 638 0
90.012 402 0
90.012 69 0
90.088 545 0
90.164 358 0
90.164 302 0
90.164 539 0
90.316 719 0
90.316 646 0
90.316 824 0
90.468 874 0
90.468 54 0
90.468 722 0
90.621 259 0
90.621 357 0
90.621 419 0
90.773 600 0
90.773 700 0
90.773 717 0
90.925 353 0
90.925 143 0
90.925 867 0
91.077 178 0
91.077 56 0
91.077 127 0
91.23 823 0
91.23 373 0
91.23 17 0
91.382 94 0
91.382 614 0
91.458 634 0
91.458 193 0
91.534 49 0
91.534 866 0
91.61 259 0
91.61 278 0
91.687 867 0
91.687 628 0
91.763 633 0
91.763 241 0
91.839 83 0
91.839 740 0
91.915 353 0
91.915 355 0
91.991 883 0
91.991 851 0
92.067 722 0
92.067 86 0
92.143 255 0
92.143 99 0
92.22 413 0
92.22 679 0
92.296 534 0
92.296 186 0
92.372 658 0
92.372 802 0
92.448 826 0
92.448 393 0
92.524 855 0
92.524 746 0
92.6 770 0
92.6 858 0
92.753 64 0
92.753 120 0
93.057 616 0
93.057 706 0
93.209 386 0
93.209 605 0
93.514 347 0
93.514 899 0
93.666 671 0
93.666 832 0
93.971 201 0
93.971 75 0
94.123 782 0
94.123 694 0
94.428 817 0
94.428 388 0
94.58 233 0
94.58 81 0
94.732 384 0
94.732 828 0
94.885 250 0
94.885 347 0
95.189 488 0
95.189 460 0
95.341 453 0
95.341 286 0
95.646 261 0
95.646 124 0
95.798 56 0
95.798 13 0
96.103 316 0
96.103 218 0
96.255 61 0.152
96.255 123 0.152
96.484 20 0.152
96.484 11 0.152
96.712 115 0.076
96.712 609 0.076
96.864 451 0.153
96.864 807 0.153
97.093 326 0.152
97.093 581 0.152
97.321 162 0.076
97.321 34 0.076
97.473 726 0
97.473 688 1.219
97.473 633 0
97.626 68 0
97.778 782 0
97.778 127 0
97.93 867 0
98.083 357 0
98.083 148 0
98.235 476 0
98.387 474 0
98.387 233 0
98.539 724 0
98.692 403 0
98.692 401 1.218
98.692 142 0
98.844 773 0
98.996 638 0
98.996 785 0
99.149 493 0
99.301 527 0
99.301 775 0
99.453 606 0
99.605 216 0
99.605 376 0
99.758 529 0
99.91 80 0
99.91 192 0
100.062 753 0
100.062 775 0
100.215 824 0
100.215 139 0
100.367 447 0
100.367 669 0
100.519 45 0
100.519 516 0
100.671 843 0
100.671 552 0
100.824 18 0
100.824 582 0
100.976 20 0
100.976 803 0
101.128 82 0
101.128 523 0
101.128 367 0
101.204 121 0
101.281 156 0
101.281 695 0
101.357 74 0
101.357 837 0
101.433 629 0
101.433 700 0
101.509 869 0
101.509 223 0
101.585 525 0
101.585 66 0
101.661 747 0
101.661 68 0
101.737 581 0
101.737 447 0
101.814 271 0
101.814 107 0
101.89 51 0
101.89 230 0
101.966 233 0
101.966 672 0
102.042 368 0
102.042 433 0
102.118 499 0
102.118 290 0
102.194 497 0
102.194 219 0
102.27 183 0
102.347 313 0
102.347 606 0
102.347 194 0.38
102.651 755 0
102.651 155 0
102.88 148 0
102.956 900 0
103.032 317 0
103.108 89 0
103.209 234 0
103.26 689 0
103.311 389 0
103.362 898 0
103.362 339 0
103.413 672 0
103.463 591 0
103.514 843 0
103.565 371 0.076
103.565 897 0.076
103.565 709 0.076
103.793 631 0.076
103.793 478 0.076
103.793 472 0.076
104.022 16 0.076
104.022 524 0.076
104.022 798 0.076
104.25 847 0.076
104.25 360 0.076
104.25 876 0.076
104.377 754 0
104.428 540 0
104.479 186 0
104.479 575 0
104.529 312 0
104.58 232 0
104.631 641 0
104.631 581 0
104.682 668 0
104.732 357 0
104.783 403 0.152
104.783 836 0
104.783 692 0
104.935 593 0
104.935 136 0
105.088 829 0
105.088 161 0.304
105.24 664 0
105.24 284 0.152
105.392 233 0
105.544 402 0
105.544 374 0
105.697 53 0
105.697 112 0.152
105.697 866 0
105.849 439 0
106.001 356 0
106.001 444 0
106.052 838 0
106.103 601 0
106.154 553 0
106.154 24 0
106.23 626 0
106.306 896 0
106.306 230 0
106.306 79 0
106.458 520 0
106.458 697 0
106.61 103 0.305
106.61 555 0
106.763 268 0.152
106.915 260 0.152
106.915 275 0.152
107.067 506 0
107.067 585 0
107.22 798 0
107.22 65 0
107.27 815 0
107.321 250 0
107.372 266 0
107.448 354 0
107.524 888 0
107.524 79 0.305
107.676 91 0.305
107.829 552 0
107.981 771 0
107.981 435 0
108.133 583 0
108.133 466 0
108.133 357 0.153
108.286 282 0
108.438 79 0
108.438 823 0
108.489 140 0
108.539 468 0
108.59 762 0
108.666 820 0
108.742 802 0.153
108.742 145 0.153
108.742 138 0
108.895 668 0.304
109.047 417 0.152
109.199 551 0
109.199 46 0
109.352 540 0
109.352 786 0
109.352 127 0
109.504 605 0
109.656 682 0
109.656 596 0
109.707 771 0
109.758 128 0
109.808 747 0
109.808 37 0
109.885 488 0
109.961 36 0
109.961 415 0
109.961 71 0
110.113 368 0
110.113 696 0.305
110.113 265 0.305
110.418 600 0
110.418 771 0
110.57 222 0.152
110.57 516 0
110.57 266 0.152
110.722 650 0
110.874 557 0
110.874 275 0
110.925 22 0
110.976 116 0
111.027 770 0
111.103 408 0
111.179 636 0
111.179 547 0.305
111.331 431 0.153
111.484 495 0
111.636 598 0
111.636 80 0
111.788 163 0
111.788 596 0
111.788 89 0.152
111.94 454 0
112.093 172 0
112.093 660 0
112.143 250 0
112.194 466 0
112.245 226 0
112.245 630 0
112.321 67 0
112.397 543 0
112.397 564 0.305
112.55 396 0.304
112.702 294 0
112.854 712 0
112.854 729 0
113.006 588 0.153
113.006 47 0
113.006 141 0.153
113.159 380 0
113.311 533 0
113.311 177 0
113.362 87 0
113.413 780 0
113.463 172 0.153
113.539 69 0
113.616 417 0
113.616 636 0
113.768 839 0
113.768 530 0.152
113.768 296 0.304
113.92 708 0
114.072 657 0
114.072 426 0
114.225 303 0
114.225 142 0
114.225 670 0
114.377 2 0
114.377 478 0
114.377 296 0
114.529 211 0
114.529 898 0.153
114.529 414 0
114.682 218 0
114.682 818 0
114.834 586 0
114.834 454 0.304
114.986 133 0
114.986 91 0.152
115.138 238 0
115.291 185 0
115.291 662 0
115.443 214 0
115.443 257 0.152
115.443 139 0
115.595 178 0
115.748 70 0
115.748 843 0
115.798 275 0
115.849 39 0
115.9 261 0
115.9 123 0
115.976 752 0
116.052 813 0
116.052 870 0
116.052 830 0
116.204 48 0
116.204 829 0
116.357 108 0.304
116.357 277 0
116.509 590 0.152
116.661 293 0.153
116.661 680 0.153
116.814 355 0
116.814 717 0
116.966 630 0
116.966 428 0
117.017 636 0
117.067 680 0
117.118 470 0
117.194 867 0
117.27 663 0
117.27 623 0.305
117.423 766 0.304
117.575 451 0
117.727 421 0
117.727 100 0
117.88 272 0
117.88 376 0
117.88 641 0.152
118.032 777 0
118.184 439 0
118.184 222 0
118.235 333 0
118.286 323 0
118.336 134 0
118.413 155 0
118.489 165 0.152
118.489 830 0.152
118.489 3 0
118.641 256 0.305
118.793 887 0.153
118.946 154 0
118.946 774 0
119.098 520 0
119.098 234 0
119.174 899 0
119.25 838 0
119.326 815 0
119.402 368 0
119.402 562 0
119.453 753 0
119.504 507 0
119.555 232 0
119.631 327 0
119.707 532 0
119.707 344 0
119.707 701 0.305
119.859 535 0.153
120.012 760 0
120.164 89 0
120.164 290 0
120.316 710 0
120.316 160 0
120.316 563 0
120.468 528 0
120.468 401 0
120.621 885 0
120.621 856 0
120.671 898 0
120.722 806 0
120.773 5 0
120.773 129 0
120.849 845 0
120.925 150 0
120.925 145 0.152
120.925 234 0
121.077 812 0.153
121.077 759 0
121.23 531 0
121.306 12 0
121.382 334 0
121.382 872 0
121.458 298 0
121.534 121 0.153
121.534 801 0.153
121.534 854 0
121.687 358 0
121.839 854 0
121.839 330 0
121.89 443 0
121.94 138 0
121.991 123 0
121.991 717 0
122.067 647 0
122.143 507 0
122.143 385 0
122.22 24 0
122.296 656 0
122.296 357 0.152
122.448 555 0
122.448 61 0
122.6 463 0
122.676 308 0
122.676 777 0
122.753 783 0.076
122.753 191 0.152
122.905 732 0
122.905 493 0
123.057 882 0.102
123.057 33 0
123.057 60 0
123.159 378 0.101
123.26 742 0.102
123.362 683 0.101
123.463 88 0.102
123.565 397 0.101
123.666 124 0
123.666 116 0.102
123.869 213 0.102
123.971 576 0
123.971 870 0
124.072 0 0.102
124.123 430 0
124.123 325 0
124.275 648 0
124.275 855 0.153
124.275 544 0
124.428 604 0
124.428 60 0
124.58 163 0
124.58 796 0.305
124.732 737 0
124.732 690 0.153
124.885 582 0
125.037 140 0
125.037 88 0
125.189 28 0
125.189 657 0.152
125.189 602 0
125.341 748 0
125.494 610 0
125.494 199 0
125.544 84 0
125.595 400 0
125.646 273 0
125.646 36 0
125.722 665 0
125.798 200 0
125.798 49 0
125.798 204 0
125.951 41 0
125.951 622 0
126.103 143 0.304
126.103 515 0
126.255 757 0.152
126.407 101 0.153
126.407 438 0.153
126.56 745 0
126.56 138 0
126.712 136 0
126.712 293 0
126.763 653 0
126.814 271 0
126.864 348 0
126.94 65 0
127.017 691 0
127.017 829 0.304
127.169 351 0.304
127.321 464 0
127.473 359 0
127.473 272 0
127.626 393 0
127.626 758 0
127.626 48 0.152
127.778 59 0
127.93 610 0
127.93 271 0
127.981 580 0
128.032 635 0
128.083 277 0
128.159 894 0
128.235 8 0.152
128.235 57 0.152
128.235 293 0
128.387 486 0.305
128.539 757 0.153
128.692 177 0
128.692 115 0
128.844 58 0
128.844 674 0
128.844 0 0
128.996 690 0
129.149 859 0
129.149 470 0
129.199 246 0
129.25 252 0
129.301 321 0
129.301 546 0
129.377 497 0
129.453 896 0
129.453 833 0
129.453 243 0
129.605 808 0
129.605 401 0.305
129.605 216 0.305
129.91 147 0
129.91 622 0
130.062 573 0.153
130.062 87 0
130.062 119 0.153
130.215 510 0
130.367 323 0
130.367 596 0
130.418 17 0
130.468 286 0
130.519 535 0
130.595 206 0
130.671 205 0
130.671 557 0.305
130.824 356 0.152
130.976 369 0
131.128 184 0
131.128 568 0
131.281 742 0
131.281 715 0
131.281 193 0.152
131.433 607 0
131.585 342 0
131.585 708 0
131.636 314 0
131.687 538 0
131.737 883 0
131.737 652 0
131.814 447 0
131.89 787 0
131.89 70 0.304
132.042 611 0.305
132.194 396 0
132.347 332 0
132.347 315 0
132.499 208 0.152
132.499 897 0
132.499 60 0.152
132.651 540 0
132.803 619 0
132.803 550 0
132.854 523 0
132.905 271 0
132.956 365 0.152
133.032 126 0
133.108 575 0
133.108 685 0
133.26 226 0
133.26 759 0.153
133.26 718 0.305
133.413 246 0
133.565 187 0
133.565 849 0
133.717 38 0
133.717 153 0
133.717 424 0
133.869 388 0
133.869 569 0
133.869 528 0
134.022 292 0
134.022 448 0.152
134.022 730 0
134.174 127 0
134.174 179 0
134.326 10 0
134.326 422 0.305
134.479 459 0
134.479 574 0.152
134.631 620 0
134.783 128 0
134.783 780 0
134.935 169 0
134.935 217 0.153
134.935 800 0
135.088 83 0
135.24 274 0
135.24 306 0
135.291 103 0
135.341 667 0
135.392 448 0
135.392 662 0
135.468 605 0
135.544 857 0
135.544 309 0
135.544 399 0
135.697 29 0
135.697 614 0
135.849 315 0.305
135.849 193 0
136.001 44 0.153
136.154 615 0.152
136.154 347 0.152
136.306 852 0
136.306 451 0
136.458 388 0
136.458 872 0
136.509 699 0
136.56 818 0
136.61 519 0
136.687 21 0
136.763 830 0
136.763 225 0.304
136.915 892 0.305
137.067 585 0
137.22 547 0
137.22 476 0
137.372 604 0
137.372 229 0
137.372 681 0.152
137.524 784 0
137.676 253 0
137.676 106 0
137.727 514 0
137.778 542 0
137.829 628 0
137.905 385 0
137.981 159 0.152
137.981 73 0.152
137.981 198 0
138.133 39 0.305
138.286 577 0.152
138.438 35 0
138.438 216 0
138.514 690 0
138.514 678 0
138.59 346 0
138.59 600 0
138.666 760 0
138.742 746 0
138.742 895 0
138.819 380 0
138.895 103 0
138.895 315 0
138.971 726 0
139.047 612 0
139.123 793 0
139.199 286 0
139.199 872 0
139.275 348 0
139.352 653 0
139.428 776 0
139.504 504 0
139.504 108 0
139.58 500 0
139.656 121 0
139.732 722 0
139.808 4 0
139.808 38 0
139.885 378 0
139.961 150 0
140.037 682 0
140.113 492 0
140.113 469 0
140.113 41 0
140.189 712 0
140.265 457 0
140.341 466 0
140.418 201 0
140.418 795 0
140.494 145 0
140.57 804 0
140.646 832 0
140.722 433 0
140.722 729 0
140.798 53 0
140.874 269 0
140.951 694 0
141.027 761 0
141.027 228 0
141.103 557 0
141.179 38 0
141.255 894 0
141.331 894 0
141.331 69 0
141.407 601 0
141.484 338 0
141.484 445 0
141.56 75 0
141.636 375 0
141.636 484 0
141.712 277 0
141.788 39 0
141.788 531 0
141.864 210 0
141.94 245 0
141.94 721 0
141.94 330 0
142.017 741 0
142.093 855 0
142.093 215 0
142.169 872 0
142.245 484 0
142.245 444 0
142.321 342 0
142.397 541 0
142.397 497 0
142.473 31 0
142.55 270 0
142.55 77 0
142.626 587 0
142.626 216 0
142.702 507 0
142.702 688 0
142.778 162 0
142.778 551 0
142.854 165 0
142.854 886 0
142.93 682 0
142.93 728 0
143.006 108 0
143.006 36 0
143.083 323 0
143.083 280 0
143.159 98 0
143.159 608 0
143.235 802 0
143.235 291 0
143.311 613 0
143.311 522 0
143.387 484 0
143.387 663 0
143.463 263 0
143.463 820 0
143.539 15 0
143.539 664 0
143.616 352 0
143.616 213 0
143.692 517 0
143.692 327 0
143.768 564 0
143.811 45 0
143.898 689 0
143.898 614 0
143.971 503 0
143.971 210 0
144.039 82 0.067
144.039 208 0.067
144.149 292 0.076
144.149 596 0.076
144.275 422 0.102
144.275 782 0.102
144.415 298 0.076
144.415 3 0.076
144.605 721 0.077
144.605 116 0.077
144.834 100 0.076
144.834 754 0.076
144.986 187 0.229
144.986 301 0.229
145.291 495 0.152
145.291 568 0.152
145.519 608 0.076
145.519 286 0.076
145.671 872 0.077
145.671 29 0.077
145.849 447 0.051
145.849 569 0.051
145.951 102 0
145.951 465 0
146.052 340 0
146.052 131 0
146.128 594 0
146.204 794 0
146.204 282 1.219
147.575 149 1.066
148.793 810 1.066
150.468 154 0.762
151.534 415 0.762
152.448 342 0.914
153.819 87 0.913
155.037 10 0.914
155.951 692 0
155.951 642 0
156.255 307 0
156.56 132 0.609
156.56 444 0
156.864 589 0
157.169 592 0
157.473 48 0.914
157.473 21 0
157.778 392 0
158.083 493 0
158.387 542 0.305
158.387 445 0
158.692 25 0.913
158.692 4 0
158.996 773 0
159.301 684 0
159.605 627 0
159.91 91 0
160.215 260 0.609
160.215 260 0
160.519 352 0
160.824 478 0
161.128 325 0
161.433 838 0.609
161.433 78 0
161.737 247 0
162.042 734 0
162.347 185 0
162.651 175 0
162.651 154 0.609
162.956 805 0
163.26 228 0.457
163.26 479 0
163.565 300 0
163.717 372 0.762
163.869 729 0
164.174 711 0
164.479 353 0
164.783 133 0
165.088 463 0
165.088 391 0.609
165.392 76 0
165.697 82 0
165.697 564 0
165.773 628 0
165.849 532 0
165.849 418 0
165.925 350 0
166.001 344 0
166.154 777 0
166.154 300 0
166.23 172 0
166.306 503 0
166.306 3 0
166.382 219 0
166.458 247 0
166.458 340 0
166.534 362 0
166.61 659 0
166.763 646 0
166.763 711 0
166.839 553 0
166.915 231 0
166.915 196 0
166.991 640 0
167.067 781 0
167.067 859 0
167.143 534 0
167.22 192 0
167.372 585 0
167.372 434 0
167.448 575 0
167.524 259 0
167.524 23 0
167.6 870 0
167.676 439 0
167.676 387 0
167.753 494 0
167.829 264 0
167.829 153 0
167.905 862 0
167.981 287 0
168.133 293 0
168.133 458 0
168.209 126 0
168.286 104 0
168.286 39 0
168.362 812 0
168.438 615 0
168.59 896 0
168.59 559 0
168.666 578 0
168.742 26 0
168.742 784 0
168.819 466 0
168.895 156 0
168.895 348 0
168.971 608 0
169.047 600 0
169.199 713 0
169.199 358 0
169.275 469 0
169.352 459 0
169.352 859 0
169.428 289 0
169.504 474 0
169.504 462 0
169.58 268 0
169.656 320 0
169.808 637 0
169.808 444 0
169.885 762 0
169.961 440 0
169.961 255 0
170.037 203 0
170.113 351 0
170.113 60 0
170.189 630 0
170.265 803 0
170.265 689 0
170.341 627 0
170.418 695 0
170.494 871 0
170.57 148 0
170.57 533 0
170.646 310 0
170.722 749 0
170.722 515 0
170.798 284 0
170.874 41 0
171.027 845 0
171.027 338 0
171.103 700 0
171.179 222 0
171.179 284 0
171.255 87 0
171.331 691 0
171.331 406 0
171.407 728 0
171.484 756 0
171.636 749 0
171.636 362 0
171.712 798 0
171.788 646 0
171.788 673 0
171.864 614 0
171.94 885 0
171.94 309 0
172.017 702 0
172.093 383 0
172.245 502 0
172.245 584 0
172.321 783 0
172.397 80 0
172.397 607 0
172.473 419 0
172.55 45 0
172.55 767 0
172.626 529 0
172.702 378 0
172.702 57 0
172.778 96 0
172.854 882 0
172.93 521 0
173.006 612 0
173.006 124 0
173.083 688 0
173.159 631 0
173.159 400 0
173.235 480 0
173.311 580 0
173.463 699 0
173.463 331 0
173.539 671 0
173.616 16 0
173.616 411 0
173.692 774 0
173.768 271 0
173.768 682 0
173.844 451 0
173.92 7 0
174.072 19 0
174.072 68 0
174.149 300 0
174.225 244 0
174.225 233 0
174.301 120 0
174.377 765 0
174.377 627 0
174.453 203 0
174.529 412 0
174.682 38 0
174.682 174 0
174.758 739 0
174.834 237 0
174.834 760 0
174.91 214 0
174.986 404 0
174.986 354 0
175.062 268 0
175.138 211 0
175.138 493 0
175.215 525 0
175.291 114 0
175.367 282 0
175.443 282 0
175.443 459 0
175.519 276 0
175.595 343 0
175.595 464 0
175.671 664 0
175.748 442 0
175.9 179 0
175.9 481 0
175.976 778 0
176.052 25 0
176.052 42 0
176.128 717 0
176.204 219 0
176.204 600 0
176.281 753 0
176.357 603 0
176.509 814 0
176.509 576 0
176.585 511 0
176.661 113 0
176.661 854 0
176.737 139 0
176.814 850 0
176.814 508 0
176.89 292 0
176.966 226 0
177.118 380 0
177.118 437 0
177.194 517 0
177.27 212 0
177.27 775 0
177.347 211 0
177.423 478 0
177.423 27 0
177.499 117 0
177.575 885 0
177.575 616 0
177.651 317 0
177.727 799 0
177.88 78 0
177.88 860 0
177.956 415 0
178.032 546 0
178.032 874 0
178.108 228 0
178.184 41 0
178.336 419 0
178.336 752 0
178.413 464 0
178.489 187 0
178.489 897 0
178.565 140 0
178.641 299 0
178.641 710 0
178.717 735 0
178.793 524 0
178.946 94 0
178.946 74 0
179.022 171 0
179.098 817 0
179.098 25 0
179.174 782 0
179.25 133 0
179.25 806 0
179.326 91 0
179.402 637 0
179.555 157 0
179.555 370 0
179.631 590 0
179.707 60 0
179.707 70 0
179.783 522 0
179.859 808 0
179.859 358 0
179.935 863 0
180.012 167 0
180.012 766 0
180.088 369 0
180.164 598 0
180.24 715 0
180.316 610 0
180.316 871 0
180.392 205 0
180.468 701 0
180.468 898 0
180.544 627 0
180.621 571 0
180.773 507 0
180.773 67 0
180.849 647 0
180.925 892 0
180.925 805 0
181.001 233 0
181.077 44 0
181.077 650 0
181.154 210 0
181.23 252 0
181.382 822 0
181.382 22 0
181.458 401 0
181.534 698 0
181.534 29 0
181.61 188 0
181.687 620 0
181.687 163 0
181.763 280 0
181.839 176 0
181.991 315 0
181.991 193 0
182.067 345 0
182.143 341 0
182.143 213 0
182.22 131 0
182.296 396 0
182.296 740 0
182.372 837 0
182.448 455 0
182.448 38 0
182.524 615 0
182.6 132 0
182.753 108 0
182.753 118 0
182.829 186 0
182.905 61 0
182.905 740 0
182.981 553 0
183.057 774 0
183.209 416 0
183.209 686 0
183.286 777 0
183.362 615 0
183.362 24 0
183.438 28 0
183.514 711 0
183.514 140 0
183.59 299 0
183.666 881 0
183.819 664 0
183.819 521 0
183.895 229 0
183.971 814 0
183.971 737 0
184.047 864 0
184.123 725 0
184.123 548 0
184.199 392 0
184.275 511 0
184.428 337 0
184.428 693 0
184.504 562 0
184.58 420 0
184.58 299 0
184.656 326 0
184.732 745 0
184.732 84 0
184.808 93 0
184.885 459 0
184.885 876 0
184.961 172 0
185.037 472 0
185.113 326 0
185.189 597 0
185.189 737 0
185.189 115 0
185.494 319 0
185.494 642 0
185.798 654 0
185.798 272 0
186.103 547 0
186.103 723 0
186.407 719 0
186.407 886 0
186.712 342 0
186.712 81 0
187.017 7 0
187.017 485 0
187.321 653 0
187.321 35 0
187.626 317 0
187.626 731 0
187.93 328 0
187.93 533 0
188.235 255 0
188.235 788 0
188.539 739 0
188.539 58 0
188.844 493 0
188.844 849 0
189.149 266 0
189.149 88 0
189.453 385 0
189.453 865 0
189.758 484 0
189.758 9 0
190.062 725 0
190.062 847 0
190.062 843 0
190.367 553 0
190.367 433 0
190.671 693 0
190.671 383 0
190.976 398 0
190.976 143 0
191.281 373 0
191.281 467 0
191.585 507 0
191.585 415 0
191.89 235 0
191.89 722 0
192.194 361 0
192.194 239 0
192.499 651 0
192.499 694 0
192.803 13 0
192.803 625 0
193.108 290 0
193.108 608 0
193.413 816 0
193.413 892 0
193.717 282 0
193.717 410 0
194.022 844 0
194.022 366 0
194.326 626 0
194.326 159 0
194.631 243 0
194.631 241 0
194.935 308 0
194.935 340 0
195.012 625 0
195.088 198 0
195.164 506 0
195.24 658 0
195.24 311 0
195.316 560 0
195.392 587 0
195.468 311 0
195.544 751 0
195.544 258 0
195.621 35 0
195.697 636 0
195.773 285 0
195.849 204 0
195.849 479 0
195.925 366 0
196.001 425 0
196.077 112 0
196.154 96 0
196.154 283 0
196.23 204 0
196.306 882 0
196.382 471 0
196.458 511 0
196.458 839 0
196.534 616 0
196.61 264 0
196.687 784 0
196.763 332 0
196.763 382 0
196.839 351 0
196.915 265 0
196.991 3 0
197.067 177 0
197.067 588 0
197.143 667 0
197.22 269 0
197.296 255 0
197.372 565 0
197.372 525 0
197.448 109 0
197.524 268 0
197.6 577 0
197.676 793 0
197.676 490 0
197.753 711 0
197.829 331 0
197.905 135 0
197.981 120 0
197.981 826 0
198.057 181 0
198.133 558 0
198.209 278 0
198.286 186 0
198.286 292 0
198.362 532 0
198.438 627 0
198.514 178 0
198.59 735 0
198.59 62 0
198.666 280 0
198.742 102 0
198.819 703 0
198.895 280 0
198.895 241 0
198.971 307 0
199.047 523 0
199.123 867 0
199.199 31 0
199.199 51 0
199.275 505 0
199.352 717 0
199.428 820 0
199.504 727 0
199.504 165 0
199.58 459 0
199.656 143 0
199.732 828 0
199.808 28 0
199.808 21 0
199.961 485 0
199.961 559 0
200.113 522 0
200.113 403 0
200.265 536 0
200.265 425 0
200.418 115 0
200.418 714 0
200.646 288 0
200.646 100 0
200.874 417 0
200.874 513 0
201.027 559 0
201.027 724 0
201.179 365 0
201.179 48 0
201.331 845 0
201.331 613 0
201.484 10 0
201.484 13 0
201.636 90 0
201.636 116 0
201.864 132 0
201.864 596 0
202.093 192 0
202.093 632 0
202.245 658 0
202.245 399 0
202.397 369 0
202.397 496 0
202.55 76 0
202.55 230 0
202.702 151 0
202.702 14 0
202.854 547 0
202.854 103 0
203.006 312 0
203.006 74 0
203.159 634 0
203.159 759 0
203.311 89 0
203.311 644 0
203.463 671 0
203.463 535 0
203.539 156 0
203.616 388 0
203.692 298 0
203.768 200 0
203.768 789 0
203.844 628 0
203.92 723 0
203.996 531 0
204.072 722 0
204.072 418 0
204.149 185 0
204.225 104 0
204.301 241 0
204.377 347 0
204.377 177 0
204.453 288 0
204.529 631 0
204.605 747 0
204.682 849 0
204.682 420 0
204.682 413 0
204.834 94 0
204.834 533 0
204.834 265 0
205.138 415 0
205.138 352 0
205.138 118 0
205.291 577 0
205.291 567 0
205.291 456 0
205.595 627 0
205.595 49 0
205.595 619 0
205.748 821 0
205.748 750 0
205.748 61 0
206.052 86 0
206.052 420 0
206.052 154 0
206.204 264 0
206.204 576 0
206.204 631 0
206.509 10 0
206.509 562 0
206.509 686 0
206.661 683 0
206.661 820 0
206.661 859 0
206.966 623 0
206.966 704 0
206.966 254 0
207.118 242 0
207.118 220 0
207.118 113 0
207.423 55 0
207.423 210 0
207.423 836 0
207.575 779 0
207.575 678 0
207.575 149 0
207.88 276 0
207.88 335 0
207.88 322 0
208.032 95 0
208.032 103 0
208.032 767 0
208.336 720 0
208.336 793 0
208.336 745 0
208.489 780 0
208.489 344 0
208.489 761 0
208.793 446 0
208.793 895 0
208.793 765 0
208.946 49 0
208.946 344 0
208.946 863 0
209.25 54 0
209.25 808 0
209.25 649 0
209.402 0 0
209.402 614 0
209.402 608 0
209.555 749 0
209.555 215 0
209.555 439 0
209.707 331 0
209.707 309 0
209.707 404 0
210.012 550 0
210.012 11 0
210.012 492 0
210.164 265 0
210.164 709 0
210.164 289 0
210.468 757 0
210.468 736 0
210.468 201 0
210.621 507 0
210.621 36 0
210.621 77 0
210.925 487 0
210.925 805 0
210.925 519 0
211.077 327 0
211.077 851 0
211.077 529 0
211.382 459 0
211.382 492 0
211.382 494 0
211.534 22 0
211.534 344 0
211.534 692 0
211.839 390 0
211.839 143 0
211.839 813 0
211.991 443 0
211.991 193 0
211.991 386 0
212.296 874 0
212.296 574 0
212.296 835 0
212.448 712 0
212.448 530 0
212.448 822 0
212.753 21 0
212.753 525 0
212.753 354 0
212.905 370 0
212.905 879 0
212.905 705 0
213.209 216 0
213.209 850 0
213.209 228 0
213.362 225 0
213.362 592 0
213.362 356 0
213.666 8 0
213.666 190 0
213.666 873 0
213.819 890 0
213.819 737 0
213.819 299 0
214.123 663 0
214.123 763 0
214.123 755 0
214.275 521 0
214.275 218 0
214.275 2 0
214.428 191 0
214.428 1 0
214.428 13 0
214.504 559 0
214.58 216 0
214.58 713 0
214.732 101 0
214.732 275 0
214.885 689 0
214.885 731 0
214.885 150 0
214.961 416 0
215.037 293 0
215.037 72 0
215.189 580 0
215.189 82 0
215.341 451 0
215.341 198 0
215.341 414 0
215.418 549 0
215.494 690 0
215.494 742 0
215.57 55 0
215.646 685 0
215.646 761 0
215.646 396 0
215.798 423 0
215.798 68 0
215.798 695 0
215.874 858 0
215.951 513 0
215.951 633 0
216.103 210 0
216.103 543 0
216.255 574 0
216.255 819 0
216.255 606 0
216.331 510 0
216.407 224 0
216.407 179 0
216.56 320 0
216.56 58 0
216.712 900 0
216.712 827 0
216.712 543 0
216.788 92 0
216.864 374 0
216.864 383 0
216.94 412 0
217.017 270 0
217.017 354 0
217.169 721 0
217.169 358 0
217.169 105 0
217.245 736 0
217.321 636 0
217.321 182 0
217.473 207 0
217.473 288 0
217.626 698 0
217.626 842 0
217.626 464 0
217.702 96 0
217.778 620 0
217.778 199 0
217.93 497 0
217.93 146 0
218.083 631 0
218.083 602 0
218.083 447 0
218.159 558 0
218.235 565 0
218.235 205 0
218.311 879 0
218.387 885 0
218.387 603 0
218.539 468 0
218.539 407 0
218.539 270 0
218.616 23 0
218.692 13 0
218.692 52 0
218.768 376 0
218.844 545 0
218.92 445 0
218.996 609 0
218.996 516 0
218.996 706 0
219.072 155 0
219.149 382 0
219.149 748 0
219.225 339 0
219.301 447 0
219.301 846 0
219.301 439 0
219.377 159 0
219.453 801 0
219.453 53 0
219.453 243 0
219.605 835 0
219.605 495 0
219.758 310 0
219.758 41 0
219.758 626 0
219.834 29 0
219.91 46 0
219.91 27 0
219.91 195 0
220.062 11 0
220.062 743 0
220.215 522 0
220.215 674 0
220.215 193 0
220.291 69 0
220.367 43 0
220.367 109 0
220.367 808 0
220.519 19 0
220.519 726 0
220.671 134 0
220.671 353 0
220.671 288 0
220.748 682 0
220.824 446 0
220.824 39 0
220.824 591 0
220.976 874 0
220.976 337 0
221.128 441 0
221.128 226 0
221.128 714 0
221.204 228 0
221.281 707 0
221.281 852 0
221.281 186 0
221.433 547 0
221.433 636 0
221.585 51 0
221.585 265 0
221.585 254 0
221.737 452 0
221.737 150 0
221.737 714 0
221.737 570 0
221.89 890 0
221.89 851 0
221.89 59 0
222.042 865 0
222.042 735 0
222.042 858 0
222.194 893 0
222.194 642 0
222.194 19 0
222.347 263 0
222.347 318 0
222.347 540 0
222.347 114 0
222.499 247 0
222.499 562 0
222.499 6 0
222.651 119 0
222.651 84 0
222.651 209 0
222.803 367 0
222.803 6 0
222.803 624 0
222.956 313 0
222.956 702 0
222.956 161 0
222.956 209 0
223.108 504 0
223.159 184 0
223.184 82 0
223.26 280 0
223.26 896 0
223.26 552 0
223.413 70 0
223.413 751 0
223.489 583 0
223.565 355 0
223.565 355 0
223.565 665 0
223.666 291 0
223.768 31 0
223.768 479 0
223.869 711 0.229
223.869 121 0
223.869 856 0
224.022 710 0
224.098 339 0
224.174 71 0
224.174 857 0
224.174 91 1.218
224.631 650 0
224.631 6 0
225.088 272 0
225.088 653 0
225.392 847 0
225.392 253 0
225.392 357 1.218
225.849 594 0
225.849 62 0
226.306 468 0
226.306 480 0
226.61 66 0
226.61 529 0
226.61 500 1.219
227.067 313 0
227.067 593 0
227.524 181 0
227.524 15 0
227.829 289 0
227.829 617 0
227.829 35 1.218
228.286 528 0
228.286 754 0
228.742 787 0
228.742 556 0
229.047 439 0
229.047 78 0
229.047 445 1.218
229.504 295 0
229.504 212 0
229.961 74 0
229.961 117 0
230.265 814 0
230.265 809 0
230.265 180 1.219
230.722 640 0
230.722 889 0
231.179 42 0
231.179 193 0
231.484 673 0
231.484 140 0
231.484 119 0
231.712 471 0
231.712 464 0
231.712 679 0
231.94 258 0
231.94 247 0
231.94 263 0
232.093 594 0
232.093 718 0
232.169 832 0
232.169 667 0
232.245 369 0
232.321 106 0
232.321 345 0
232.397 468 0
232.397 833 0
232.55 294 0
232.588 129 0
232.626 791 0
232.664 753 0
232.702 876 0
232.702 303 0
232.93 319 0
232.93 843 0
232.93 780 0
233.159 672 0
233.159 649 0
233.159 43 0
233.311 589 0
233.311 691 0
233.387 10 0
233.387 894 0
233.539 564 0
233.539 144 0
233.616 891 0
233.666 188 0
233.717 568 0
233.768 578 0
233.806 658 0
233.844 803 0
233.882 642 0
233.92 726 0.305
233.92 513 0
234.225 743 0
234.225 394 0
234.301 842 0
234.377 697 0
234.453 40 0
234.529 420 0
234.529 707 0
234.605 416 0
234.682 797 0
234.682 312 0
234.758 58 0
234.834 750 0
234.834 253 0
234.91 571 0
234.986 178 0
235.062 675 0
235.138 380 0
235.138 764 0
235.215 838 0
235.291 189 0
235.367 623 0
235.443 32 0
235.443 73 0
235.519 580 0
235.595 13 0
235.671 317 0
235.748 710 0
235.748 176 0
235.824 699 0
235.9 532 0
235.9 21 0
235.976 2 0
236.052 584 0
236.052 283 0
236.128 288 0
236.204 210 0
236.281 539 0
236.357 736 0
236.357 648 0
236.433 707 0
236.509 617 0
236.585 859 0
236.661 566 0
236.661 856 0
236.737 688 0
236.814 259 0
236.89 240 0
236.966 186 0
236.966 84 0
237.042 896 0
237.118 210 0
237.118 262 0
237.194 259 0
237.27 783 0
237.27 197 0
237.347 773 0
237.423 819 0
237.499 566 0
237.575 87 0
237.575 46 0
237.651 577 0
237.727 326 0
237.803 171 0
237.88 824 0
237.88 192 0
237.956 855 0
238.032 699 0
238.108 784 0
238.184 653 0
238.184 879 0
238.26 526 0
238.336 424 0
238.336 509 0
238.413 726 0
238.489 855 0
238.489 867 0
238.565 290 0
238.641 472 0
238.717 504 0
238.793 16 0
238.793 199 0
238.869 75 0
238.946 175 0
239.022 23 0
239.098 52 0
239.098 24 0
239.174 15 0
239.25 789 0
239.326 562 0
239.402 7 0
239.402 573 0
239.479 691 0
239.555 692 0
239.555 756 0
239.631 200 0
239.707 596 0
239.707 439 0
239.783 415 0
239.859 319 0
239.935 35 0
240.012 584 0
240.012 636 0
240.088 533 0
240.164 544 0
240.24 405 0
240.316 678 0
240.316 839 0
240.392 214 0
240.468 122 0
240.544 842 0
240.621 382 0
240.621 584 0
240.697 500 0
240.773 467 0
240.773 340 0
240.849 27 0
240.925 743 0
240.925 152 0
241.001 654 0
241.077 542 0
241.154 270 0
241.23 747 0
241.23 438 0
241.306 100 0
241.382 7 0
241.458 208 0
241.534 415 0
241.534 190 0
241.61 523 0
241.687 342 0
241.763 621 0
241.839 598 0
241.839 511 0
241.915 473 0
241.991 55 0
242.067 397 0
242.067 25 0
242.143 486 0
242.143 653 0
242.22 247 0
242.296 847 0
242.296 88 0
242.372 868 0
242.448 23 0
242.448 783 0
242.524 176 0
242.6 551 0
242.6 772 0
242.676 376 0
242.676 845 0
242.753 890 0
242.829 374 0
242.905 39 0
242.905 108 0
242.981 313 0
243.057 208 0
243.057 41 0
243.133 819 0
243.133 545 0
243.209 74 0
243.209 715 0
243.286 487 0
243.362 68 0
243.362 100 0
243.438 429 0
243.438 643 0
243.514 283 0
243.59 138 0
243.59 654 0
243.666 375 0
243.666 461 0
243.742 135 0
243.819 668 0
243.895 176 0
243.971 783 0
243.971 602 0
244.047 763 0
244.123 221 0
244.199 160 0
244.275 128 0
244.275 39 0
244.352 378 0
244.428 715 0
244.428 97 0
244.504 10 0
244.58 735 0
244.58 623 0
244.656 454 0
244.732 238 0
244.808 668 0
244.885 4 0
244.885 77 0
244.961 408 0
245.037 487 0
245.113 510 0
245.189 648 0
245.189 870 0
245.265 863 0
245.341 538 0
245.418 547 0
245.494 539 0
245.494 708 0
245.57 526 0
245.646 474 0
245.646 279 0
245.722 379 0
245.798 201 0
245.798 359 0
245.874 40 0
245.951 383 0
246.027 320 0
246.103 637 0
246.103 701 0
246.179 390 0
246.255 35 0
246.331 107 0
246.407 616 0
246.407 352 0
246.484 439 0
246.56 62 0
246.636 361 0
246.712 707 0
246.712 51 0
246.788 654 0
246.864 143 0
246.864 410 0
246.94 817 0
247.017 699 0
247.017 493 0
247.093 0 0
247.169 785 0
247.245 728 0
247.321 519 0
247.321 191 0
247.397 58 0
247.473 750 0
247.55 405 0
247.626 374 0
247.626 571 0
247.702 647 0
247.778 108 0
247.854 415 0
247.93 351 0
247.93 150 0
248.006 353 0
248.083 522 0
248.083 234 0
248.159 620 0
248.235 544 0
248.235 82 0
248.311 400 0
248.387 611 0
248.463 268 0
248.539 145 0
248.539 578 0
248.616 585 0
248.692 305 0
248.768 637 0
248.844 878 0
248.844 248 0
248.92 111 0
248.996 385 0
249.072 465 0
249.149 409 0
249.149 168 0
249.225 264 0
249.301 651 0
249.301 772 0
249.377 511 0
249.453 844 0
249.453 520 0
249.529 51 0
249.605 596 0
249.682 563 0
249.758 145 0
249.758 433 0
249.834 84 0
249.91 493 0
249.986 265 0
250.062 314 0
250.062 209 0
250.138 228 0
250.215 119 0
250.291 403 0
250.367 173 0
250.367 390 0
250.443 41 0
250.519 724 0
250.519 160 0
250.595 857 0
250.671 178 0
250.671 269 0
250.748 484 0
250.824 778 0
250.9 102 0
250.976 617 0
250.976 770 0
251.052 619 0
251.128 253 0
251.204 792 0
251.281 752 0
251.281 379 0
251.357 531 0
251.433 217 0
251.509 76 0
251.585 161 0
251.585 477 0
251.661 654 0
251.737 840 0
251.737 783 0
251.814 700 0
251.89 148 0
251.89 642 0
251.966 354 0
252.042 40 0
252.118 480 0
252.194 6 0
252.194 120 0
252.27 66 0
252.347 506 0
252.423 599 0
252.499 448 0
252.499 299 0
252.575 63 0
252.651 824 0
252.727 674 0
252.803 296 0
252.803 695 0
252.88 697 0
252.956 680 0
252.956 885 0
253.032 365 0
253.108 649 0
253.108 51 0
253.184 333 0
253.26 519 0
253.336 857 0
253.413 32 0
253.413 87 0
253.489 515 0
253.565 646 0
253.641 149 0
253.717 20 0
253.717 421 0
253.793 893 0
253.869 446 0
253.946 140 0
254.022 393 0
254.022 860 0
254.098 267 0
254.174 212 0
254.174 431 0
254.25 574 0
254.326 10 0
254.326 523 0
254.402 644 0
254.479 682 0
254.555 399 0
254.631 706 0
254.631 483 0
254.707 898 0
254.783 585 0
254.859 819 0
254.935 842 0
254.935 131 0
255.012 894 0
255.088 675 0
255.164 632 0
255.24 39 0
255.24 833 0
255.316 1 0
255.392 559 0
255.392 277 0
255.468 39 0
255.544 37 0
255.544 455 0
255.621 245 0
255.697 357 0
255.773 276 0
255.849 798 0
255.849 804 0
255.925 842 0
256.001 338 0
256.077 777 0
256.154 583 0
256.154 135 0
256.23 515 0
256.306 861 0
256.382 677 0
256.458 595 0
256.458 282 0
256.534 421 0
256.61 747 0
256.61 817 0
256.687 6 0
256.763 261 0
256.763 690 0
256.839 134 0
256.915 4 0
256.991 758 0
257.067 435 0
257.067 601 0
257.143 514 0
257.22 869 0
257.296 659 0
257.372 193 0
257.372 721 0
257.448 148 0
257.524 651 0
257.6 825 0
257.676 365 0
257.676 182 0
257.753 374 0
257.829 846 0
257.829 29 0
257.905 40 0
257.905 589 0
257.981 615 0
257.981 250 0
258.057 659 0
258.133 116 0
258.133 337 0
258.209 553 0
258.286 62 0
258.286 885 0
258.362 688 0
258.438 35 0
258.514 265 0
258.59 251 0
258.59 634 0
258.666 575 0
258.742 160 0
258.819 534 0
258.895 766 0
258.895 637 0
258.971 591 0
259.047 474 0
259.123 393 0
259.199 790 0
259.199 458 0
259.275 885 0
259.352 441 0
259.428 368 0
259.504 78 0
259.504 598 0
259.58 897 0
259.656 296 0
259.732 385 0
259.808 134 0
259.808 680 0
259.885 683 0
259.961 407 0
260.037 765 0
260.113 225 0
260.113 312 0
260.189 195 0
260.265 233 0
260.341 507 0
260.418 536 0
260.418 142 0
260.494 142 0
260.57 239 0
260.646 550 0
260.722 848 0
260.722 429 0
260.722 839 0
260.874 590 0
260.874 874 0
260.874 193 0
261.027 472 0
261.027 667 0
261.027 697 0
261.179 222 0
261.179 0 0
261.331 561 0
261.331 754 0
261.331 42 0
261.484 507 0
261.484 47 0
261.484 741 0
261.636 498 0
261.636 635 0
261.636 186 0
261.788 411 0
261.788 715 0
261.94 99 0
261.94 263 0
262.017 865 0
262.017 767 0
262.093 626 0
262.093 33 0
262.169 762 0
262.169 719 0
262.245 490 0
262.245 750 0
262.321 269 0
262.321 863 0
262.397 476 0
262.397 393 0
262.473 890 0
262.473 189 0
262.55 580 0
262.55 771 0
262.626 384 0
262.626 645 0
262.702 844 0
262.702 189 0
262.778 366 0
262.778 683 0
262.854 574 0
262.854 514 0
262.93 876 0
262.93 498 0
263.006 544 0
263.006 687 0
263.083 300 0
263.159 319 0.304
263.159 392 0
263.159 126 0
263.463 589 0.076
263.463 772 0.076
263.539 111 0.077
263.616 524 0.076
263.692 104 0.076
263.768 751 0
263.768 825 0
263.819 104 0
263.869 436 0
263.92 346 0
263.996 102 0
263.996 641 0
264.072 201 0.077
264.149 326 0.076
264.225 341 0.076
264.301 244 0.076
264.377 715 0.533
264.377 882 0
264.377 294 0
264.529 449 0.229
264.682 809 0.228
264.834 849 0.152
264.986 0 0
265.062 380 0
265.138 666 0
265.215 526 0
265.291 29 0
265.367 473 0
265.443 361 0
265.519 462 0
265.595 669 0
265.595 10 0
265.595 859 0.153
265.824 323 0
265.874 204 0
265.925 622 0.102
266.052 538 0
266.052 618 0
266.052 640 0.152
266.509 16 0.076
266.509 715 0.076
266.585 799 0.076
266.661 128 0.076
266.737 329 0.077
266.814 565 0.228
266.814 75 0
266.814 167 0
266.966 825 0.228
267.118 788 0.305
267.27 789 0.077
267.423 38 0
267.524 635 0
267.626 586 0
267.727 864 0
267.727 571 0.305
268.032 4 0
268.032 757 0
268.108 748 0
268.184 276 0
268.26 185 0
268.336 91 0
268.336 739 0
268.413 100 0
268.489 102 0
268.565 749 0
268.641 52 0
268.641 127 0
268.717 639 0
268.793 478 0
268.793 193 0
268.869 454 0
268.946 740 0
268.946 668 0
269.022 750 0
269.098 583 0
269.174 390 0
269.25 543 0
269.25 243 0
269.326 768 0
269.402 478 0
269.479 836 0
269.555 460 0
269.555 831 0
269.631 489 0
269.707 652 0
269.783 869 0
269.859 518 0
269.859 267 0
269.935 816 0
270.012 589 0
270.012 701 0
270.088 672 0
270.164 362 0
270.164 255 0
270.24 8 0
270.316 9 0
270.392 332 0
270.468 98 0
270.468 47 0
270.544 502 0
270.621 505 0
270.697 813 0
270.773 263 0
270.773 406 0
270.849 80 0
270.925 784 0
271.001 359 0
271.077 419 0
271.077 660 0
271.154 275 0
271.23 384 0
271.23 765 0
271.306 72 0
271.382 435 0
271.382 219 0
271.458 450 0
271.534 750 0
271.61 175 0
271.687 291 0
271.687 833 0
271.763 443 0
271.839 577 0
271.915 7 0
271.991 173 0
271.991 647 0
272.067 591 0
272.143 448 0
272.22 126 0
272.296 616 0
272.296 780 0
272.372 250 0
272.448 229 0
272.448 406 0
272.524 516 0
272.6 882 0
272.6 201 0
272.676 776 0
272.753 64 0
272.753 191 0
272.829 178 0
272.905 303 0
272.905 851 0
272.981 45 0
273.057 547 0
273.133 385 0
273.209 712 0
273.209 519 0
273.286 821 0
273.362 703 0
273.438 102 0
273.514 897 0
273.514 170 0
273.59 37 0
273.666 299 0
273.742 52 0
273.819 582 0
273.819 779 0
273.895 61 0
273.971 61 0
274.047 854 0
274.123 450 0
274.123 817 0
274.199 652 0
274.275 406 0
274.352 898 0
274.428 482 0
274.428 59 0
274.504 460 0
274.58 47 0
274.656 25 0
274.732 33 0
274.732 337 0
274.808 96 0
274.885 414 0
274.885 334 0
274.961 213 0
275.037 700 0
275.037 610 0
275.113 356 0
275.189 527 0
275.265 249 0
275.341 643 0
275.341 61 0
275.418 600 0
275.494 796 0
275.57 237 0
275.646 840 0
275.646 691 0
275.722 762 0
275.798 272 0
275.874 94 0
275.951 194 0
275.951 167 0
276.027 618 0
276.103 177 0
276.103 766 0
276.179 847 0
276.255 289 0
276.255 694 0
276.331 340 0
276.407 618 0
276.407 44 0
276.484 550 0
276.56 702 0
276.56 583 0
276.636 786 0
276.712 570 0
276.788 547 0
276.864 419 0
276.864 331 0
276.94 767 0
277.017 711 0
277.093 131 0
277.169 281 0
277.169 552 0
277.245 580 0
277.321 620 0
277.321 833 0
277.397 183 0
277.397 288 0
277.473 712 0
277.473 527 0
277.55 410 0
277.626 706 0
277.626 129 0
277.702 686 0
277.778 5 0
277.778 365 0
277.854 145 0
277.93 129 0
277.93 759 0
278.006 308 0
278.083 145 0
278.083 580 0
278.159 714 0
278.235 448 0
278.235 471 0
278.311 155 0
278.387 736 0
278.387 442 0
278.463 260 0
278.463 116 0
278.539 716 0
278.539 588 0
278.616 517 0
278.616 494 0
278.692 868 0
278.692 321 0
278.768 9 0
278.844 579 0
278.844 78 0
278.92 82 0
278.996 776 0
278.996 318 0
279.072 595 0
279.149 184 0
279.149 425 0
279.225 790 0
279.301 278 0
279.301 869 0
279.377 542 0
279.453 626 0
279.453 368 0
279.529 770 0
279.605 535 0
279.605 486 0
279.682 333 0
279.682 213 0
279.758 530 0
279.758 786 0
279.834 522 0
279.834 347 0
279.91 561 0
279.91 330 0
279.986 560 0
280.062 479 0
280.062 562 0
280.138 764 0
280.215 804 0
280.215 310 0
280.215 690 0
280.367 346 0
280.367 439 0
280.367 680 0
280.519 349 0
280.519 340 0
280.519 285 0
280.671 888 0
280.671 652 0
280.671 528 0
280.824 790 0
280.824 645 0
280.824 805 0
280.976 230 0
280.976 329 0
280.976 507 0
281.128 519 0
281.128 135 0
281.128 877 0
281.281 887 0
281.281 308 0
281.281 123 0
281.433 589 0
281.433 518 0
281.509 162 0
281.509 266 0
281.585 684 0
281.585 853 0
281.661 466 0
281.661 540 0
281.737 120 0
281.737 754 0
281.814 513 0
281.814 432 0
281.89 758 0
281.89 135 0
281.966 280 0
281.966 169 0
282.042 6 0
282.042 703 0
282.118 736 0
282.118 251 0
282.194 678 0
282.232 102 0
282.27 876 0
282.308 735 0
282.347 874 0
282.347 241 0
282.423 380 0
282.461 407 0
282.499 825 0
282.537 711 0
282.59 488 0
282.651 449 0
282.651 539 0
282.727 417 0
282.803 63 0
282.88 848 0
282.956 206 0
282.956 298 0
283.032 721 0
283.108 289 0
283.184 822 0
283.26 295 0
283.26 758 0
283.311 800 0
283.362 598 0
283.413 792 0
283.463 596 0
283.514 697 0
283.565 557 0
283.565 692 0
283.641 226 0
283.717 347 0
283.793 491 0
283.869 595 0
283.869 817 0
283.946 444 0
284.022 236 0
284.022 24 0
284.098 190 0
284.174 632 0
284.174 98 0
284.25 328 0
284.326 179 0
284.326 764 0
284.402 312 0
284.479 165 0
284.479 720 0
284.529 667 0
284.58 530 0
284.631 763 0
284.631 96 0
284.682 288 0
284.732 69 0
284.783 809 0
284.783 742 0
284.859 791 0
284.935 881 0
284.935 37 0
285.012 884 0
285.088 686 0
285.088 697 0
285.164 467 0
285.24 874 0
285.316 667 0
285.392 883 0
285.392 678 0
285.468 138 0
285.544 371 0
285.544 823 0
285.621 851 0
285.697 691 0
285.697 891 0
285.748 626 0
285.798 197 0
285.849 288 0
285.9 787 0
285.951 717 0
286.001 776 0
286.001 399 0
286.077 181 0
286.154 171 0
286.23 464 0
286.306 809 0
286.306 205 0
286.382 310 0
286.458 721 0
286.458 18 0
286.534 379 0
286.61 405 0
286.61 117 0
286.687 38 0
286.763 810 0
286.839 110 0
286.915 877 0
286.915 392 0
286.966 102 0
287.017 69 0
287.067 145 0
287.118 30 0
287.169 894 0
287.22 577 0
287.22 190 0
287.296 574 0
287.372 446 0
287.372 552 0
287.448 447 0
287.524 812 0
287.524 351 0
287.6 123 0
287.676 630 0
287.753 825 0
287.829 703 0
287.829 348 0
287.905 677 0
287.981 406 0
288.057 250 0
288.133 809 0
288.133 611 0
288.184 588 0
288.235 48 0
288.286 488 0
288.336 272 0
288.387 368 0
288.438 803 0
288.438 237 0
288.514 109 0
288.59 616 0
288.666 263 0
288.742 330 0
288.742 104 0
288.819 796 0
288.895 81 0
288.895 150 0
288.971 711 0
289.047 537 0
289.047 524 0
289.123 62 0
289.199 181 0
289.199 553 0
289.275 278 0
289.352 589 0
289.352 544 0
289.402 862 0
289.453 803 0
289.504 683 0
289.504 125 0
289.555 726 0
289.605 599 0
289.656 740 0
289.656 242 0
289.732 570 0
289.808 654 0
289.885 257 0
289.961 349 0
289.961 121 0
290.037 725 0
290.113 68 0
290.189 479 0
290.265 899 0
290.265 756 0
290.316 847 0
290.367 339 0
290.367 376 0
290.418 646 0
290.494 376 0
290.57 374 0
290.57 94 0
290.646 86 0
290.722 354 0
290.798 188 0
290.874 573 0
290.874 879 0
290.925 870 0
290.976 623 0
290.976 519 0
291.027 219 0
291.103 279 0
291.179 856 0
291.179 692 0
291.255 192 0
291.331 276 0
291.407 758 0
291.484 793 0
291.484 749 0
291.534 682 0
291.585 135 0
291.585 515 0
291.636 594 0
291.712 111 0
291.788 534 0
291.788 476 0
292.017 856 0
292.017 476 0
292.093 485 0
292.093 606 0
292.245 205 0
292.245 24 0
292.397 0 0
292.397 412 0
292.473 769 0
292.55 474 0
292.626 475 0
292.702 869 0
292.702 218 0
292.778 616 0
292.854 223 0
292.93 206 0
293.006 202 0
293.006 322 0
293.057 18 0
293.108 423 0
293.159 373 0
293.209 804 0
293.26 607 0
293.311 415 0
293.311 13 0
293.387 634 0
293.463 620 0
293.539 711 0
293.616 787 0
293.616 68 0
293.692 690 0
293.768 354 0
293.768 851 0
293.844 557 0
293.92 720 0
293.92 776 0
293.996 756 0
294.072 825 0
294.072 224 0
294.149 233 0
294.225 368 0
294.225 591 0
294.275 706 0
294.326 322 0
294.377 181 0
294.377 425 0
294.428 285 0
294.479 827 0
294.529 222 0
294.529 344 0
294.605 680 0
294.682 361 0
294.682 619 0
294.758 479 0
294.834 337 0
294.834 336 0
294.91 266 0
294.986 510 0
295.062 898 0
295.138 243 0
295.138 35 0
295.215 179 0
295.291 27 0
295.291 157 0
295.367 775 0
295.443 593 0
295.443 595 0
295.494 894 0
295.544 225 0
295.595 457 0
295.646 737 0
295.697 319 0
295.748 470 0
295.748 840 0
295.824 433 0
295.9 294 0
295.976 694 0
296.052 636 0
296.052 567 0
296.128 873 0
296.204 264 0
296.204 55 0
296.281 269 0
296.357 2 0
296.357 161 0
296.433 568 0
296.509 357 0
296.585 140 0
296.661 13 0
296.661 593 0
296.712 193 0
296.763 794 0
296.814 522 0
296.864 540 0
296.915 864 0
296.966 31 0
296.966 762 0
297.042 300 0
297.118 754 0
297.118 252 0
297.194 485 0
297.27 221 0
297.27 579 0
297.27 733 0
297.347 511 0
297.423 362 0
297.423 181 0
297.499 716 0
297.575 468 0
297.575 472 0
297.651 300 0
297.727 230 0
297.727 141 0
297.803 792 0
297.88 539 0
297.88 578 0
297.956 612 0
298.032 63 0
298.032 37 0
298.108 9 0
298.184 76 0
298.184 868 0
298.26 99 0
298.336 677 0
298.336 12 0
298.413 3 0
298.489 27 0
298.489 747 0
298.489 833 0
298.565 868 0
298.641 733 0
298.641 577 0
298.717 316 0
298.793 480 0
298.793 876 0
298.869 879 0
298.946 64 0
298.946 618 0
299.022 823 0
299.098 158 0
299.098 802 0
299.174 291 0
299.25 631 0
299.25 538 0
299.326 192 0
299.402 324 0
299.402 764 0
299.479 12 0
299.555 815 0
299.555 673 0
299.631 345 0
299.707 481 0
299.707 262 0
299.707 616 0
299.783 896 0
299.859 179 0
299.859 21 0
299.935 532 0
299.935 634 0
300.012 770 0
300.012 140 0
300.088 67 0
300.088 50 0
300.164 385 0
300.164 87 0
300.24 61 0
300.316 798 0
300.316 419 0
300.392 117 0
300.392 666 0
300.468 149 0
300.468 463 0
300.544 35 0
300.544 28 0
300.621 838 0
300.621 874 0
300.697 14 0
300.697 318 0
300.773 447 0
300.773 47 0
300.849 831 0
300.925 336 0
300.925 521 0
301.001 13 0
301.001 774 0
301.077 102 0
301.077 721 0
301.154 628 0
301.154 380 0
301.23 380 0
301.23 64 0
301.306 875 0
301.306 625 0
301.382 84 0
301.382 544 0
301.458 84 0
301.534 60 0
301.534 5 0
301.534 609 0
301.636 97 0
301.737 391 0
301.839 215 0.304
301.839 367 0
302.143 100 0
302.143 730 0.914
302.143 121 0
302.448 244 0
302.753 181 0
302.905 749 0
303.159 114 0
303.26 645 0
303.362 183 0.913
303.362 320 0
303.666 499 0
303.666 771 0
303.819 287 0.076
304.123 780 0
304.123 704 0
304.275 426 0.305
304.275 755 0.305
304.58 696 0.914
304.885 593 0
305.037 699 0.076
305.341 663 0
305.646 370 0.152
305.798 759 0
305.798 750 0.914
306.103 859 0
306.255 558 0.076
306.56 707 0
306.56 386 0
306.712 764 0.152
306.712 745 0.152
306.864 183 0.153
306.864 805 0.153
307.017 171 0
307.017 826 0.913
307.321 247 0
307.473 304 0.077
307.626 396 0
307.702 369 0
307.778 377 0
307.854 199 0
307.93 388 0
308.032 296 0
308.133 775 0
308.235 441 0.914
308.235 290 0
308.539 564 0.153
308.539 536 0.153
308.692 615 0.076
308.996 838 0.153
308.996 180 0.153
309.149 325 0
309.301 153 0.152
309.301 7 0.152
309.453 845 0.609
309.453 676 0
309.758 208 0
309.91 757 0.076
310.062 335 0.102
310.265 174 0.102
310.519 669 0.152
310.519 458 0
310.671 388 0.914
310.671 762 0
310.976 267 0
311.052 647 0
311.128 164 0
311.204 509 0
311.281 306 0.304
311.585 91 0
311.737 353 0
311.89 755 0.913
311.89 666 0
312.194 621 0
312.347 653 0.076
312.499 899 0
312.651 797 0
312.803 877 0.077
312.956 539 0
313.108 387 0.914
313.108 43 0
313.413 801 0.152
313.413 17 0.152
313.565 304 0.076
313.869 659 0.153
313.869 24 0.153
314.022 680 0
314.098 549 0
314.174 38 0
314.25 596 0
314.326 559 0.914
314.326 579 0
314.631 502 0.152
314.631 289 0.152
314.783 179 0.076
315.088 589 0.152
315.088 749 0.152
315.24 322 0.076
315.392 802 0
315.544 420 0
315.544 718 0.914
315.849 509 0
315.925 729 0
316.001 81 0
316.077 431 0
316.154 860 0.152
316.154 187 0.152
316.306 597 0.152
316.458 13 0
316.61 429 0
316.763 725 0.913
316.763 171 0
317.067 515 0
317.22 280 0.076
317.372 28 0
317.524 449 0
317.676 531 0.077
317.829 423 0
317.905 837 0
317.981 369 0.914
317.981 100 0
318.286 572 0
318.286 140 0
318.438 402 0.076
318.742 795 0
318.742 20 0
318.895 159 0.304
318.895 223 0.304
319.199 806 0
319.199 294 0.914
319.504 458 0.152
319.656 208 0.076
319.808 383 0
319.961 340 0
320.113 230 0.305
320.113 106 0.305
320.418 17 0
320.57 559 0
320.57 422 0.304
320.874 619 0
320.951 847 0
321.027 849 0.304
321.027 316 0.304
321.331 528 0.153
321.331 678 0.153
321.484 633 0.152
321.484 473 0.152
321.636 890 0.914
321.636 577 0
321.94 712 0
322.245 523 0
322.397 873 0
322.651 339 0
322.753 898 0
322.854 165 0
322.854 143 0.914
323.159 103 0
323.159 811 0
323.616 891 0
323.616 206 0
323.768 811 0.304
323.768 23 0.304
324.072 427 0
324.072 880 0.914
324.377 622 0
324.834 646 0
325.138 395 0.153
325.291 18 0
325.291 658 0.913
325.595 46 0
326.052 660 0
326.052 17 0
326.204 309 0.153
326.204 838 0.153
326.357 233 0.152
326.357 846 0.152
326.509 239 0.914
326.509 380 0
326.814 827 0
327.118 229 0
327.194 223 0
327.27 141 0
327.347 840 0
327.423 884 0
327.524 744 0
327.626 699 0
327.727 572 0.914
327.727 875 0
328.032 279 0.152
328.032 442 0.152
328.184 383 0
328.489 360 0.152
328.489 380 0.152
328.641 306 0
328.793 888 0.153
328.793 301 0.153
328.946 484 1.066
328.946 805 0
329.25 522 0
329.555 289 0.101
329.707 579 0
329.758 685 0.101
330.012 723 0
330.164 724 1.218
330.164 609 0
330.468 732 0
330.544 211 0
330.621 141 0
330.697 757 0
330.773 228 0
330.925 82 0
331.077 573 0
331.23 515 0
331.382 358 1.218
331.382 792 0
331.687 450 0
331.991 728 0
332.143 95 0
332.448 685 0
332.6 723 0.914
332.6 427 0
332.905 128 0.152
332.905 647 0.152
333.362 164 0.152
333.362 135 0.152
333.514 614 0
333.59 51 0
333.666 582 0
333.742 154 0
333.819 95 0.913
333.819 563 0
334.123 802 0.152
334.58 382 0.152
334.885 531 0
335.037 736 1.218
335.037 381 0
335.341 559 0
335.646 786 0.152
335.798 253 0
335.951 744 0
336.103 335 0
336.255 722 0
336.255 809 1.218
336.56 91 0
336.864 511 0
337.017 354 0
337.321 534 0
337.473 758 0.914
337.473 546 0
337.778 551 0
337.778 446 0
338.235 647 0
338.235 356 0
338.539 801 0
338.539 452 0
338.692 719 0
338.692 155 1.218
338.996 260 0
339.453 798 0
339.605 247 0
339.758 284 0
339.91 620 0.914
339.91 208 0
340.062 243 0
340.215 761 0
340.519 612 0
340.671 596 0
340.824 763 0.152
340.976 751 0
341.128 516 0
341.128 834 0
341.433 262 0
341.737 648 0
341.89 779 0
342.194 655 0
342.347 174 0
342.347 484 0
342.651 332 0
342.651 247 0
343.108 895 0
343.108 685 0
343.413 333 0
343.565 734 0
343.565 783 0
343.869 265 0
344.326 623 0
344.631 798 0
344.783 694 0
344.783 2 0
345.088 152 0
345.544 447 0
345.544 463 0
345.697 355 0
345.849 346 0
346.001 304 0
346.001 479 0
346.306 189 0
346.61 748 0
346.763 703 0
347.067 444 0
347.22 455 0
347.22 355 0
347.524 600 0
347.524 590 0
347.981 107 0
347.981 741 0
348.286 69 0
348.438 105 0
348.438 15 0
348.742 8 0
349.199 219 0
349.199 506 0
349.504 377 0
349.656 187 0
349.656 520 0
349.961 582 0
350.418 777 0
350.418 169 0
350.57 762 0
350.722 392 0
350.874 653 0
350.874 252 0
351.179 249 0
351.484 570 0
351.636 204 0
351.94 656 0
352.093 681 0
352.093 694 0
352.397 593 0
352.397 486 0
352.854 105 0
352.854 597 0
353.159 484 0
353.311 1 0
353.311 661 0
353.616 97 0
353.616 189 0
354.072 164 0
354.072 459 0
354.377 558 0
354.377 577 0
354.529 845 0
354.529 267 0
354.834 691 0
354.834 51 0
355.291 515 0
355.291 60 0
355.443 465 0
355.595 397 0
355.748 783 0
355.748 847 0
356.052 256 0
356.357 446 0
356.509 453 0
356.814 157 0
356.966 672 0
356.966 772 0
357.27 335 0
357.27 190 0
357.727 647 0
357.727 506 0
358.032 756 0
358.032 634 0
358.184 891 0
358.184 325 0
358.489 243 0
358.946 820 0
359.098 327 0
359.25 127 0
359.555 126 0
359.707 570 0
360.012 861 0
360.164 50 0
360.468 27 0
360.621 541 0
360.671 762 0
360.722 752 0
361.61 895 0
362.22 433 0
362.753 439 0
363.438 155 0
364.199 96 0
364.961 87 0
365.646 636 0
366.712 604 2.437
