1.245 716 0
1.245 173 0
1.245 612 0.15
1.395 489 0
1.545 869 0
1.545 302 0
1.695 799 0.15
1.995 176 0
2.145 895 0
2.145 827 0.15
2.445 256 0
2.445 208 0.15
2.595 631 0
2.745 271 0
2.745 855 0
2.895 400 0.15
3.195 715 0
3.345 228 0
3.345 34 0.15
3.645 653 0
3.645 776 0.15
3.795 190 0
3.945 880 0.15
3.945 510 0
4.245 741 0.15
4.395 809 0
4.545 219 0.15
4.545 458 0
4.845 168 0.15
4.845 859 0
4.995 646 0
5.145 543 0
5.145 779 0
5.295 766 0.15
5.595 406 0
5.745 32 0
5.745 311 0.15
6.045 866 0
6.045 711 0.15
6.195 456 0
6.345 636 0
6.345 231 0
6.495 714 0.15
6.795 526 0
6.945 598 0
6.945 797 0.15
7.245 433 0
7.245 815 0.15
7.395 636 0
7.545 153 0
7.545 169 0
7.695 582 0.15
7.995 555 0
8.145 808 0
8.145 131 0.15
8.445 93 0.15
8.445 191 0
8.445 827 0
8.595 892 0
8.745 309 0
8.745 818 0
9.045 326 0
9.045 378 0
9.045 692 0
9.195 520 0
9.345 246 0
9.345 398 0.15
9.645 876 0
9.645 156 0
9.645 70 0.15
9.945 815 0
9.945 866 0
9.945 868 0
10.095 735 0.15
10.245 822 0
10.245 819 0
10.245 281 0
10.395 697 0
10.395 447 0
10.545 200 0.15
10.545 127 0
10.545 142 0
10.695 52 0
10.695 260 0
10.845 723 0.15
10.845 85 0.45
10.845 187 0.45
11.145 233 0.15
11.445 493 0.15
11.595 156 0.3
11.595 399 0.3
11.595 623 0.15
11.745 278 0.15
11.895 481 0.15
12.045 614 0.45
12.045 817 0.45
12.045 538 0.15
12.345 20 0.15
12.645 475 0.15
12.795 436 0.3
12.795 252 0.15
12.795 538 0.3
12.945 593 0.15
13.095 423 0.15
13.245 697 0.45
13.245 814 0.45
13.245 443 0.15
13.545 450 0.15
13.845 897 0.15
13.995 714 0.15
13.995 198 0.3
13.995 49 0.3
14.145 474 0.15
14.295 230 0.15
14.445 261 0.3
14.445 424 0.45
14.445 36 0.15
14.595 357 0
14.745 355 0.15
14.895 560 0
14.97 267 0
15.045 853 0.15
15.045 409 0.3
15.045 652 0.45
15.195 565 0.15
15.345 56 0.15
15.495 900 0
15.57 239 0
15.645 194 0.15
15.645 633 0.45
15.645 309 0.45
15.945 161 0.15
16.245 400 0.15
16.395 9 0.3
16.395 390 0.3
16.395 644 0.15
16.545 793 0.15
16.695 142 0.15
16.845 749 0.45
16.845 381 0.45
16.845 240 0.15
17.145 120 0.15
17.445 268 0.15
17.595 38 0.3
17.595 158 0.15
17.595 634 0.3
17.745 430 0.15
17.895 773 0.15
18.045 444 0.45
18.045 344 0.45
18.045 627 0.15
18.195 470 0.15
18.345 154 0.15
18.495 185 0.15
18.645 673 0.15
18.795 885 0.15
18.795 571 0.3
18.795 442 0.3
18.945 43 0.15
19.095 322 0.15
19.245 672 0.15
19.245 161 0
19.245 510 0
19.395 468 0
19.545 854 0
19.545 80 0
19.545 62 0
19.695 337 0
19.695 783 0
19.77 313 0
19.845 398 0
19.92 85 0
19.995 486 0
19.995 627 0
20.045 379 0
20.095 439 0
20.145 808 0
20.145 553 0
20.145 352 0
20.295 794 0
20.295 567 0
20.37 707 0
20.37 682 0
20.445 892 0.075
20.445 704 0.112
20.445 634 0.45
20.482 259 0.413
20.745 874 0.112
20.745 130 0.075
21.045 228 0.112
21.045 545 0.45
21.045 718 0.075
21.082 101 0.413
21.345 111 0.075
21.345 300 0.112
21.645 266 0.112
21.645 863 0.45
21.645 408 0.075
21.682 636 0.413
21.945 307 0.112
21.945 432 0.075
22.245 1 0.112
22.245 54 0.225
22.245 732 0.075
22.282 588 0.188
22.47 457 0.15
22.47 214 0.187
22.545 442 0.15
22.545 791 0.15
22.845 816 0.075
22.845 611 0.112
22.845 206 0.45
22.882 709 0.413
23.145 441 0.112
23.145 847 0.075
23.445 582 0.112
23.445 12 0.45
23.445 430 0.075
23.482 524 0.413
23.745 83 0.075
23.745 246 0.112
24.045 563 0.112
24.045 636 0.45
24.045 91 0.075
24.082 855 0.413
24.345 613 0.112
24.345 373 0.075
24.645 391 0.15
24.645 135 0.112
24.645 856 0
24.87 405 0
24.87 588 0
24.945 453 0.112
24.945 298 0.15
25.17 645 0
25.17 134 0
25.245 556 0.112
25.245 425 0.075
25.545 518 0.112
25.545 530 0.112
25.845 528 0.112
25.845 462 0.15
26.145 217 0.15
26.145 311 0.15
26.445 719 0.187
26.445 849 0.15
26.745 337 0.187
26.745 838 0.187
27.045 42 0.187
27.045 218 0.225
27.345 82 0.225
27.345 407 0.225
27.495 190 0
27.57 406 0
27.645 196 0.075
27.645 870 0.112
27.87 28 0.112
27.87 68 0.112
28.095 234 0
28.095 117 0.15
28.17 307 0
28.245 879 0.075
28.245 384 0.112
28.47 321 0.112
28.47 662 0.112
28.695 399 0
28.695 877 0.15
28.77 103 0
28.845 205 0
28.845 777 0
28.995 249 0
29.145 114 0
29.145 732 0
29.295 640 0
29.445 823 0
29.445 236 0
29.445 360 0
29.595 643 0
29.595 629 0
29.745 889 0.3
29.745 567 0.3
29.745 20 0.3
30.045 55 0
30.12 107 0
30.195 369 0
30.27 811 0
30.345 582 0
30.345 267 0
30.345 309 0
30.42 141 0
30.495 308 0
30.57 744 0
30.645 29 0
30.645 326 0
30.72 634 0
30.795 518 0
30.87 689 0
30.945 149 0
30.945 435 0
30.945 646 0
31.095 291 0
31.17 675 0
31.245 209 0
31.245 633 0
31.32 256 0
31.395 123 0
31.47 296 0
31.545 58 0
31.545 770 0
31.545 538 0
31.62 761 0
31.695 464 0
31.77 896 0
31.845 793 0
31.845 629 0
31.92 377 0
31.995 187 0
32.07 279 0
32.145 31 0.075
32.145 215 0
32.145 454 0
32.295 747 0.075
32.445 734 0
32.445 573 0
32.52 681 0
32.595 600 0
32.67 69 0
32.745 804 0
32.745 618 0
32.745 65 0
32.82 176 0
32.895 660 0
32.97 159 0
33.045 235 0
33.045 302 0
33.12 392 0
33.195 410 0
33.27 768 0
33.345 719 0.15
33.345 85 0
33.345 838 0
33.495 208 0
33.495 191 0
33.57 650 0
33.645 43 0
33.645 81 0
33.72 867 0
33.795 615 0
33.87 405 0
33.945 488 0
33.945 283 0
33.945 179 0
34.02 853 0
34.095 671 0
34.17 33 0
34.245 16 0
34.245 501 0
34.395 314 0.3
34.395 469 0.15
34.395 30 0.3
34.695 771 0
34.695 692 0
34.77 41 0
34.77 80 0
34.845 158 0
34.845 26 0
34.92 49 0
34.995 613 0
35.07 116 0
35.145 480 0
35.145 90 0
35.145 874 0
35.22 84 0
35.295 229 0
35.37 327 0
35.445 76 0
35.445 423 0
35.52 356 0
35.595 230 0
35.67 326 0
35.745 370 0
35.745 249 0
35.745 443 0
35.895 413 0
35.97 872 0
36.045 779 0
36.045 615 0
36.12 11 0
36.195 768 0
36.27 403 0
36.345 348 0
36.345 282 0
36.345 739 0
36.42 600 0
36.495 26 0
36.57 623 0
36.645 811 0
36.645 140 0
36.72 882 0
36.795 233 0
36.87 115 0
36.945 499 0.075
36.945 725 0
36.945 771 0
37.095 181 0.075
37.245 77 0
37.245 77 0
37.32 101 0
37.395 820 0
37.47 867 0
37.545 404 0
37.545 175 0
37.545 219 0
37.62 537 0
37.695 94 0
37.77 7 0
37.845 602 0
37.845 380 0
37.92 100 0
37.995 878 0
38.07 837 0
38.145 279 0.15
38.145 372 0
38.145 304 0
38.295 612 0
38.295 188 0
38.37 197 0
38.445 655 0
38.445 658 0
38.52 414 0
38.595 878 0
38.67 10 0
38.745 183 0
38.745 551 0
38.745 135 0
38.82 422 0
38.895 399 0
38.97 225 0
39.045 896 0
39.145 54 0
39.245 101 0
39.345 423 0
39.445 676 0
39.545 362 0
39.645 755 0
39.645 386 0
39.72 458 0
39.795 143 0
39.87 179 0
39.87 58 0
39.87 874 0
39.945 801 0
40.02 685 0
40.095 722 0
40.095 629 0
40.17 366 0
40.245 137 0
40.245 451 0
40.32 559 0
40.395 438 0
40.47 7 0
40.47 662 0
40.47 729 0
40.545 513 0
40.62 727 0
40.695 19 0
40.695 131 0
40.77 587 0
40.845 712 0
40.845 31 0
40.92 356 0
40.995 271 0
41.07 835 0
41.07 203 0
41.07 731 0
41.145 76 0
41.22 556 0
41.295 162 0
41.295 385 0
41.37 168 0
41.445 630 0
41.445 729 0
41.52 476 0
41.595 881 0
41.67 723 0
41.67 733 0
41.67 821 0
41.745 492 0.075
41.895 215 0
41.895 455 0.075
42.045 382 0
42.045 119 0
42.12 823 0
42.195 45 0
42.27 362 0
42.27 300 0
42.27 393 0
42.345 663 0
42.42 720 0
42.495 330 0
42.495 207 0
42.57 868 0
42.645 439 0
42.645 806 0
42.72 548 0
42.795 758 0
42.87 228 0
42.87 626 0
42.87 307 0
42.945 111 0.15
43.095 452 0
43.095 357 0
43.17 492 0
43.245 80 0
43.245 877 0
43.32 198 0
43.395 468 0
43.47 816 0
43.47 419 0
43.47 857 0
43.545 604 0
43.62 369 0
43.695 413 0
43.695 31 0
43.77 165 0
43.845 214 0.375
43.845 898 0
44.145 616 0.3
44.145 518 0.3
44.145 300 0.15
44.445 456 0
44.445 145 0
44.52 479 0
44.595 539 0
44.67 527 0
44.745 46 0
44.745 148 0
44.745 155 0
44.82 357 0
44.895 366 0
44.97 28 0
45.045 29 0
45.045 293 0
45.12 809 0
45.195 892 0
45.27 291 0
45.345 396 0
45.345 699 0
45.345 743 0
45.495 831 0
45.57 197 0
45.645 678 0
45.645 598 0
45.72 227 0
45.795 653 0
45.87 208 0
45.945 776 0
45.945 402 0
45.945 193 0
46.02 491 0
46.095 726 0
46.17 663 0
46.245 735 0
46.245 111 0
46.32 360 0
46.395 8 0
46.47 571 0
46.545 295 0.075
46.545 4 0
46.545 175 0
46.695 215 0.075
46.845 86 0
46.845 871 0
46.92 189 0
46.92 671 0
46.995 628 0
46.995 559 0
47.07 646 0
47.145 794 0
47.145 408 0
47.145 145 0
47.22 262 0
47.295 21 0
47.295 768 0
47.37 536 0
47.37 813 0
47.445 518 0
47.482 381 0
47.52 846 0
47.52 671 0
47.595 156 0
47.595 80 0
47.67 421 0
47.745 364 0
47.745 160 0
47.745 778 0
47.82 488 0
47.895 467 0
47.895 690 0
47.97 671 0
48.045 854 0
48.045 268 0
48.045 639 0
48.145 475 0
48.245 464 0
48.345 884 0
48.445 97 0
48.545 767 0
48.645 668 0
48.795 336 0
48.945 787 0.15
49.095 229 0.15
49.245 114 0.3
49.32 763 0
49.395 252 0
49.47 88 0
49.545 379 0
49.545 84 0.3
49.845 725 0.3
50.145 154 0
50.145 875 0.3
50.445 465 0.3
50.52 250 0
50.595 88 0
50.67 458 0
50.745 210 0
50.745 703 0.3
51.045 876 0.3
51.345 607 0
51.345 808 0.3
51.645 268 0.3
51.72 247 0
51.795 0 0
51.87 695 0
51.945 557 0
51.945 870 0.3
52.245 514 0.45
52.545 454 0
52.545 516 0
52.695 837 0.075
52.77 645 0.075
52.845 166 0.9
52.92 494 0
52.995 276 0
53.07 537 0
53.145 257 0
53.145 557 0
53.445 731 0
53.52 654 0
53.595 868 0
53.67 61 0
53.745 511 0
53.745 468 0.15
53.895 835 0.15
54.045 674 0.3
54.12 366 0
54.195 721 0
54.27 591 0
54.345 171 0
54.345 900 0.3
54.645 671 0.3
54.945 623 0
54.945 1 0.3
55.245 702 0.3
55.32 311 0
55.395 483 0
55.47 72 0
55.545 83 0
55.545 882 0.3
55.845 496 0.15
55.995 336 0.15
56.145 853 0.15
56.145 626 0
56.295 198 0.15
56.445 146 0
56.445 388 0
56.445 766 0
56.52 113 0
56.595 358 0
56.67 375 0
56.745 793 0
56.745 865 0
57.045 542 0.3
57.045 586 0
57.045 73 0
57.345 504 0.3
57.345 2 0
57.345 73 0
57.645 207 0.3
57.645 878 0
57.645 416 0
57.945 457 0.3
57.945 700 0
57.945 571 0
58.245 329 0
58.245 591 0
58.245 811 0
58.395 372 0.15
58.395 344 0
58.545 862 0
58.545 47 0
58.545 0 0
58.695 485 0.15
58.695 43 0
58.845 387 0.45
58.845 427 0.3
58.845 256 0
59.145 92 0.15
59.145 853 0.15
59.445 614 0
59.445 206 0.3
59.595 411 0.15
59.745 9 0.3
59.745 213 0
59.895 845 0.15
60.045 67 0.15
60.045 384 0
60.195 204 0.15
60.27 239 0
60.345 681 0.15
60.345 889 0.3
60.645 370 0
60.645 490 0.3
60.795 105 0.15
60.945 105 0.15
60.945 801 0
61.095 498 0.15
61.17 459 0
61.245 413 0.15
61.245 506 0.3
61.545 245 0.15
61.545 87 0
61.845 591 0.3
61.845 402 0
61.995 771 0.15
62.145 205 0
62.145 616 0.15
62.295 30 0.15
62.37 32 0
62.445 283 0.3
62.445 178 0.3
62.745 379 0
62.745 675 0.3
62.895 747 0.15
63.045 340 0
63.045 424 0.3
63.195 244 0.15
63.345 351 0
63.345 37 0
63.42 272 0
63.495 186 0
63.495 539 0
63.57 122 0
63.645 412 0.15
63.645 717 0.15
63.945 702 0.15
63.945 231 0.15
64.245 645 0.3
64.245 825 0
64.395 552 0.15
64.545 795 0.3
64.545 751 0
64.695 235 0.15
64.845 521 0
64.845 274 0.15
64.995 590 0.15
65.07 90 0
65.145 305 0.15
65.145 723 0.3
65.445 481 0.3
65.595 319 0.15
65.745 132 0.15
65.895 625 0.15
65.97 880 0
66.045 365 0.15
66.045 669 0.3
66.195 312 0
66.27 64 0
66.345 601 0.15
66.345 190 0
66.495 589 0.15
66.645 546 0
66.645 625 0.3
66.795 119 0.15
66.945 417 0.3
66.945 815 0
67.095 706 0.15
67.245 209 0.225
67.245 91 0.15
67.47 485 0.15
67.545 681 0.225
67.545 807 0.225
67.695 325 0.15
67.845 133 0.225
67.845 578 0.15
68.07 824 0.15
68.145 689 0.225
68.145 455 0.225
68.295 340 0
68.295 288 0.15
68.445 126 0.3
68.445 894 0.3
68.445 650 0
68.745 2 0.3
68.795 514 0
69.045 2 0.15
69.195 345 0.15
69.195 522 0.3
69.345 506 0.15
69.395 719 0
69.495 202 0.15
69.645 576 0.45
69.645 461 0.15
69.795 284 0
69.87 8 0
69.945 513 0.225
69.995 603 0
70.245 402 0.15
70.395 65 0.15
70.395 768 0.3
70.545 19 0.15
70.595 202 0
70.695 776 0
70.77 49 0
70.845 148 0.45
70.845 828 0.3
71.145 31 0.15
71.195 707 0
71.445 886 0
71.445 697 0.3
71.595 504 0.15
71.745 645 0.15
71.795 151 0
71.895 193 0
71.97 28 0
72.045 283 0.15
72.045 355 0.3
72.345 611 0.15
72.395 477 0
72.495 453 0.15
72.495 5 0
72.645 250 0.3
72.645 66 0.15
72.795 608 0.15
72.945 866 0
73.02 79 0
73.095 374 0
73.17 35 0
73.245 655 0
73.245 763 0
73.245 717 0
73.545 387 0.15
73.545 233 0.15
73.545 900 0.15
73.845 33 0.3
73.845 388 0
73.995 870 0.15
74.145 687 0.3
74.145 683 0
74.295 149 0.15
74.445 240 0
74.445 115 0.15
74.595 814 0.15
74.67 212 0
74.745 881 0.15
74.745 520 0.3
75.045 48 0.3
75.195 439 0.15
75.345 676 0.15
75.495 899 0.15
75.57 733 0
75.645 696 0.15
75.645 465 0.15
75.795 565 0
75.795 762 0
75.87 36 0
75.945 649 0.15
75.945 524 0
76.095 28 0
76.095 887 0.15
76.245 222 0
76.245 689 0.3
76.395 586 0
76.395 89 0.15
76.545 182 0.3
76.545 439 0
76.695 523 0
76.695 816 0.15
76.845 864 0.15
76.845 806 0
76.92 44 0
76.995 737 0
77.07 704 0.15
77.145 207 0
77.145 776 0
77.22 847 0
77.295 69 0.15
77.37 159 0
77.445 448 0.15
77.445 412 0
77.52 743 0
77.595 132 0.15
77.67 107 0
77.745 679 0
77.745 779 0
77.82 462 0.15
77.895 433 0
77.97 495 0
78.045 881 0.6
78.195 540 0.3
78.345 131 0.3
78.495 586 0.6
78.945 604 0.45
79.245 800 1.05
79.395 335 0.3
79.545 414 0.3
79.695 581 0.3
80.145 340 0.45
80.445 111 0.45
80.595 800 0.3
80.745 888 0.45
80.895 49 0.3
81.045 741 0.45
81.345 518 0.45
81.645 51 0.75
81.795 127 0.3
81.945 481 0.3
82.095 822 0.3
82.245 21 0.45
82.395 680 0.3
82.545 568 0.45
82.695 73 0.3
82.845 39 0.6
82.995 500 0.3
83.145 335 0.3
83.295 271 0.6
83.745 610 0.45
84.045 720 1.05
84.195 45 0.3
84.345 259 0.3
84.495 764 0.3
84.945 875 0.3
85.095 320 0.3
85.245 853 0.45
85.395 609 0.3
85.545 432 0.45
85.695 13 0.3
85.845 495 0.45
86.145 899 0.45
86.445 340 0.3
86.595 786 0.3
86.745 453 0.3
86.895 494 0.3
87.045 396 0.3
87.195 815 0.3
87.345 713 0.3
87.495 385 0.3
87.645 231 1.05
87.795 105 0.3
87.945 127 0.3
88.095 226 0.45
88.545 322 0.3
88.695 808 0.3
88.845 2 1.05
88.995 91 0.3
89.145 793 0.3
89.295 794 0.45
89.745 464 0.3
89.895 475 0.3
90.045 224 0.75
90.195 60 0.3
90.345 528 0.3
90.495 47 0.3
90.645 77 0.75
91.245 96 0.45
91.395 803 0.3
91.545 496 0.45
91.695 644 0.3
91.845 130 0.45
92.145 884 0.45
92.295 309 0.3
92.445 752 1.05
92.595 386 0.3
92.745 576 0.3
92.895 650 0.45
93.345 391 0.3
93.495 16 0.3
93.645 42 1.05
93.795 295 0.3
93.945 223 0.3
94.095 331 0.45
94.545 430 0.3
94.695 547 0.3
94.845 443 1.05
94.995 196 0.3
95.145 658 0.3
95.295 889 0.45
95.745 207 0.3
96.045 42 0.15
96.345 209 0.15
96.645 489 0.15
96.795 89 0
96.795 318 0
96.945 361 0.15
96.945 465 0
96.945 343 0
97.245 341 0.15
97.245 4 0.45
97.245 227 0.45
97.545 607 0.15
97.845 85 0.15
97.995 228 0.3
97.995 877 0.3
97.995 879 0.15
98.145 222 0.15
98.295 520 0.15
98.445 275 0.45
98.445 422 0.15
98.445 422 0.45
98.595 541 0.15
98.895 244 0.15
99.195 266 0.3
99.195 786 0.15
99.195 486 0.3
99.345 195 0.15
99.495 240 0.15
99.645 472 0.45
99.645 16 0.45
99.645 373 0.15
99.945 347 0.15
100.245 299 0.15
100.395 142 0.15
100.395 564 0.3
100.395 707 0.3
100.545 761 0.15
100.695 16 0.15
100.845 419 0.3
100.845 3 0.45
100.845 682 0.15
100.995 774 0
101.145 686 0.15
101.295 157 0
101.37 805 0
101.445 355 0.15
101.445 598 0.3
101.445 101 0.45
101.595 161 0.15
101.745 408 0.15
101.895 887 0
101.97 290 0
102.045 404 0.15
102.045 189 0.45
102.045 361 0.45
102.345 164 0.15
102.645 113 0.15
102.795 213 0.3
102.795 841 0.3
102.795 868 0.15
102.945 787 0.15
103.095 809 0.15
103.245 821 0.45
103.245 36 0.45
103.245 643 0.15
103.395 625 0.15
103.695 413 0.15
103.995 239 0.3
103.995 806 0.15
103.995 301 0.3
104.145 605 0.15
104.295 180 0.15
104.445 646 0.45
104.445 614 0.45
104.445 629 0.15
104.595 820 0.15
104.745 739 0.15
104.895 103 0.15
105.045 167 0.15
105.195 327 0.15
105.195 13 0.3
105.195 531 0.3
105.495 25 0.15
105.645 352 0.15
105.645 299 0.15
105.645 576 0
105.795 682 0
105.945 16 0
105.945 171 0
105.945 472 0
106.095 109 0
106.095 27 0
106.245 308 0
106.32 189 0
106.395 472 0
106.395 159 0
106.545 442 0
106.545 75 0
106.545 356 0
106.62 715 0
106.695 219 0
106.695 643 0
106.77 174 0
106.77 841 0
106.845 799 0.2
106.845 699 0.15
106.995 411 0.1
106.995 584 0.15
107.145 269 0.2
107.145 625 0.15
107.295 100 0.15
107.295 900 0.1
107.445 105 0.15
107.445 818 0.15
107.595 824 0.075
107.595 463 0.075
107.67 595 0
107.67 269 0
107.745 608 0
107.745 875 0
107.895 427 0
107.895 681 0
108.045 181 0.2
108.045 263 0.15
108.195 692 0.1
108.195 564 0.15
108.345 299 0.2
108.345 661 0.15
108.495 210 0.15
108.495 115 0.1
108.645 458 0.15
108.645 263 0.15
108.795 744 0
108.795 388 0
108.87 893 0
108.87 872 0
108.945 271 0
108.945 871 0
109.095 254 0
109.095 597 0
109.17 217 0
109.17 786 0
109.245 296 0.15
109.245 722 0.2
109.395 180 0.1
109.395 462 0.15
109.545 697 0.15
109.545 203 0.2
109.695 279 0.1
109.695 665 0.15
109.845 339 0.15
109.845 717 0.15
109.995 342 0
109.995 824 0
110.07 555 0
110.07 580 0
110.145 607 0
110.145 517 0
110.295 304 0
110.295 2 0
110.445 700 0.2
110.445 744 0.15
110.595 584 0.1
110.595 45 0.15
110.745 265 0.15
110.745 632 0.15
110.895 105 0
110.895 51 0
111.045 862 0.1
111.045 481 0.1
111.195 109 0
111.195 521 0
111.27 374 0
111.27 384 0
111.345 419 0.15
111.345 465 0.15
111.495 368 0
111.495 372 0
111.57 509 0
111.57 555 0
111.645 507 0.187
111.645 67 0.15
111.945 297 0.187
111.945 472 0.187
112.245 402 0.187
112.245 429 0.225
112.545 563 0.225
112.545 292 0.225
112.845 313 0.187
112.845 707 0.15
113.145 321 0.187
113.145 796 0.187
113.445 85 0.187
113.445 791 0.225
113.745 579 0.225
113.745 513 0.225
113.895 216 0
113.97 63 0
114.045 44 0.075
114.045 226 0.112
114.27 22 0.112
114.27 258 0.112
114.495 452 0
114.495 263 0.15
114.57 273 0
114.645 43 0.075
114.645 23 0.112
114.87 649 0.112
114.87 407 0.112
115.095 777 0
115.095 488 0.15
115.17 170 0
115.245 847 0
115.282 536 0
115.32 640 0.45
115.845 195 0
115.845 67 0
115.845 383 0
115.995 213 0
115.995 701 0.15
116.145 602 0
116.145 717 0
116.145 116 0
116.295 318 0.15
116.445 272 0.525
116.445 366 0.225
116.745 357 0
116.745 482 0
116.745 603 0.15
116.895 316 0.375
117.045 88 0.3
117.045 705 0
117.345 430 0
117.345 206 0.225
117.345 271 0.3
117.645 809 0.225
117.645 831 0.525
117.945 336 0
117.945 573 0.525
117.945 750 0
118.245 789 0.3
118.245 687 0
118.545 583 0.225
118.545 684 0
118.545 667 0.3
118.845 650 0.525
118.845 407 0.225
119.145 171 0
119.145 162 0.3
119.145 867 0
119.445 891 0.525
119.445 461 0.225
119.745 617 0.525
119.745 665 0
119.745 647 0
120.045 730 0.525
120.045 440 0
120.345 800 0.525
120.345 873 0
120.345 383 0
120.645 88 0.375
120.645 728 0
120.945 220 0.225
120.945 237 0
120.945 552 0
121.095 396 0
121.095 509 0.15
121.245 174 0
121.245 55 0.525
121.245 39 0.225
121.545 158 0
121.545 541 0
121.545 521 0.15
121.695 861 0.375
121.845 517 0.3
121.845 460 0
122.145 804 0
122.145 153 0.525
122.145 833 0.225
122.445 53 0
122.445 668 0.525
122.745 784 0.525
122.745 162 0
122.745 56 0
123.045 78 0.3
123.045 494 0
123.345 352 0.15
123.345 686 0
123.345 695 0.3
123.495 76 0.375
123.645 192 0.3
123.645 726 0
123.945 753 0.525
123.945 586 0.225
123.945 81 0
124.245 333 0.6
124.245 509 0
124.545 691 0.45
124.545 397 0
124.545 861 0
124.845 411 0.225
124.845 505 0.15
124.995 41 0.3
125.145 754 0.15
125.145 446 0.225
125.295 890 0.3
125.445 672 0.15
125.445 433 0.225
125.595 576 0.15
125.745 2 0.15
125.745 863 0.225
125.895 587 0.15
125.895 704 0.15
126.045 609 0
126.045 115 1.05
126.345 609 0.15
126.395 624 0
126.795 546 0.3
126.795 379 0
126.945 26 0.15
126.995 553 0
127.245 874 0.75
127.245 876 0.3
127.545 16 0
127.595 735 0
127.995 247 0
127.995 544 0.3
128.145 267 0.15
128.195 171 0
128.295 884 0.15
128.445 459 0.6
128.445 442 0.3
128.745 156 0
128.795 146 0
129.045 416 0
129.045 872 0.6
129.195 385 0.3
129.345 460 0
129.395 897 0
129.645 583 0.6
129.645 227 0.3
129.945 560 0.3
129.995 67 0
130.095 882 0
130.095 30 0
130.245 3 0.45
130.245 402 0.3
130.545 636 0.15
130.545 798 0
130.695 816 0.15
130.695 572 0
130.845 261 0
130.845 53 0
130.845 477 0
131.145 546 0
131.145 835 0.525
131.145 842 0.225
131.445 95 0
131.445 23 0.6
131.745 832 0
131.745 177 0.225
131.745 852 0
131.895 784 0.375
132.045 369 0
132.045 127 0.525
132.345 759 0
132.345 297 0
132.345 630 0.525
132.645 185 0
132.645 718 0.6
132.945 165 0
132.945 567 0
132.945 647 0.225
133.095 802 0.15
133.245 481 0.225
133.245 246 0.525
133.395 574 0
133.545 320 0
133.545 6 0
133.545 771 0.525
133.695 418 0
133.845 528 0.525
133.845 173 0
133.995 687 0
134.145 203 0.3
134.145 264 0
134.145 452 0
134.295 510 0
134.445 335 0.3
134.445 455 0
134.745 24 0
134.745 602 0.3
135.045 489 0.15
135.045 533 0
135.045 705 0
135.195 718 0
135.195 170 0
135.345 50 0.3
135.345 215 0.3
135.345 130 0.15
135.645 183 0.15
135.645 891 0.3
135.795 886 0
135.945 302 0.3
136.095 667 0.3
136.245 388 0
136.295 201 0
136.395 690 0
136.545 429 0.3
136.545 112 0.3
136.845 609 0
136.845 425 0.3
136.995 199 0
137.145 773 0.3
137.295 458 0.15
137.295 764 0
137.445 47 0
137.495 837 0
137.745 219 0.3
137.745 741 0
138.045 265 0
138.045 613 0.3
138.195 302 0
138.345 412 0.3
138.645 591 0.3
138.695 456 0
138.795 331 0
138.945 620 0.3
139.245 516 0.3
139.245 126 0
139.395 571 0
139.545 437 0.3
139.695 765 0
139.695 900 0.15
139.845 394 0
139.895 427 0
140.145 698 0.3
140.145 600 0
140.295 2 0
140.295 267 0
140.445 97 0
140.445 836 0.3
140.595 306 0
140.745 120 0.3
140.895 870 0.3
141.045 236 0
141.095 681 0
141.195 363 0
141.345 331 0.3
141.345 585 0.3
141.645 501 0
141.645 85 0.3
141.795 889 0
141.945 810 0.3
142.095 591 0
142.095 277 0.15
142.245 296 0
142.295 116 0
142.545 872 0
142.545 134 0.3
142.845 272 0
142.845 846 0.3
142.995 852 0
143.145 753 0.3
143.445 802 0
143.495 589 0
143.595 152 0
143.745 760 0.3
143.745 324 0.3
144.045 174 0.3
144.045 662 0
144.195 435 0
144.345 486 0.3
144.495 307 0
144.495 96 0.15
144.645 267 0
144.695 442 0
144.945 873 0.3
144.945 112 0
145.095 317 0
145.095 737 0
145.245 152 0.525
145.245 554 0
145.32 16 0
145.395 0 0
145.47 149 0
145.545 558 0.6
145.695 863 0
145.695 569 0
145.845 338 0.525
145.895 64 0
146.145 842 0.6
146.445 27 0
146.445 179 0.6
146.745 116 0.3
146.895 812 0
146.895 97 0
147.045 680 0.3
147.095 201 0
147.345 140 0
147.345 439 0.3
147.645 793 0.6
147.645 79 1.05
148.245 860 0.375
148.295 141 0
148.695 879 0.15
148.77 497 0.15
148.845 433 0.45
148.845 694 0.9
149.295 97 0
149.295 362 0
149.445 746 0
149.495 757 0
149.745 499 0
149.745 243 0
149.895 817 0
149.895 401 0
150.045 897 0
150.045 388 0.525
150.345 496 0.6
150.645 419 0.6
150.695 524 0
150.945 77 0.6
151.245 23 0
151.245 150 0.525
151.545 54 0.525
151.695 194 0
151.695 899 0
151.845 42 0.225
151.895 724 0
151.995 159 0.225
152.145 736 0.225
152.145 560 0
152.295 170 0.15
152.445 467 1.2
152.445 654 0.6
152.445 736 0
153.045 859 0.6
153.095 294 0
153.645 755 0
153.645 186 0
153.695 259 0
153.745 813 1.1
153.795 876 1.05
153.945 496 0
153.945 861 0
154.245 496 0
154.295 797 0
154.395 234 0
154.395 830 0
154.545 699 0
154.545 181 0
154.695 46 0
154.695 344 0
