5.975 771 0.046
5.975 899 0.093
6.162 475 0
6.35 276 0
6.537 248 0
6.725 266 0
6.912 169 0
7.1 884 0
7.287 14 0
7.475 817 0
7.662 692 0
7.85 674 0
8.037 318 0
8.131 761 0
8.225 2 0
8.318 684 0
8.412 679 0
8.6 292 0
8.787 321 0
8.975 727 0
9.162 557 0
9.35 574 0
9.537 495 0
9.725 113 0
9.912 899 0
10.1 172 0
10.287 469 0
10.475 777 0
10.662 612 0
10.85 84 0
11.037 235 0
11.131 198 0
11.225 56 0
11.318 889 0
11.412 370 0
11.6 459 0
11.787 408 0
11.975 506 0.093
11.975 757 0.046
12.162 476 0
12.35 743 0
12.537 373 0
12.725 782 0
12.912 10 0
13.1 109 0
13.287 39 0
13.475 452 0
13.662 722 0
13.85 139 0
14.037 494 0
14.131 682 0
14.225 840 0
14.318 60 0
14.412 644 0
14.6 899 0
14.787 89 0
14.975 94 0
15.162 356 0
15.35 596 0
15.537 503 0
15.725 603 0
15.912 501 0
16.1 8 0
16.287 687 0
16.475 543 0
16.662 139 0
16.85 22 0
17.037 178 0
17.131 567 0
17.225 447 0
17.318 578 0
17.412 288 0
17.6 96 0
17.787 833 0
17.975 289 0.093
17.975 276 0.046
18.162 395 0
18.35 239 0
18.537 152 0
18.725 615 0
18.912 511 0
19.1 829 0
19.287 647 0
19.475 248 0
19.662 780 0
19.85 153 0
20.037 241 0
20.131 269 0
20.225 816 0
20.318 309 0
20.412 654 0
20.6 351 0
20.787 670 0
20.975 598 0
21.162 59 0
21.35 555 0
21.537 233 0
21.725 711 0
21.912 655 0
22.1 204 0
22.287 205 0
22.475 140 0
22.662 721 0
22.85 892 0
23.037 397 0
23.131 21 0
23.225 787 0
23.318 442 0
23.412 215 0
23.6 812 0
23.787 477 0
23.975 131 0.046
23.975 525 0.093
24.162 336 0
24.35 565 0
24.537 498 0
24.725 192 0
24.912 604 0
25.1 334 0
25.287 623 0
25.475 391 0
25.662 732 0
25.85 679 0
26.037 508 0
26.131 111 0
26.225 201 0
26.318 110 0
26.412 810 0
26.6 565 0
26.787 277 0
26.975 292 0
27.162 74 0
27.35 25 0
27.537 429 0
27.725 680 0
27.912 365 0
28.1 251 0
28.287 401 0
28.475 38 0
28.662 83 0
28.85 276 0
29.037 144 0
29.131 667 0
29.225 66 0
29.318 236 0
29.412 709 0
29.6 708 0
29.787 262 0
29.975 831 0.093
29.975 730 0.046
30.162 344 0
30.256 110 0
30.35 713 0
30.537 0 0
30.631 94 0
30.725 815 0
30.912 297 0
31.006 832 0
31.1 226 0
31.193 596 0
31.287 500 0
31.475 112 0
31.662 774 0
31.756 243 0
31.85 779 0
32.037 99 0
32.131 506 0
32.225 30 0
32.318 761 0
32.412 77 0
32.506 420 0
32.6 275 0
32.787 491 0
32.975 700 0
33.162 23 0
33.256 894 0
33.35 826 0
33.443 60 0
33.537 92 0
33.631 563 0
33.725 23 0
33.818 671 0
33.912 151 0
34.006 525 0
34.1 664 0
34.193 58 0
34.287 59 0
34.381 340 0
34.475 830 0
34.662 74 0
34.756 85 0
35.037 819 0
35.131 420 0
35.225 300 0
35.318 54 0
35.412 157 0
35.506 546 0
35.6 789 0
35.787 128 0
35.975 80 0.046
35.975 622 0.093
36.162 207 0
36.256 510 0
36.35 828 0
36.537 79 0
36.631 281 0
36.725 205 0
36.912 890 0
37.006 25 0
37.1 242 0
37.193 118 0
37.287 273 0
37.475 151 0.046
37.475 734 0.093
37.662 706 0
37.756 175 0
37.85 494 0
38.037 233 0
38.131 463 0
38.225 275 0
38.318 150 0
38.412 448 0
38.506 561 0
38.6 600 0
38.787 172 0
38.975 638 0.093
38.975 323 0.046
39.162 462 0
39.256 138 0
39.35 36 0
39.443 712 0
39.537 331 0
39.631 806 0
39.725 608 0
39.818 637 0
39.912 515 0
40.006 179 0
40.1 615 0
40.193 817 0
40.287 218 0
40.381 576 0
40.475 768 0.046
40.475 793 0.093
40.662 393 0
40.756 801 0
41.037 111 0
41.131 545 0
41.225 173 0
41.318 72 0
41.412 168 0
41.506 458 0
41.6 517 0
41.787 160 0
41.975 622 0.046
41.975 384 0.093
42.162 762 0
42.256 59 0
42.35 180 0
42.537 737 0
42.631 421 0
42.725 785 0
42.725 783 0
42.912 725 0
43.006 39 0
43.1 118 0
43.287 180 0
43.475 51 0
43.475 371 0
43.662 841 0
43.756 571 0
43.85 864 0
44.037 54 0
44.225 30 0
44.225 0 0
44.412 870 0
44.506 633 0
44.6 696 0
44.787 429 0
44.975 530 0
44.975 167 0
45.162 756 0
45.256 428 0
45.35 704 0
45.537 79 0
45.725 535 0
45.725 167 0
45.818 156 0
45.912 737 0
46.1 307 0
46.287 623 0
46.381 66 0
46.475 654 0
46.475 204 0
46.662 144 0
46.85 69 0
47.037 508 0
47.037 349 0
47.225 149 0
47.225 482 0
47.318 512 0
47.318 557 0
47.412 856 0
47.506 353 0
47.6 544 0
47.787 499 0
47.975 663 0
47.975 422 0
48.162 606 0
48.35 107 0
48.537 118 0
48.725 614 0
48.725 667 0
48.818 242 0
48.912 862 0
49.1 15 0
49.287 821 0
49.381 803 0
49.475 754 0
49.475 186 0
49.662 666 0
49.85 87 0
50.037 731 0
50.131 516 0
50.225 371 0
50.225 479 0
50.412 54 0
50.506 273 0
50.6 843 0
50.693 707 0
50.787 119 0
50.881 285 0
50.975 700 0
50.975 721 0
51.162 264 0
51.35 154 0
51.537 882 0
51.725 175 0
51.725 534 0
51.912 97 0
52.1 455 0
52.287 428 0
52.475 112 0.375
53.037 461 0
53.131 118 0
53.225 699 0
53.225 723 0
53.318 69 0
53.412 606 0
53.506 116 0
53.6 187 0
53.6 124 0
53.693 6 0
53.787 512 0
53.881 885 0
53.975 70 0
53.975 418 0
54.068 803 0
54.162 452 0
54.256 828 0
54.35 364 0
54.443 891 0
54.537 475 0
54.631 3 0
54.725 667 0
54.818 897 0
54.912 55 0
55.006 855 0
55.1 456 0
55.193 655 0
55.287 824 0
55.381 200 0
55.475 366 0
55.568 599 0
55.662 661 0
55.756 188 0
55.85 407 0
55.943 301 0
56.037 462 0
56.131 124 0
56.225 889 0
56.318 171 0
56.412 672 0
56.506 726 0
56.6 518 0
56.693 277 0
56.787 833 0
56.881 496 0
56.975 316 0
57.068 745 0
57.162 429 0
57.256 833 0
57.35 785 0
57.443 897 0
57.537 796 0
57.631 794 0
57.725 701 0
57.818 375 0
57.912 686 0
58.006 682 0
58.1 797 0
58.193 712 0
58.287 157 0
58.381 501 0
58.475 493 0.187
58.475 663 0
58.662 609 0
58.709 37 0
58.756 582 0
58.803 424 0
58.85 765 0.187
59.037 429 0
59.084 22 0
59.131 403 0
59.178 37 0
59.225 398 0.187
59.318 23 0.094
59.412 577 0.047
59.506 613 0.047
59.6 198 0.187
59.787 3 0.188
59.975 390 0.093
59.975 554 0
60.068 428 0
60.162 476 0.094
60.162 891 0
60.256 854 0
60.35 54 0
60.443 240 0
60.537 853 0.094
60.537 813 0
60.631 431 0
60.725 143 0
60.818 397 0.094
60.818 0 0
60.912 519 0
61.006 632 0
61.1 848 0.093
61.1 670 0
61.193 483 0
61.287 156 0
61.381 627 0
61.475 89 0
61.475 713 0.093
61.568 457 0
61.662 95 0.094
61.662 727 0
61.756 841 0
61.85 686 0
61.943 250 0
62.037 829 0.094
62.037 593 0
62.131 260 0
62.225 613 0
62.318 197 0.094
62.318 408 0
62.412 280 0
62.506 799 0
62.6 703 0.093
62.6 321 0
62.693 448 0.094
62.693 841 0
62.787 63 0.094
62.787 820 0
62.881 719 0.094
62.881 23 0
62.975 581 0
63.021 55 0
63.068 229 0
63.115 258 0
63.162 537 0.094
63.162 149 0
63.256 484 0.094
63.256 449 0
63.35 896 0
63.396 329 0
63.443 700 0
63.49 334 0
63.537 599 0.094
63.537 433 0
63.631 856 0.094
63.631 358 0
63.725 320 0
63.771 275 0
63.818 663 0
63.865 139 0
63.912 876 0.094
63.912 41 0
64.006 654 0.094
64.006 56 0
64.1 275 0
64.146 399 0
64.193 790 0
64.24 294 0
64.287 742 0.094
64.287 130 0
64.381 465 0.094
64.381 218 0
64.475 748 0
64.475 899 0
64.662 114 0.188
64.756 618 0.094
64.85 454 0.093
64.943 309 0.094
65.037 862 0.188
65.131 417 0.094
65.225 253 0
65.318 318 0
65.412 351 0.094
65.412 826 0
65.506 389 0
65.506 628 0
65.6 875 0
65.6 43 0
65.6 382 0
65.693 186 0
65.787 12 0
65.787 420 0
65.787 175 0
65.881 52 0
65.975 687 0.093
65.975 213 0.14
65.975 189 0.07
66.068 120 0.094
66.115 627 0.094
66.162 175 0.094
66.209 569 0.094
66.256 575 0.094
66.35 493 0
66.35 422 0
66.443 428 0
66.49 154 0
66.537 496 0.094
66.537 690 0
66.584 557 0.094
66.631 798 0.094
66.818 292 0.094
66.818 890 0
66.912 543 0.094
67.006 598 0.281
67.1 563 0.187
67.1 122 0
67.287 431 0.188
67.475 383 0
67.521 702 0
67.568 432 0
67.662 103 0.094
67.662 878 0
67.756 139 0.094
67.85 214 0.093
67.85 7 0
67.896 162 0.094
67.943 416 0.094
68.037 668 0.188
68.225 258 0.093
68.225 11 0
68.318 709 0.094
68.318 672 0
68.506 215 0.094
68.506 724 0
68.6 414 0.093
68.693 615 0.094
68.787 266 0.094
68.787 822 0
68.881 884 0.094
68.975 367 0.14
68.975 768 0.093
68.975 227 0.07
69.068 820 0.094
69.115 75 0.094
69.162 694 0.094
69.209 230 0.094
69.256 351 0.094
69.35 528 0
69.35 246 0
69.443 182 0
69.49 660 0
69.537 795 0.094
69.537 545 0
69.584 229 0.094
69.631 64 0.094
69.818 719 0
69.818 681 0
69.912 853 0.094
69.912 704 0.188
70.1 809 0.187
70.1 500 0
70.287 440 0
70.334 291 0
70.381 98 0
70.475 49 0.093
70.475 532 0
70.521 773 0.094
70.568 359 0.094
70.756 654 0.094
70.85 92 0
70.85 649 0.093
70.943 420 0.094
71.037 422 0.094
71.131 9 0.094
71.131 345 0
71.225 653 0.093
71.225 492 0
71.318 403 0.094
71.412 135 0.094
71.506 611 0
71.506 776 0.094
71.6 489 0.093
71.693 157 0.094
71.787 495 0
71.787 635 0.094
71.975 347 0.093
71.975 32 0.14
71.975 158 0.07
72.068 127 0.094
72.115 314 0.094
72.162 681 0.094
72.209 222 0.094
72.256 331 0.094
72.35 689 0
72.35 5 0
72.443 479 0
72.49 587 0
72.537 691 0.094
72.537 735 0
72.6 546 0.156
72.662 216 0.063
72.725 265 0.062
72.818 674 0
72.818 442 0
72.881 37 0
72.943 463 0
73.006 667 0.094
73.1 538 0.093
73.1 301 0.093
73.162 510 0.125
73.225 629 0.187
73.287 72 0.094
73.35 31 0.093
73.412 132 0.063
73.475 77 0
73.521 341 0
73.568 278 0
73.662 175 0.094
73.662 95 0
73.756 344 0.094
73.85 421 0.187
73.85 66 0.093
74.037 638 0
74.084 650 0
74.131 521 0
74.178 718 0
74.225 570 0.093
74.225 52 0
74.318 890 0.094
74.318 570 0.188
74.506 857 0
74.506 335 0
74.6 37 0.093
74.662 120 0.188
74.725 217 0.093
74.787 2 0
74.787 681 0.094
74.975 177 0.093
74.975 641 0.14
74.975 275 0.07
75.068 744 0.094
75.115 259 0.094
75.162 687 0.094
75.209 678 0.094
75.256 485 0.094
75.35 297 0
75.35 240 0
75.443 653 0
75.49 798 0
75.537 59 0.188
75.537 662 0
75.725 713 0
75.818 426 0.188
75.912 843 0.094
76.006 649 0
76.006 879 0
76.1 126 0.093
76.1 673 0
76.193 598 0.094
76.287 488 0.094
76.381 860 0.094
76.475 268 0.187
76.475 632 0.093
76.662 552 0
76.709 320 0
76.756 386 0
76.803 833 0
76.85 23 0.093
76.912 421 0.125
76.975 78 0.156
77.037 813 0.094
77.037 67 0.094
77.131 583 0.094
77.225 498 0
77.318 785 0
77.412 183 0
77.506 379 0
77.6 574 0
77.787 388 0
77.787 76 0
77.975 124 0.093
77.975 564 0.14
77.975 161 0.07
78.068 764 0.094
78.115 849 0.094
78.162 537 0.094
78.209 331 0.094
78.256 383 0.094
78.35 739 0
78.35 869 0
78.443 535 0
78.49 646 0
78.537 378 0.094
78.537 219 0
78.584 736 0.094
78.631 96 0.094
78.818 514 0.094
78.818 404 0
78.912 324 0.094
79.006 58 0.281
79.1 606 0.187
79.1 134 0
79.287 147 0.188
79.475 838 0
79.521 883 0
79.568 213 0
79.662 509 0.094
79.662 843 0
79.756 433 0.094
79.85 492 0.093
79.85 562 0
79.896 445 0.094
79.943 482 0.094
80.037 111 0.188
80.225 509 0.093
80.225 830 0
80.318 748 0.094
80.318 708 0
80.506 101 0.094
80.506 239 0
80.6 181 0.093
80.693 85 0.094
80.787 430 0.094
80.787 498 0
80.881 644 0.094
80.975 286 0.14
80.975 337 0.093
80.975 889 0.07
81.068 60 0.094
81.115 781 0.094
81.162 631 0.094
81.209 452 0.094
81.256 219 0.094
81.35 415 0
81.35 90 0
81.443 332 0
81.49 69 0
81.537 663 0.094
81.537 857 0
81.584 770 0.094
81.631 176 0.094
81.818 405 0
81.818 771 0
81.912 725 0.094
81.912 387 0.188
82.1 688 0.187
82.1 867 0
82.287 664 0
82.334 183 0
82.381 900 0
82.475 835 0.093
82.475 601 0
82.521 709 0.094
82.568 403 0.094
82.756 612 0.094
82.85 152 0
82.85 118 0.093
82.943 91 0.094
83.037 123 0.094
83.131 654 0.094
83.131 24 0
83.225 531 0.093
83.225 592 0
83.318 846 0.094
83.412 704 0.094
83.506 189 0
83.506 778 0.094
83.6 504 0.093
83.693 524 0.094
83.787 611 0
83.787 819 0.094
83.975 821 0.093
83.975 15 0.14
83.975 337 0.07
84.068 343 0.094
84.115 671 0.094
84.162 66 0.094
84.209 347 0.094
84.256 17 0.094
84.35 644 0
84.35 185 0
84.443 657 0
84.49 689 0
84.537 399 0.094
84.537 717 0
84.584 840 0.094
84.631 449 0.094
84.818 206 0.094
84.818 408 0
85.006 511 0.094
85.1 199 0
85.1 647 0.093
85.162 86 0.188
85.225 31 0.093
85.287 393 0.094
85.35 173 0.062
85.412 824 0.125
85.475 100 0.062
85.537 173 0.063
85.6 393 0.062
85.662 719 0.094
85.662 523 0
85.756 346 0.094
85.85 819 0
85.85 496 0.093
85.912 400 0.094
85.975 53 0.093
86.037 616 0.188
86.225 138 0.093
86.225 335 0
86.318 423 0
86.318 118 0.094
86.412 415 0.094
86.506 272 0
86.506 279 0.094
86.6 525 0.093
86.693 480 0.094
86.787 720 0.094
86.787 620 0
86.881 487 0.094
86.975 402 0.07
86.975 458 0.093
86.975 385 0.14
87.068 359 0.094
87.115 418 0.094
87.162 591 0.094
87.209 557 0.094
87.256 150 0.094
87.35 694 0.187
87.35 506 0
87.537 90 0
87.537 30 0
87.631 879 0.094
87.725 599 0.093
87.818 360 0
87.818 797 0
87.912 274 0.188
87.912 292 0
88.1 104 0.093
88.1 594 0
88.193 797 0.094
88.287 776 0.094
88.287 458 0
88.381 101 0.094
88.475 649 0.187
88.475 275 0
88.662 380 0
88.662 529 0
88.756 197 0.187
88.756 608 0
88.943 411 0
88.943 507 0
89.037 412 0.188
89.037 561 0
89.225 171 0
89.225 628 0
89.287 435 0
89.35 646 0
89.412 299 0
89.475 152 0
89.537 281 0
89.6 0 0
89.6 15 0
89.693 606 0
89.787 702 0.094
89.881 871 0.094
89.975 677 0.093
89.975 187 0.14
89.975 524 0.07
90.068 524 0.094
90.115 515 0.094
90.162 50 0.094
90.209 73 0.094
90.256 221 0.094
90.35 710 0
90.537 316 0
90.725 497 0
90.725 433 0
90.725 357 0
90.912 880 0
91.1 123 0
91.287 109 0
91.475 732 0
91.475 333 0
91.662 319 0
91.756 615 0
91.85 853 0
92.037 778 0
92.131 779 0
92.225 516 0
92.225 567 0
92.225 372 0
92.318 837 0
92.412 627 0
92.6 773 0
92.787 365 0
92.975 442 0
92.975 805 0
93.162 254 0
93.35 560 0
93.537 72 0
93.725 400 0
93.725 616 0
93.725 48 0
93.912 602 0
94.1 212 0
94.287 877 0
94.475 584 0.125
94.475 470 0.062
94.475 141 0.187
94.662 243 0.094
94.725 448 0.093
94.787 754 0.094
94.85 688 0.093
94.85 204 0.093
94.943 584 0.094
95.037 446 0
95.037 897 0
95.1 788 0.093
95.162 186 0.094
95.225 77 0.093
95.318 698 0.094
95.318 741 0
95.412 590 0.094
95.475 766 0.125
95.537 518 0.063
95.6 110 0
95.6 271 0
95.693 159 0
95.787 244 0.094
95.881 591 0.094
95.975 128 0.093
95.975 817 0.14
95.975 62 0.07
96.068 10 0.094
96.115 533 0.094
96.162 62 0.094
96.209 886 0.094
96.256 823 0.094
96.35 38 0
96.537 237 0
96.725 64 0
96.725 37 0
96.725 580 0
96.912 335 0
97.1 311 0
97.287 675 0
97.475 409 0
97.475 677 0
97.662 788 0
97.756 30 0
97.85 284 0
98.037 720 0
98.131 822 0
98.225 854 0
98.225 810 0
98.225 865 0
98.318 474 0
98.412 16 0
98.6 116 0
98.787 814 0
98.975 538 0
98.975 334 0
99.162 452 0
99.35 132 0
99.537 429 0
99.725 2 0
99.725 716 0
99.725 755 0
99.912 679 0
100.1 414 0
100.287 535 0
100.475 717 0.125
100.475 246 0.062
100.475 533 0.187
100.662 230 0.094
100.725 897 0.093
100.787 600 0.094
100.85 306 0.093
100.85 23 0.093
100.943 435 0.094
101.037 355 0.281
101.037 522 0.094
101.318 714 0.188
101.318 447 0
101.506 795 0.094
101.6 406 0.093
101.6 126 0
101.662 295 0.125
101.725 312 0.156
101.787 873 0.094
101.881 803 0.094
101.975 667 0.07
101.975 739 0.14
101.975 484 0.093
102.068 106 0.094
102.115 637 0.094
102.162 714 0.094
102.209 611 0.094
102.256 465 0.094
102.35 152 0
102.537 413 0
102.725 810 0
102.725 351 0
102.725 863 0
102.912 626 0
103.1 656 0
103.287 237 0
103.475 657 0
103.475 753 0
103.662 888 0
103.756 731 0
103.85 443 0
104.037 222 0
104.131 254 0
104.225 53 0
104.225 895 0
104.225 320 0
104.318 301 0
104.412 566 0
104.6 10 0
104.787 507 0
104.975 323 0
104.975 383 0
105.162 263 0
105.35 28 0
105.537 442 0
105.725 197 0
105.725 544 0
105.725 446 0
105.912 441 0
106.1 558 0
106.287 396 0
106.475 485 0.187
106.475 184 0.062
106.475 262 0.125
106.662 877 0.094
106.725 687 0.093
106.787 746 0.094
106.85 585 0
106.896 10 0
106.943 120 0
107.037 593 0.188
107.131 518 0.094
107.225 458 0.093
107.225 232 0
107.318 469 0.094
107.412 467 0.188
107.506 310 0.094
107.6 677 0.093
107.662 612 0.094
107.725 423 0.093
107.787 176 0.188
107.975 645 0
107.975 609 0
108.068 102 0
108.162 858 0
108.256 4 0
108.35 207 0
108.35 320 0
108.443 779 0
108.537 1 0
108.631 369 0
108.725 495 0
108.725 302 0
108.818 623 0
108.912 53 0
109.006 648 0
109.1 135 0
109.1 213 0
109.193 481 0
109.287 137 0
109.381 797 0
109.475 533 0
109.475 300 0
109.568 286 0
109.662 536 0
109.756 272 0
109.85 647 0
109.85 845 0
109.943 712 0
110.037 239 0
110.131 737 0
110.225 71 0
110.225 217 0
110.318 430 0
110.412 736 0
110.506 90 0
110.6 297 0
110.6 103 0
110.693 181 0
110.787 825 0
110.881 321 0
110.975 803 0
110.975 806 0
111.068 335 0
111.162 121 0
111.256 596 0
111.35 112 0
111.35 95 0
111.443 577 0
111.537 779 0
111.631 263 0
111.725 118 0
111.725 690 0
111.818 686 0
111.912 405 0
112.006 657 0
112.1 51 0.093
112.146 456 0.094
112.193 619 0.094
112.24 820 0.094
112.287 153 0.117
112.334 443 0.07
112.381 675 0.094
112.428 810 0.047
112.475 799 0
112.475 347 0
112.662 781 0.188
112.756 151 0.094
112.85 442 0.093
112.943 573 0.094
113.037 11 0.188
113.131 86 0.094
113.225 263 0
113.318 798 0
113.412 404 0.094
113.412 667 0
113.506 172 0
113.506 650 0
113.6 58 0
113.6 200 0
113.6 440 0
113.693 618 0
113.787 565 0
113.787 429 0
113.787 128 0
113.881 81 0
113.975 38 0.062
113.975 607 0.093
113.975 731 0.156
114.037 742 0.219
114.1 298 0.093
114.162 269 0.219
114.225 714 0.093
114.287 180 0.156
114.35 548 0.156
114.412 524 0.156
114.475 182 0.156
114.537 260 0.094
114.6 349 0.093
114.662 396 0.094
114.725 340 0.156
114.725 523 0.093
114.787 460 0.156
114.85 526 0.156
114.912 77 0.188
114.975 173 0.125
115.037 285 0.156
115.1 369 0.093
115.193 683 0.094
115.287 256 0
115.381 24 0
115.475 447 0.062
115.475 133 0.093
115.475 427 0.156
115.537 49 0.219
115.6 851 0.093
115.662 210 0.219
115.725 190 0.093
115.787 217 0.156
115.85 623 0.156
115.912 349 0.156
115.975 715 0.156
116.037 408 0.094
116.1 425 0.093
116.162 556 0.094
116.225 334 0.156
116.225 121 0.093
116.287 13 0.156
116.35 668 0.156
116.412 414 0.188
116.475 864 0.125
116.537 782 0.156
116.6 861 0.093
116.693 413 0.094
116.787 52 0
116.881 265 0
116.975 883 0.125
116.975 653 0.125
116.975 122 0.062
117.037 806 0.156
117.1 813 0.156
117.162 327 0.094
117.225 116 0.125
117.287 163 0.063
117.35 749 0
117.396 482 0
117.443 48 0
117.49 719 0
117.537 93 0.094
117.631 303 0.094
117.725 204 0.093
117.725 825 0.187
117.725 731 0.093
117.912 26 0.094
118.006 27 0.094
118.1 538 0.187
118.287 148 0.094
118.381 854 0.094
118.475 126 0.062
118.475 802 0.093
118.475 714 0.156
118.537 777 0.156
118.6 427 0.156
118.662 448 0.094
118.725 415 0.125
118.787 838 0.063
118.85 513 0.125
118.975 572 0
119.1 21 0
119.225 569 0.156
119.225 366 0.125
119.225 343 0.062
119.287 410 0.219
119.35 188 0.093
119.412 748 0.188
119.475 324 0.218
119.537 333 0.344
119.6 448 0.281
119.693 219 0.094
119.787 798 0.094
119.881 359 0.094
119.975 137 0.062
119.975 832 0.093
119.975 722 0.156
120.037 560 0.219
120.1 116 0.093
120.162 418 0.219
120.225 727 0.093
120.287 873 0.156
120.35 587 0.156
120.412 424 0.156
120.475 605 0.156
120.537 121 0.094
120.6 365 0.093
120.662 645 0.094
120.725 605 0.156
120.725 376 0.093
120.787 695 0.156
120.85 324 0.156
120.912 242 0.188
120.975 50 0.125
121.037 26 0.156
121.1 513 0.093
121.193 83 0.094
121.287 102 0
121.381 463 0
121.475 582 0.062
121.475 169 0.093
121.475 327 0.156
121.537 678 0.219
121.6 194 0.093
121.662 648 0.219
121.725 710 0.093
121.787 628 0.156
121.85 86 0.156
121.912 280 0.156
121.975 9 0.156
122.037 313 0.094
122.1 360 0.093
122.162 185 0.094
122.225 695 0.156
122.225 580 0.093
122.287 688 0.156
122.35 169 0.156
122.412 271 0.188
122.475 700 0.125
122.537 186 0.156
122.6 361 0.093
122.693 301 0.094
122.787 98 0
122.881 502 0
122.975 157 0.125
122.975 573 0.125
122.975 573 0.062
123.037 645 0.156
123.1 728 0.156
123.162 280 0.094
123.225 309 0.125
123.287 337 0.063
123.35 595 0.093
123.537 840 0.125
123.537 425 0.125
123.537 647 0.063
123.6 752 0.156
123.662 235 0.156
123.725 854 0.093
123.787 284 0.125
123.85 286 0.062
123.912 103 0
123.959 494 0
124.006 253 0
124.053 167 0
124.1 758 0
124.1 586 0
124.193 707 0
124.287 608 0
124.475 203 0.062
124.475 456 0.125
124.475 307 0.125
124.537 540 0.156
124.6 647 0.156
124.662 284 0.094
124.725 861 0.125
124.787 754 0.063
124.85 641 0.093
124.943 28 0.094
125.037 577 0.094
125.037 655 0.156
125.037 237 0.063
125.1 265 0.218
125.162 150 0.094
125.225 428 0.218
125.287 480 0.094
125.35 123 0.25
125.412 90 0.125
125.475 121 0.062
125.537 266 0.063
125.6 671 0
125.6 36 0
125.975 24 0.062
125.975 52 0.093
125.975 711 0.156
126.037 435 0.219
126.1 21 0.093
126.162 402 0.219
126.225 713 0.093
126.287 204 0.156
126.35 817 0.156
126.412 138 0.156
126.475 96 0.156
126.537 355 0.094
126.6 721 0.093
126.662 635 0.094
126.725 45 0.156
126.725 470 0.093
126.787 479 0.156
126.85 168 0.156
126.912 580 0.188
126.975 889 0.125
127.037 178 0.156
127.1 887 0.093
127.193 757 0.094
127.287 795 0.094
127.381 373 0.094
127.475 58 0.062
127.475 887 0.093
127.475 720 0.156
127.537 595 0.219
127.6 638 0.093
127.662 372 0.219
127.725 246 0.093
127.787 244 0.156
127.85 582 0.156
127.912 784 0.156
127.975 399 0.156
128.037 289 0.094
128.1 491 0.093
128.162 895 0.094
128.225 251 0.156
128.225 636 0.093
128.287 799 0.156
128.35 348 0.156
128.412 614 0.188
128.475 355 0.125
128.537 344 0.156
128.6 508 0.093
128.693 126 0.094
128.787 373 0
128.881 310 0
128.975 239 0.125
128.975 429 0.125
128.975 601 0.062
129.037 94 0.156
129.1 7 0.156
129.162 708 0.094
129.225 653 0.125
129.287 477 0.063
129.35 620 0.093
129.443 185 0.094
129.537 785 0.094
129.631 843 0.094
129.725 392 0.093
129.725 781 0.187
129.725 744 0.093
129.912 793 0
129.975 629 0
130.037 709 0
130.1 18 0
130.1 200 0.187
130.287 283 0.094
130.381 190 0.094
130.475 550 0.062
130.475 338 0.093
130.475 620 0.156
130.537 573 0.156
130.6 360 0.156
130.662 440 0.094
130.725 808 0.125
130.787 522 0.063
130.85 893 0.125
130.975 628 0
131.1 518 0
131.225 743 0.156
131.225 747 0.125
131.225 518 0.062
131.287 495 0.219
131.35 621 0.093
131.412 162 0.188
131.475 14 0.218
131.537 798 0.344
131.6 269 0.281
131.693 663 0.094
131.787 740 0.094
131.881 840 0.094
131.975 228 0.062
131.975 390 0.093
131.975 127 0.156
132.037 632 0.219
132.1 729 0.093
132.162 694 0.219
132.225 493 0.093
132.287 388 0.156
132.35 130 0.156
132.412 207 0.156
132.475 354 0.156
132.537 765 0.094
132.6 129 0.093
132.662 657 0.094
132.725 152 0.156
132.725 330 0.093
132.787 899 0.156
132.85 630 0.156
132.912 125 0.188
132.975 263 0.125
133.037 629 0.156
133.1 775 0.093
133.193 319 0.094
133.287 152 0
133.381 39 0
133.475 755 0.062
133.475 38 0.093
133.475 304 0.156
133.537 224 0.219
133.6 97 0.093
133.662 71 0.219
133.725 577 0.093
133.787 426 0.156
133.85 106 0.156
133.912 842 0.156
133.975 700 0.156
134.037 430 0.094
134.1 538 0.093
134.162 849 0.094
134.225 225 0.156
134.225 508 0.093
134.287 480 0.156
134.35 303 0.156
134.412 219 0.188
134.475 774 0.125
134.537 530 0.156
134.6 284 0.093
134.662 9 0.094
134.725 345 0.093
134.787 276 0.125
134.85 686 0.062
134.912 524 0.063
134.975 21 0.125
134.975 816 0.125
134.975 337 0.062
135.037 441 0.156
135.1 10 0.156
135.162 311 0.094
135.225 421 0.125
135.287 641 0.063
135.35 257 0
135.35 518 0.093
135.631 523 0.094
135.631 73 0
135.912 582 0.188
135.912 481 0
136.1 873 0
136.1 6 0
136.193 513 0
136.287 682 0
136.381 683 0
136.475 718 0.062
136.475 66 0.125
136.475 140 0.125
136.537 452 0.156
136.6 531 0.156
136.662 318 0.094
136.725 530 0.125
136.787 688 0.063
136.85 168 0.093
136.85 392 0
137.131 692 0.094
137.131 128 0
137.412 164 0.188
137.412 340 0
137.6 564 0
137.6 699 0
137.693 631 0
137.787 309 0
137.881 732 0
137.975 696 0
137.975 736 0
137.975 735 0
138.162 404 0
138.35 147 0
138.537 516 0
138.725 499 0
138.912 723 0
139.1 576 0
139.287 703 0
139.475 206 0
139.662 211 0
139.85 732 0
140.037 427 0
140.131 473 0
140.225 469 0
140.318 349 0
140.412 206 0
140.6 113 0
140.787 819 0
140.975 828 0
141.162 571 0
141.35 416 0
141.537 403 0
141.725 301 0
141.912 230 0
142.1 395 0
142.287 327 0
142.475 881 0
142.662 121 0
142.85 446 0
143.037 863 0
143.131 124 0
143.225 503 0
143.318 63 0
143.412 466 0
143.6 730 0
143.787 312 0
143.975 885 0.046
143.975 263 0.093
144.162 383 0
144.35 200 0
144.537 152 0
144.725 330 0
144.912 220 0
145.1 414 0
145.287 54 0
145.475 527 0
145.662 871 0
145.85 420 0
146.037 313 0
146.131 213 0
146.225 441 0
146.318 333 0
146.412 513 0
146.6 36 0
146.787 448 0
146.975 399 0
147.162 71 0
147.35 264 0
147.537 464 0
147.725 17 0
147.912 47 0
148.1 643 0
148.287 731 0
148.475 295 0
148.662 656 0
148.85 830 0
149.037 678 0
149.131 670 0
149.225 836 0
149.318 509 0
149.412 261 0
149.6 82 0
149.787 834 0
149.975 895 0.093
149.975 284 0.046
150.162 88 0
150.35 720 0
150.537 133 0
150.725 216 0
150.912 225 0
151.1 667 0
151.287 398 0
151.475 620 0
151.662 432 0
151.85 262 0
152.037 680 0
152.131 530 0
152.225 126 0
152.318 852 0
152.412 279 0
152.6 487 0
152.787 245 0
152.975 448 0
153.162 34 0
153.35 584 0
153.537 757 0
153.725 687 0
153.912 727 0
154.1 306 0
154.287 78 0
154.475 190 0
154.662 168 0
154.85 491 0
155.037 545 0
155.131 262 0
155.225 454 0
155.318 471 0
155.412 39 0
155.6 235 0
155.787 6 0
155.975 351 0.046
155.975 198 0.093
156.162 37 0
156.35 560 0
156.537 747 0
156.725 444 0
156.912 210 0
157.1 694 0
157.287 140 0
157.475 886 0
157.662 397 0
157.85 260 0
158.037 581 0
158.131 508 0
158.225 19 0
158.318 834 0
158.412 435 0
158.6 119 0
158.787 849 0
158.975 420 0
159.162 309 0
159.35 820 0
159.537 567 0
159.725 811 0
159.912 127 0
160.1 232 0
160.287 255 0
160.475 766 0
160.662 65 0
160.85 773 0
161.037 70 0
161.131 383 0
161.225 169 0
161.318 868 0
161.412 574 0
161.6 800 0
161.693 896 0
161.787 778 0
161.881 244 0
161.975 491 0.046
161.975 477 0
161.975 381 0
162.537 711 0.047
163.1 475 0.046
163.475 625 0.046
164.037 815 0.047
164.6 506 0.046
164.975 900 0.046
167.975 411 0.046
168.537 432 0.047
169.1 227 0.046
169.475 47 0.046
170.037 699 0.047
170.6 732 0.046
170.975 443 0.046
171.537 398 0.047
172.1 230 0.046
172.662 466 0.047
173.975 511 0
173.975 394 0
173.975 567 0.046
174.537 587 0.047
175.1 174 0.046
175.475 163 0.046
176.037 347 0.047
176.6 564 0.046
176.975 453 0
176.975 163 0.046
177.35 487 0
177.725 366 0
178.1 21 0
178.475 44 0
178.85 640 0
179.225 622 0
179.6 691 0
179.975 17 0
179.975 677 0.046
180.35 224 0
180.537 256 0.047
180.725 98 0
181.1 328 0.046
181.475 73 0.046
181.85 841 0
182.037 899 0.047
182.225 754 0
182.6 423 0
182.975 497 0
182.975 355 0.046
183.35 589 0
183.537 469 0.047
183.725 5 0
184.1 679 0
184.475 353 0
184.475 412 0
184.475 751 0
184.662 640 0
184.756 714 0
184.85 871 0
184.943 456 0
185.037 189 0
185.131 78 0
185.225 336 0
185.318 15 0
185.412 316 0
185.506 92 0
185.6 182 0
185.6 583 0
185.693 832 0
185.787 414 0
185.881 264 0
185.975 774 0.093
185.975 637 0
186.256 613 0.094
186.256 775 0
186.537 625 0.094
186.537 427 0
186.725 332 0.093
186.725 463 0
187.006 866 0.094
187.006 750 0
187.287 645 0.094
187.287 133 0
187.475 436 0.093
187.475 887 0
187.756 15 0.094
187.756 463 0
188.037 815 0.094
188.037 659 0
188.225 212 0.093
188.225 700 0
188.506 843 0.094
188.506 432 0
188.787 392 0.094
188.787 136 0
188.975 193 0.093
188.975 843 0
189.256 284 0.094
189.256 492 0
189.443 51 0.094
189.537 286 0.094
189.537 536 0
189.631 595 0.094
189.725 320 0
189.725 420 0.093
190.006 827 0
190.006 456 0.094
190.193 680 0.094
190.287 836 0
190.287 579 0.094
190.381 442 0.094
190.475 227 0.093
190.475 740 0
190.756 638 0.094
190.756 1 0
191.037 865 0.094
191.037 245 0
191.131 384 0.094
191.225 98 0
191.225 278 0.093
191.318 335 0.094
191.506 100 0.094
191.6 0 0.093
191.6 70 0
191.693 718 0.094
191.787 616 0.094
191.881 8 0.094
191.975 673 0.093
191.975 377 0
192.068 512 0
192.068 349 0.094
192.162 687 0
192.162 428 0.094
192.256 354 0.094
192.256 900 0
192.35 256 0
192.35 856 0.093
192.443 280 0
192.443 215 0.094
192.537 154 0.094
192.537 296 0
192.631 488 0.094
192.631 502 0
192.725 464 0
192.725 445 0.093
192.818 177 0.094
192.818 343 0
192.912 671 0.094
192.912 781 0
193.006 434 0.094
193.006 690 0
193.1 898 0
193.1 391 0.093
193.193 708 0
193.193 470 0.094
193.287 460 0.094
193.287 333 0
193.381 786 0
193.381 392 0.094
193.475 0 0.093
193.475 527 0
193.568 552 0
193.568 393 0.094
193.662 557 0
193.662 328 0.094
193.756 299 0
193.756 364 0.094
193.85 317 0.093
193.85 302 0
193.943 81 0.094
193.943 221 0
194.037 681 0
194.037 16 0.094
194.131 820 0.094
194.131 574 0
194.225 604 0
194.225 302 0.093
194.318 148 0.094
194.318 884 0
194.412 710 0.094
194.412 231 0
194.506 357 0.094
194.506 707 0
194.6 221 0
194.6 855 0.093
194.693 581 0
194.693 220 0.094
194.787 711 0.094
194.787 429 0
194.881 734 0
194.881 247 0.094
194.975 212 0.093
195.021 724 0.141
195.068 642 0.071
195.115 673 0.094
195.162 379 0.094
195.209 832 0.141
195.256 459 0.07
195.303 281 0.093
195.35 526 0.093
195.396 618 0.094
195.443 704 0.094
195.49 327 0.141
195.537 164 0.07
195.584 92 0.094
195.631 76 0.094
195.678 631 0.14
195.725 14 0.07
195.771 814 0.094
195.818 884 0.094
195.865 589 0.094
195.912 621 0.117
195.959 434 0.07
196.006 727 0.094
196.053 619 0.047
196.1 9 0
196.193 437 0
196.287 601 0
196.381 211 0
196.475 459 0
196.475 103 0
196.662 262 0.188
196.756 203 0.094
196.85 763 0.093
196.943 102 0.094
197.037 303 0.188
197.131 792 0.094
197.225 428 0
197.318 94 0
197.412 1 0.094
197.412 769 0
197.506 414 0
197.506 671 0
197.6 808 0
197.6 594 0
197.6 512 0
197.693 10 0
197.787 351 0
197.787 238 0
197.787 716 0
197.881 69 0
197.975 330 0.093
197.975 579 0.375
197.975 582 0.187
198.162 597 0
198.256 569 0
198.35 211 0.187
198.35 497 0
198.443 691 0.094
198.537 478 0
198.631 277 0.094
198.725 611 0
198.725 451 0
198.818 520 0.188
198.912 515 0.094
199.006 37 0
199.1 423 0.093
199.1 838 0
199.193 876 0.094
199.287 479 0.094
199.381 232 0.094
199.475 73 0.375
199.475 474 0.187
199.475 686 0.093
199.662 763 0
199.756 283 0
199.85 772 0.187
199.85 713 0
199.943 773 0.094
200.037 591 0
200.131 257 0.094
200.225 371 0
200.225 719 0
200.318 506 0.188
200.412 357 0.094
200.506 626 0
200.6 764 0.093
200.6 106 0
200.693 2 0.094
200.787 404 0.094
200.881 220 0
200.975 170 0.375
200.975 313 0.093
200.975 694 0.187
201.068 815 0
201.162 79 0
201.256 669 0
201.35 786 0.187
201.35 60 0
201.537 538 0
201.631 256 0.094
201.725 599 0
201.725 428 0
201.818 201 0.188
201.912 229 0
202.006 873 0.094
202.1 306 0
202.1 415 0
202.193 749 0.094
202.287 344 0.094
202.381 66 0
202.475 101 0.375
202.475 296 0.187
202.475 370 0.093
202.568 828 0
202.662 614 0
202.756 416 0
202.756 685 0
202.85 714 0
202.943 739 0
203.037 575 0
203.131 346 0.094
203.131 775 0
203.225 147 0
203.225 487 0
203.318 712 0.188
203.412 75 0
203.506 373 0
203.506 384 0
203.6 707 0.187
203.693 397 0.094
203.787 614 0.094
203.881 461 0
203.975 478 0.093
203.975 473 0.375
203.975 776 0.187
204.162 174 0
204.256 515 0
204.35 605 0.187
204.35 883 0
204.443 597 0.094
204.537 698 0
204.631 270 0.094
204.725 485 0
204.725 107 0
204.818 659 0.188
204.912 368 0.094
205.006 79 0
205.1 399 0.093
205.1 488 0
205.193 458 0.094
205.287 10 0.094
205.381 353 0.094
205.475 502 0.375
205.475 584 0.187
205.475 654 0.093
205.662 76 0
205.756 725 0
205.85 791 0.187
205.85 567 0
205.943 182 0.094
206.037 111 0
206.131 71 0.094
206.225 784 0
206.225 385 0
206.318 575 0.188
206.412 777 0.094
206.506 202 0
206.6 436 0.093
206.6 93 0
206.662 72 0.094
206.725 295 0.093
206.787 752 0.094
206.881 752 0
206.975 761 0.375
206.975 521 0.093
206.975 462 0.187
207.068 883 0
207.162 613 0
207.256 219 0
207.35 205 0.187
207.35 421 0
207.537 253 0
207.631 331 0.094
207.725 38 0
207.725 397 0
207.818 89 0.188
207.912 780 0
208.006 487 0.094
208.1 688 0
208.1 439 0
208.193 81 0.094
208.287 614 0.094
208.381 675 0
208.475 710 0.375
208.475 874 0.187
208.475 860 0.093
208.568 516 0
208.662 385 0
208.756 164 0
208.85 108 0
208.85 716 0
208.943 617 0.188
209.037 849 0.094
209.131 654 0
209.225 289 0.093
209.225 532 0
209.318 12 0.094
209.412 612 0
209.412 431 0.094
209.506 191 0
209.506 638 0
209.6 450 0.093
209.693 309 0.094
209.787 361 0.094
209.881 830 0
209.881 829 0
209.975 68 0.093
209.975 809 0.375
209.975 21 0.187
210.162 520 0
210.256 693 0
210.35 181 0.187
210.35 456 0
210.443 158 0.094
210.537 174 0
210.631 851 0.094
210.725 565 0
210.725 700 0
210.818 844 0.188
210.912 249 0.094
211.006 657 0
211.1 150 0.093
211.1 495 0
211.193 607 0.094
211.287 806 0.094
211.381 588 0.094
211.475 815 0.375
211.475 873 0.187
211.475 548 0.093
211.662 79 0
211.756 836 0
211.85 739 0.187
211.85 702 0
211.943 439 0.094
212.037 851 0
212.131 838 0.094
212.225 61 0
212.225 714 0
212.318 868 0.188
212.412 308 0.094
212.506 450 0
212.6 632 0.093
212.6 349 0
212.693 126 0.094
212.787 474 0.094
212.881 391 0
212.975 55 0.375
212.975 272 0.093
212.975 485 0.187
213.068 444 0
213.162 561 0
213.256 120 0
213.35 211 0.187
213.35 566 0
213.537 683 0
213.631 251 0.094
213.725 272 0
213.725 377 0
213.818 867 0.188
213.912 667 0
214.006 379 0.094
214.1 762 0
214.1 576 0
214.193 756 0.094
214.287 593 0.094
214.381 431 0
214.475 808 0.375
214.475 275 0.187
214.475 651 0.093
214.568 777 0
214.662 296 0
214.756 680 0
214.756 635 0
214.85 512 0
214.943 734 0
215.037 680 0
215.131 349 0.094
215.131 798 0
215.225 512 0
215.225 121 0
215.318 635 0.188
215.412 269 0
215.506 441 0
215.506 710 0
215.6 748 0
215.693 712 0.094
215.787 87 0.094
215.881 125 0
215.975 80 0.093
215.975 778 0.375
215.975 803 0.187
216.162 360 0
216.256 67 0
216.35 303 0.187
216.35 464 0
216.443 700 0.094
216.537 603 0
216.631 232 0.094
216.725 162 0
216.725 541 0
216.818 384 0.188
216.912 139 0.094
217.006 103 0
217.1 289 0.093
217.1 157 0
217.193 333 0.094
217.287 190 0.094
217.381 221 0.094
217.475 696 0.375
217.475 648 0.187
217.475 67 0.093
217.662 822 0
217.756 428 0
217.85 335 0.187
217.85 708 0
217.943 113 0.094
218.037 138 0
218.131 447 0.094
218.225 451 0
218.225 124 0
218.318 591 0.188
218.412 551 0.094
218.506 95 0
218.6 562 0.093
218.6 512 0
218.693 787 0.094
218.787 390 0.094
218.881 164 0
218.975 15 0.375
218.975 707 0.093
218.975 246 0.187
219.068 763 0
219.162 245 0
219.256 450 0
219.35 352 0.187
219.35 192 0
219.537 652 0
219.631 11 0.094
219.725 394 0
219.725 248 0
219.818 336 0.188
219.912 609 0
220.006 481 0.094
220.1 91 0
220.1 857 0
220.193 676 0.094
220.287 671 0.094
220.381 368 0
220.475 779 0.375
220.475 427 0.187
220.475 22 0.093
220.568 310 0
220.662 598 0
220.756 375 0
220.85 370 0
220.85 669 0
220.943 70 0.188
221.037 122 0.094
221.131 144 0
221.225 846 0.093
221.225 155 0
221.318 422 0.094
221.412 81 0
221.412 231 0.094
221.506 658 0
221.506 868 0
221.6 897 0.093
221.693 14 0.094
221.787 666 0.094
221.881 864 0
221.881 377 0
221.975 490 0.187
221.975 896 0.187
222.256 643 0
222.256 116 0
222.35 490 0.093
222.35 43 0.281
222.35 116 0.187
222.443 86 0
222.537 47 0
222.631 170 0
222.725 774 0.187
222.725 298 0
222.818 117 0
222.912 281 0.188
223.006 101 0
223.1 746 0.187
223.1 815 0
223.193 449 0.094
223.287 396 0.094
223.381 386 0.094
223.475 429 0
223.475 445 0.093
223.568 217 0
223.662 694 0
223.756 133 0
223.85 726 0
223.85 892 0
223.943 775 0
224.037 469 0.094
224.131 645 0
224.225 337 0
224.225 223 0
224.318 718 0
224.412 524 0
224.506 693 0
224.6 157 0.093
224.6 51 0
224.693 476 0.094
224.787 843 0.094
224.881 53 0.094
224.975 238 0.093
224.975 834 0.281
224.975 144 0.187
225.068 813 0
225.162 678 0
225.256 253 0
225.35 483 0
225.35 451 0
225.443 493 0.094
225.537 890 0
225.631 605 0.094
225.725 806 0
225.725 629 0
225.818 329 0.188
225.912 269 0.094
226.006 839 0
226.1 606 0
226.1 771 0
226.193 272 0.094
226.287 505 0.094
226.381 612 0
226.475 518 0.281
226.475 463 0.187
226.475 859 0.093
226.568 733 0
226.662 19 0
226.756 715 0
226.756 236 0
226.85 154 0.187
226.943 633 0.094
227.037 447 0.094
227.131 678 0.094
227.225 822 0.187
227.225 628 0
227.318 821 0
227.412 279 0
227.506 119 0
227.506 743 0.187
227.6 117 0
227.693 116 0.094
227.787 252 0.094
227.881 817 0
227.881 821 0
227.975 612 0.281
227.975 592 0.187
227.975 242 0.093
228.068 572 0
228.162 0 0
228.256 125 0
228.35 93 0
228.35 888 0
228.443 570 0
228.537 335 0
228.631 587 0
228.725 431 0.187
228.725 298 0
228.818 348 0
228.912 483 0.188
229.006 94 0
229.1 554 0.187
229.1 821 0
229.193 233 0.094
229.287 720 0.094
229.381 50 0.094
229.475 32 0
229.475 536 0.093
229.568 875 0
229.662 502 0
229.756 783 0
229.85 277 0
229.85 501 0
229.943 763 0
230.037 275 0.094
230.131 269 0
230.225 124 0
230.225 525 0
230.318 51 0
230.412 713 0
230.506 61 0
230.6 517 0.093
230.6 225 0
230.662 678 0.094
230.725 188 0.093
230.787 704 0.094
230.881 378 0
230.975 176 0.093
230.975 178 0.281
230.975 11 0.187
231.068 136 0
231.162 205 0
231.256 450 0
231.35 406 0
231.35 686 0
231.443 77 0.094
231.537 528 0
231.631 874 0.094
231.725 718 0
231.725 806 0
231.818 603 0.188
231.912 557 0.094
232.006 170 0
232.1 468 0
232.1 288 0
232.193 256 0.094
232.287 464 0.094
232.381 807 0
232.475 313 0.281
232.475 538 0.187
232.475 444 0.093
232.568 169 0
232.662 150 0
232.756 601 0
232.85 308 0
232.85 790 0.187
232.943 477 0.094
233.037 393 0.094
233.131 20 0.094
233.225 858 0.187
233.225 214 0
233.318 862 0
233.412 217 0
233.412 543 0
233.506 330 0.094
233.6 655 0.093
233.693 637 0.094
233.693 303 0
233.787 574 0.094
233.881 260 0
233.881 123 0
233.975 533 0.187
233.975 620 0.093
233.975 37 0.281
234.068 56 0
234.162 848 0
234.256 190 0
234.35 62 0
234.35 310 0
234.443 427 0
234.537 57 0
234.631 203 0
234.725 625 0.187
234.725 92 0
234.818 178 0
234.912 365 0.188
235.006 151 0
235.1 212 0.187
235.1 489 0
235.193 193 0.094
235.287 671 0.094
235.381 204 0.094
235.475 796 0
235.475 331 0.093
235.568 787 0
235.662 786 0
235.756 199 0
235.85 422 0
235.85 309 0
235.943 737 0
236.037 451 0.094
236.131 883 0
236.225 573 0
236.225 291 0
236.318 452 0
236.412 459 0
236.506 214 0
236.6 474 0.093
236.6 330 0
236.693 590 0.094
236.787 40 0.094
236.881 772 0.094
236.975 214 0.093
236.975 575 0.281
236.975 265 0.187
237.068 856 0
237.162 876 0
237.256 626 0
237.35 169 0
237.35 411 0
237.443 407 0.094
237.537 194 0
237.631 203 0.094
237.725 630 0
237.725 185 0
237.818 820 0.188
237.912 287 0.094
238.006 56 0
238.1 698 0
238.1 209 0
238.193 774 0.094
238.287 453 0.094
238.381 315 0
238.475 345 0.281
238.475 85 0.187
238.475 316 0.093
238.568 54 0
238.662 43 0
238.756 22 0
238.756 519 0
238.85 236 0.187
238.943 456 0.094
239.037 319 0.094
239.131 575 0.094
239.225 570 0.187
239.225 427 0
239.318 286 0
239.412 482 0
239.506 792 0
239.506 144 0.187
239.6 599 0
239.693 616 0.094
239.787 673 0.094
239.881 88 0
239.881 300 0
239.975 330 0.281
239.975 448 0.187
239.975 78 0.093
240.068 378 0
240.162 442 0
240.256 6 0
240.35 564 0
240.35 320 0
240.443 366 0
240.537 100 0.094
240.631 863 0
240.725 715 0
240.725 591 0
240.818 325 0
240.912 306 0
241.006 686 0
241.1 601 0.093
241.1 463 0
241.193 50 0
241.287 657 0
241.381 314 0
241.475 414 0.093
241.475 539 0
241.568 395 0
241.662 212 0
241.756 27 0
241.85 790 0
241.85 375 0
241.943 66 0
242.037 870 0.094
242.131 400 0
242.225 739 0
242.225 464 0
242.318 718 0
242.412 450 0
242.506 671 0
242.6 116 0.093
242.6 560 0
242.693 293 0
242.787 813 0
242.881 357 0
242.975 750 0.093
242.975 216 0
243.068 43 0.094
243.068 116 0
243.162 120 0
243.162 293 0.094
243.256 216 0.094
243.256 332 0
243.35 27 0.093
243.35 720 0
243.443 377 0.094
243.443 820 0
243.537 286 0
243.537 631 0.094
243.631 9 0
243.631 802 0.094
243.725 162 0.093
243.725 288 0
243.818 507 0.094
243.818 195 0
243.912 664 0.094
243.912 150 0
244.006 630 0.094
244.006 365 0
244.1 80 0.093
244.146 803 0.094
244.193 74 0.094
244.24 208 0.094
244.287 318 0.117
244.334 355 0.07
244.381 401 0.094
244.428 888 0.047
244.475 630 0
244.475 751 0
244.662 73 0.188
244.756 388 0.094
244.85 823 0.093
244.943 747 0.094
245.037 820 0.188
245.131 157 0.094
245.225 610 0
245.318 740 0
245.412 673 0.094
245.412 710 0
245.506 668 0
245.506 18 0
245.6 454 0
245.6 63 0
245.6 342 0
245.787 340 0
245.787 304 0
245.787 673 0
245.881 656 0
245.975 71 0
245.975 579 0
245.975 93 0
